#!ascii label  , from subject sub-s014 vox2ras=TkReg
400
133229  -44.528  -53.833  -28.334 0.0000000000
24760  -38.241  -49.113  -33.683 0.0000000000
20585  -40.251  -52.253  -25.707 0.0000000000
23743  -42.369  -50.485  -31.245 0.0000000000
23710  -35.816  -49.235  -28.153 0.0000000000
18702  -45.110  -54.653  -23.255 0.0000000000
23643  -41.577  -49.698  -21.903 0.0000000000
23593  -39.512  -49.586  -18.812 0.0000000000
22600  -36.854  -50.995  -24.199 0.0000000000
22619  -38.089  -50.970  -26.983 0.0000000000
23669  -34.962  -49.922  -25.502 0.0000000000
21551  -43.790  -51.317  -21.936 0.0000000000
116321  -42.587  -51.830  -21.245 0.0000000000
24544  -40.110  -48.711  -16.887 0.0000000000
25557  -40.009  -47.920  -19.304 0.0000000000
20667  -41.012  -52.604  -30.609 0.0000000000
23766  -40.019  -49.645  -32.707 0.0000000000
124847  -41.618  -52.281  -33.264 0.0000000000
22730  -40.550  -50.669  -35.352 0.0000000000
135518  -43.171  -52.517  -26.923 0.0000000000
21648  -44.493  -52.069  -30.018 0.0000000000
23727  -39.357  -49.884  -29.761 0.0000000000
24728  -37.359  -48.961  -31.165 0.0000000000
19621  -43.430  -53.225  -24.628 0.0000000000
21562  -40.675  -51.684  -23.560 0.0000000000
23639  -37.509  -49.887  -22.259 0.0000000000
21526  -39.044  -51.663  -21.026 0.0000000000
134306  -41.445  -49.276  -19.883 0.0000000000
116170  -39.194  -48.267  -20.310 0.0000000000
25569  -35.382  -47.864  -19.892 0.0000000000
19714  -41.862  -52.818  -31.855 0.0000000000
125502  -34.474  -44.969  -32.698 0.0000000000
25737  -36.293  -47.487  -34.455 0.0000000000
24805  -36.935  -48.350  -37.787 0.0000000000
23654  -35.196  -49.829  -23.344 0.0000000000
123648  -35.340  -50.226  -24.736 0.0000000000
19694  -42.690  -53.213  -29.567 0.0000000000
23765  -39.064  -49.436  -33.221 0.0000000000
23793  -41.036  -49.994  -34.212 0.0000000000
23779  -39.909  -49.422  -34.481 0.0000000000
23822  -39.749  -50.245  -36.455 0.0000000000
24774  -38.562  -49.059  -34.936 0.0000000000
20597  -41.236  -52.465  -26.017 0.0000000000
21613  -40.783  -51.485  -27.479 0.0000000000
23699  -36.928  -49.972  -27.933 0.0000000000
22649  -38.877  -50.327  -28.544 0.0000000000
128337  -37.731  -49.552  -29.175 0.0000000000
23739  -38.814  -49.546  -30.437 0.0000000000
24705  -36.738  -48.879  -29.786 0.0000000000
19636  -44.660  -53.848  -25.695 0.0000000000
19623  -45.006  -53.893  -23.865 0.0000000000
21549  -42.749  -50.552  -22.278 0.0000000000
21563  -41.871  -51.294  -23.008 0.0000000000
22573  -40.878  -50.277  -22.489 0.0000000000
22571  -38.932  -50.442  -22.642 0.0000000000
23641  -39.594  -49.709  -22.060 0.0000000000
22546  -39.857  -50.474  -19.995 0.0000000000
119339  -40.852  -50.273  -19.941 0.0000000000
22542  -41.047  -49.538  -19.594 0.0000000000
119946  -39.007  -47.270  -18.556 0.0000000000
130951  -39.450  -47.957  -19.752 0.0000000000
25555  -38.086  -47.567  -19.335 0.0000000000
24595  -37.069  -48.473  -20.505 0.0000000000
22678  -43.540  -51.402  -30.862 0.0000000000
20669  -43.356  -52.240  -31.151 0.0000000000
20679  -42.970  -51.971  -31.572 0.0000000000
19739  -40.658  -53.777  -33.683 0.0000000000
29556  -35.160  -43.177  -32.881 0.0000000000
26644  -35.651  -46.915  -33.999 0.0000000000
132464  -36.216  -47.026  -36.578 0.0000000000
21581  -38.241  -51.668  -24.717 0.0000000000
21598  -38.526  -51.451  -26.283 0.0000000000
22609  -37.074  -50.990  -26.032 0.0000000000
22617  -36.373  -50.538  -26.381 0.0000000000
23697  -35.562  -49.569  -27.366 0.0000000000
19600  -44.964  -53.836  -22.949 0.0000000000
126247  -43.233  -51.437  -21.357 0.0000000000
23623  -42.655  -50.001  -21.142 0.0000000000
23586  -40.064  -49.067  -18.235 0.0000000000
23587  -40.287  -48.523  -18.616 0.0000000000
24580  -40.099  -48.102  -17.609 0.0000000000
136519  -39.391  -47.074  -17.416 0.0000000000
26440  -38.106  -46.313  -17.396 0.0000000000
23756  -41.669  -50.229  -31.688 0.0000000000
22697  -42.290  -50.841  -32.242 0.0000000000
22706  -41.704  -50.659  -33.046 0.0000000000
21710  -40.947  -51.172  -34.709 0.0000000000
20742  -39.710  -52.598  -35.469 0.0000000000
21708  -39.530  -52.132  -36.126 0.0000000000
21726  -38.539  -52.098  -37.250 0.0000000000
21744  -38.312  -51.813  -37.953 0.0000000000
20615  -45.090  -52.956  -28.229 0.0000000000
19696  -44.709  -53.020  -29.356 0.0000000000
21633  -43.266  -51.434  -28.825 0.0000000000
22667  -41.888  -50.485  -29.790 0.0000000000
22633  -39.359  -50.781  -27.860 0.0000000000
22651  -40.579  -50.617  -28.794 0.0000000000
23729  -41.261  -50.214  -30.306 0.0000000000
23740  -39.725  -49.770  -30.607 0.0000000000
23753  -38.964  -49.505  -32.082 0.0000000000
24729  -37.917  -49.188  -32.037 0.0000000000
19653  -44.841  -53.707  -26.774 0.0000000000
20588  -43.408  -52.923  -26.262 0.0000000000
20586  -40.986  -52.639  -25.089 0.0000000000
20561  -43.451  -52.118  -23.161 0.0000000000
20559  -41.411  -52.085  -23.731 0.0000000000
21583  -40.030  -52.130  -24.203 0.0000000000
21560  -38.775  -51.575  -23.875 0.0000000000
22569  -36.938  -50.395  -22.963 0.0000000000
23616  -35.960  -49.346  -21.839 0.0000000000
21540  -40.848  -51.639  -21.088 0.0000000000
21529  -42.185  -50.584  -20.596 0.0000000000
24614  -41.584  -49.177  -20.531 0.0000000000
24585  -40.885  -48.759  -19.464 0.0000000000
134314  -40.581  -48.497  -20.253 0.0000000000
23620  -40.289  -49.109  -21.392 0.0000000000
23618  -38.112  -49.321  -21.592 0.0000000000
24609  -36.483  -48.926  -21.147 0.0000000000
20655  -43.406  -52.864  -30.268 0.0000000000
20668  -42.091  -52.682  -31.113 0.0000000000
20704  -41.823  -52.615  -32.679 0.0000000000
18818  -40.527  -54.830  -32.642 0.0000000000
24704  -35.828  -48.329  -29.933 0.0000000000
24727  -36.469  -48.488  -31.504 0.0000000000
24758  -36.769  -48.358  -33.040 0.0000000000
25726  -36.161  -47.670  -33.570 0.0000000000
24773  -37.764  -48.761  -34.384 0.0000000000
24788  -38.042  -49.047  -35.712 0.0000000000
24807  -38.098  -49.554  -37.818 0.0000000000
23636  -34.714  -49.351  -22.804 0.0000000000
23653  -34.486  -49.421  -23.591 0.0000000000
19683  -42.036  -53.467  -28.727 0.0000000000
19684  -43.251  -53.713  -28.929 0.0000000000
24761  -39.077  -49.274  -34.242 0.0000000000
24775  -39.378  -49.252  -34.964 0.0000000000
136811  -38.420  -49.095  -34.359 0.0000000000
21600  -41.457  -51.997  -26.929 0.0000000000
124216  -40.485  -51.853  -26.607 0.0000000000
23712  -37.480  -49.803  -28.494 0.0000000000
23711  -36.606  -49.486  -28.414 0.0000000000
23724  -37.051  -49.279  -29.103 0.0000000000
24693  -36.139  -48.842  -29.007 0.0000000000
16824  -44.475  -56.033  -23.213 0.0000000000
17814  -44.981  -55.192  -23.546 0.0000000000
18714  -45.098  -54.409  -24.114 0.0000000000
18694  -45.148  -54.198  -23.479 0.0000000000
23644  -42.387  -49.957  -21.788 0.0000000000
22574  -41.820  -50.351  -22.414 0.0000000000
22572  -39.910  -50.358  -22.552 0.0000000000
23642  -40.615  -49.620  -22.007 0.0000000000
22532  -38.441  -49.806  -18.897 0.0000000000
22540  -38.986  -50.229  -19.606 0.0000000000
22541  -40.195  -49.858  -19.434 0.0000000000
25541  -38.422  -47.233  -18.644 0.0000000000
25554  -37.024  -47.624  -19.371 0.0000000000
26467  -36.851  -46.707  -18.160 0.0000000000
22677  -43.037  -50.825  -30.821 0.0000000000
21663  -43.263  -51.517  -31.268 0.0000000000
22685  -42.956  -50.956  -31.304 0.0000000000
27593  -35.333  -45.191  -34.723 0.0000000000
26667  -35.875  -46.439  -35.841 0.0000000000
121022  -35.855  -45.717  -35.920 0.0000000000
21580  -37.446  -51.296  -24.398 0.0000000000
21591  -38.143  -51.548  -25.598 0.0000000000
21579  -36.887  -51.073  -24.771 0.0000000000
22607  -35.752  -50.464  -25.528 0.0000000000
23682  -35.387  -49.977  -26.458 0.0000000000
23683  -36.015  -50.098  -27.071 0.0000000000
23681  -34.582  -49.424  -26.169 0.0000000000
130770  -43.315  -51.021  -21.357 0.0000000000
21530  -42.779  -50.970  -21.034 0.0000000000
23569  -39.440  -49.507  -17.386 0.0000000000
23570  -40.112  -48.662  -17.630 0.0000000000
26469  -38.808  -46.882  -17.820 0.0000000000
20677  -40.049  -52.718  -30.900 0.0000000000
23755  -40.918  -49.880  -32.130 0.0000000000
22696  -41.621  -50.279  -32.472 0.0000000000
23767  -40.875  -49.785  -32.995 0.0000000000
23792  -40.602  -49.931  -35.041 0.0000000000
22719  -40.935  -50.418  -34.666 0.0000000000
21709  -40.302  -51.769  -35.407 0.0000000000
20741  -39.038  -52.880  -35.676 0.0000000000
21727  -39.218  -51.671  -36.871 0.0000000000
22745  -39.366  -50.769  -36.983 0.0000000000
21745  -38.860  -51.359  -37.568 0.0000000000
22757  -38.925  -50.531  -37.583 0.0000000000
20598  -44.208  -52.777  -27.114 0.0000000000
22653  -42.529  -50.947  -29.312 0.0000000000
22652  -41.514  -50.736  -29.029 0.0000000000
21611  -38.956  -51.185  -27.089 0.0000000000
22632  -38.510  -50.603  -27.724 0.0000000000
22650  -39.730  -50.502  -28.602 0.0000000000
22665  -40.037  -50.265  -29.321 0.0000000000
22666  -40.918  -50.377  -29.554 0.0000000000
23728  -40.323  -50.067  -30.062 0.0000000000
23741  -40.660  -49.955  -30.810 0.0000000000
23738  -37.928  -49.298  -30.411 0.0000000000
23752  -38.345  -49.366  -31.195 0.0000000000
19622  -44.425  -53.623  -24.480 0.0000000000
19635  -43.849  -53.369  -25.473 0.0000000000
20587  -42.367  -53.003  -25.298 0.0000000000
20553  -44.093  -52.104  -22.229 0.0000000000
20562  -44.160  -52.471  -22.786 0.0000000000
21565  -43.761  -51.635  -22.345 0.0000000000
20560  -42.368  -52.053  -23.504 0.0000000000
20576  -40.746  -52.364  -24.308 0.0000000000
21561  -39.671  -51.661  -23.708 0.0000000000
22570  -37.940  -50.472  -22.790 0.0000000000
23638  -36.478  -49.835  -22.410 0.0000000000
121578  -39.794  -51.985  -21.275 0.0000000000
124605  -41.817  -50.017  -20.126 0.0000000000
21528  -41.401  -50.804  -20.443 0.0000000000
23602  -42.102  -49.708  -20.521 0.0000000000
135541  -40.449  -48.340  -19.190 0.0000000000
24597  -40.026  -48.198  -20.044 0.0000000000
24612  -39.910  -48.574  -20.767 0.0000000000
24613  -40.888  -48.785  -20.697 0.0000000000
23619  -39.210  -49.185  -21.487 0.0000000000
24611  -38.725  -48.737  -20.952 0.0000000000
25570  -36.517  -48.077  -19.912 0.0000000000
24594  -35.908  -48.460  -20.544 0.0000000000
24608  -35.420  -48.809  -21.292 0.0000000000
20657  -44.570  -52.444  -29.668 0.0000000000
20656  -44.280  -52.668  -30.064 0.0000000000
117536  -42.651  -52.383  -31.413 0.0000000000
20678  -41.179  -52.913  -31.442 0.0000000000
19713  -40.990  -53.593  -32.292 0.0000000000
21684  -41.765  -51.400  -33.208 0.0000000000
20690  -42.264  -51.914  -32.453 0.0000000000
17934  -40.226  -55.389  -33.089 0.0000000000
19722  -40.976  -53.927  -32.934 0.0000000000
118238  -35.423  -48.329  -29.181 0.0000000000
25675  -34.958  -47.846  -29.592 0.0000000000
25697  -35.754  -48.010  -31.861 0.0000000000
24743  -36.375  -48.311  -32.266 0.0000000000
25712  -35.899  -47.862  -32.721 0.0000000000
25727  -36.927  -48.177  -33.991 0.0000000000
25738  -36.935  -48.219  -34.844 0.0000000000
115534  -37.700  -48.726  -35.084 0.0000000000
24786  -36.755  -48.384  -36.879 0.0000000000
117978  -37.417  -48.879  -36.477 0.0000000000
24795  -37.379  -48.950  -37.368 0.0000000000
22584  -36.481  -50.646  -23.716 0.0000000000
22599  -36.189  -50.723  -24.600 0.0000000000
22583  -35.655  -50.320  -23.913 0.0000000000
23663  -34.934  -49.848  -24.118 0.0000000000
120619  -34.734  -49.764  -24.795 0.0000000000
25511  -40.125  -47.766  -16.770 0.0000000000
116957  -42.070  -52.776  -30.240 0.0000000000
135305  -40.358  -49.641  -33.330 0.0000000000
130629  -39.855  -49.498  -33.681 0.0000000000
116573  -40.430  -49.660  -34.598 0.0000000000
23808  -40.214  -50.065  -35.838 0.0000000000
23791  -39.970  -49.494  -35.286 0.0000000000
23807  -39.620  -49.718  -36.128 0.0000000000
24789  -39.077  -49.319  -35.730 0.0000000000
121201  -42.286  -52.534  -26.448 0.0000000000
21614  -41.764  -51.598  -27.742 0.0000000000
22631  -37.592  -50.377  -27.649 0.0000000000
22648  -38.138  -50.201  -28.271 0.0000000000
23713  -38.238  -49.884  -28.887 0.0000000000
23714  -38.834  -49.989  -29.206 0.0000000000
23726  -38.346  -49.606  -29.651 0.0000000000
23725  -37.508  -49.265  -29.740 0.0000000000
24717  -37.226  -49.007  -30.336 0.0000000000
18733  -44.862  -54.096  -24.754 0.0000000000
21550  -43.474  -50.881  -22.073 0.0000000000
21564  -43.051  -51.328  -22.718 0.0000000000
22589  -41.073  -50.959  -22.859 0.0000000000
22588  -40.221  -51.062  -22.993 0.0000000000
22587  -39.290  -51.081  -23.139 0.0000000000
23640  -38.553  -49.830  -22.135 0.0000000000
22545  -39.001  -50.955  -20.418 0.0000000000
21527  -40.114  -51.142  -20.584 0.0000000000
25542  -39.501  -47.453  -18.372 0.0000000000
25556  -39.097  -47.546  -19.187 0.0000000000
25572  -38.653  -47.941  -19.841 0.0000000000
24596  -38.174  -48.382  -20.439 0.0000000000
25571  -37.623  -48.040  -19.900 0.0000000000
117457  -36.085  -47.630  -19.422 0.0000000000
25553  -35.366  -47.311  -19.183 0.0000000000
21656  -44.113  -51.788  -30.444 0.0000000000
20670  -44.246  -52.116  -30.414 0.0000000000
21664  -43.873  -51.780  -30.816 0.0000000000
20689  -42.240  -52.464  -32.063 0.0000000000
29575  -35.101  -43.660  -33.590 0.0000000000
28569  -34.713  -44.530  -33.312 0.0000000000
27579  -34.620  -45.507  -33.150 0.0000000000
27580  -34.946  -45.345  -33.923 0.0000000000
26653  -35.325  -46.075  -34.392 0.0000000000
26654  -35.780  -46.691  -34.903 0.0000000000
128111  -36.263  -47.437  -35.536 0.0000000000
135642  -36.449  -47.780  -36.423 0.0000000000
25755  -36.531  -47.685  -37.214 0.0000000000
121183  -38.829  -51.837  -25.476 0.0000000000
21599  -39.470  -51.739  -26.267 0.0000000000
21597  -37.746  -51.225  -26.185 0.0000000000
22608  -36.601  -50.873  -25.432 0.0000000000
22618  -37.271  -50.743  -26.764 0.0000000000
22630  -36.708  -50.306  -27.281 0.0000000000
23698  -36.265  -49.778  -27.710 0.0000000000
20550  -43.989  -52.329  -21.984 0.0000000000
20549  -43.339  -52.288  -21.576 0.0000000000
113330  -43.669  -51.520  -21.691 0.0000000000
22560  -43.446  -50.907  -21.619 0.0000000000
22575  -43.058  -50.405  -21.668 0.0000000000
23585  -38.911  -49.649  -18.152 0.0000000000
23594  -40.385  -49.267  -19.030 0.0000000000
25543  -40.121  -47.963  -18.484 0.0000000000
117343  -39.778  -47.585  -17.504 0.0000000000
26468  -37.837  -46.779  -18.068 0.0000000000
23768  -42.341  -50.629  -31.785 0.0000000000
21697  -41.332  -51.708  -34.019 0.0000000000
19774  -39.579  -53.210  -35.009 0.0000000000
21728  -39.964  -51.026  -36.246 0.0000000000
20755  -38.774  -52.392  -36.504 0.0000000000
20754  -38.194  -52.456  -36.662 0.0000000000
20753  -37.569  -52.270  -36.486 0.0000000000
21725  -37.909  -52.238  -37.411 0.0000000000
115213  -45.065  -53.160  -28.327 0.0000000000
19685  -44.321  -53.636  -28.925 0.0000000000
19686  -44.901  -53.322  -28.657 0.0000000000
20637  -44.939  -52.817  -28.910 0.0000000000
21635  -44.625  -52.287  -29.450 0.0000000000
21634  -44.309  -51.810  -29.195 0.0000000000
21647  -44.299  -51.777  -29.925 0.0000000000
21646  -43.549  -51.314  -29.647 0.0000000000
22668  -42.862  -50.788  -30.096 0.0000000000
22676  -42.203  -50.420  -30.573 0.0000000000
21612  -39.854  -51.367  -27.249 0.0000000000
23742  -41.557  -50.164  -31.014 0.0000000000
117024  -40.990  -49.958  -31.421 0.0000000000
23754  -40.064  -49.718  -31.535 0.0000000000
116380  -39.175  -49.568  -31.145 0.0000000000
24745  -38.343  -49.281  -32.796 0.0000000000
123379  -37.619  -48.898  -32.885 0.0000000000
18764  -44.868  -53.584  -28.041 0.0000000000
20599  -44.882  -53.187  -27.473 0.0000000000
19652  -44.493  -53.372  -26.548 0.0000000000
19608  -44.932  -53.678  -23.244 0.0000000000
19607  -44.599  -53.306  -23.371 0.0000000000
20579  -43.856  -52.955  -23.733 0.0000000000
20578  -42.808  -52.788  -24.095 0.0000000000
20577  -41.699  -52.609  -24.341 0.0000000000
20575  -40.089  -52.348  -24.877 0.0000000000
21582  -39.265  -52.010  -24.594 0.0000000000
21559  -38.014  -51.414  -23.948 0.0000000000
22586  -38.371  -51.049  -23.313 0.0000000000
22585  -37.404  -50.962  -23.597 0.0000000000
22568  -36.001  -50.196  -23.125 0.0000000000
23637  -35.530  -49.654  -22.583 0.0000000000
21541  -41.946  -51.309  -20.917 0.0000000000
22547  -42.504  -50.270  -20.721 0.0000000000
23622  -42.045  -49.539  -21.172 0.0000000000
23595  -40.786  -49.019  -19.183 0.0000000000
24598  -40.598  -48.414  -19.712 0.0000000000
24599  -41.139  -48.750  -20.040 0.0000000000
23621  -41.253  -49.206  -21.294 0.0000000000
24610  -37.611  -48.870  -21.060 0.0000000000
23617  -37.014  -49.392  -21.705 0.0000000000
19695  -43.915  -53.288  -29.636 0.0000000000
121025  -43.820  -52.385  -30.702 0.0000000000
119442  -43.012  -52.580  -30.870 0.0000000000
21675  -42.669  -51.405  -31.903 0.0000000000
19740  -41.336  -53.165  -33.185 0.0000000000
19723  -41.553  -53.114  -32.517 0.0000000000
118210  -33.589  -48.360  -24.130 0.0000000000
131946  -34.330  -48.895  -26.662 0.0000000000
24680  -35.111  -48.940  -27.746 0.0000000000
24692  -35.324  -48.615  -28.516 0.0000000000
24716  -36.565  -48.647  -30.610 0.0000000000
25686  -35.092  -47.716  -30.436 0.0000000000
24715  -35.772  -48.159  -30.952 0.0000000000
24744  -37.080  -48.698  -32.143 0.0000000000
24759  -37.480  -48.663  -33.628 0.0000000000
26643  -34.996  -46.308  -33.519 0.0000000000
25725  -35.423  -47.174  -33.172 0.0000000000
24797  -39.082  -49.627  -36.545 0.0000000000
24796  -38.275  -49.361  -36.694 0.0000000000
23820  -38.775  -49.832  -37.350 0.0000000000
23831  -38.513  -50.274  -38.174 0.0000000000
17815  -45.131  -54.825  -23.945 0.0000000000
17832  -44.940  -55.185  -24.140 0.0000000000
18703  -45.160  -54.651  -23.637 0.0000000000
18838  -40.432  -54.606  -33.373 0.0000000000
19667  -44.961  -53.351  -27.749 0.0000000000
20563  -44.562  -53.042  -22.792 0.0000000000
20680  -43.734  -51.986  -31.033 0.0000000000
21590  -37.429  -51.310  -25.306 0.0000000000
21592  -39.537  -52.117  -25.379 0.0000000000
22559  -43.004  -50.583  -21.246 0.0000000000
22669  -43.646  -51.342  -30.374 0.0000000000
22707  -42.209  -51.220  -32.566 0.0000000000
22756  -38.548  -51.069  -38.201 0.0000000000
23662  -34.307  -49.402  -24.379 0.0000000000
23696  -34.862  -49.290  -26.983 0.0000000000
23780  -40.568  -49.690  -33.840 0.0000000000
131143  -40.766  -52.018  -34.624 0.0000000000
133382  -42.754  -51.047  -31.676 0.0000000000
134943  -39.584  -53.713  -34.517 0.0000000000
