#!ascii label  , from subject sub-s014 vox2ras=TkReg
301
121207  35.952  -47.022  -19.973 0.0000000000
27164  46.985  -41.457  -25.918 0.0000000000
18356  41.671  -50.056  -18.991 0.0000000000
23265  42.529  -45.275  -21.785 0.0000000000
20327  48.022  -48.342  -22.020 0.0000000000
19340  45.170  -49.104  -20.212 0.0000000000
17360  46.296  -51.630  -19.405 0.0000000000
24248  45.116  -43.797  -23.286 0.0000000000
27143  41.544  -41.541  -23.399 0.0000000000
19346  38.499  -49.615  -20.866 0.0000000000
19371  41.404  -49.222  -22.342 0.0000000000
21319  45.215  -47.406  -23.502 0.0000000000
23288  47.920  -45.508  -24.228 0.0000000000
20380  47.112  -48.238  -25.311 0.0000000000
23244  33.665  -46.204  -18.249 0.0000000000
18362  35.878  -50.352  -19.301 0.0000000000
17331  38.387  -51.508  -17.953 0.0000000000
25209  39.811  -43.386  -21.431 0.0000000000
18317  45.848  -50.877  -18.419 0.0000000000
114700  46.339  -41.902  -25.028 0.0000000000
131535  44.686  -41.965  -23.896 0.0000000000
19328  40.047  -50.221  -19.659 0.0000000000
19343  41.603  -49.768  -20.778 0.0000000000
20318  47.317  -48.459  -21.288 0.0000000000
20330  45.230  -48.361  -22.799 0.0000000000
21318  46.601  -47.219  -23.303 0.0000000000
121559  46.612  -45.973  -23.714 0.0000000000
22329  48.184  -46.761  -23.741 0.0000000000
21357  47.729  -46.540  -25.988 0.0000000000
17350  35.803  -51.438  -18.147 0.0000000000
18347  37.276  -51.139  -19.003 0.0000000000
17332  37.475  -51.835  -17.615 0.0000000000
22294  41.403  -46.171  -21.703 0.0000000000
24231  41.043  -44.562  -21.190 0.0000000000
29045  41.094  -40.038  -23.234 0.0000000000
28068  40.382  -40.517  -22.780 0.0000000000
18342  42.670  -50.325  -18.412 0.0000000000
136714  42.894  -49.688  -19.704 0.0000000000
127276  44.125  -49.821  -18.845 0.0000000000
19324  46.395  -49.586  -19.234 0.0000000000
19338  47.420  -49.562  -20.191 0.0000000000
126001  43.893  -44.876  -22.380 0.0000000000
25223  42.333  -43.716  -22.201 0.0000000000
26168  43.154  -42.647  -23.144 0.0000000000
115114  43.263  -40.753  -24.091 0.0000000000
27193  46.449  -41.291  -27.154 0.0000000000
20308  37.305  -48.611  -20.769 0.0000000000
20334  40.109  -48.211  -22.370 0.0000000000
22312  41.831  -46.850  -22.662 0.0000000000
19358  42.863  -49.482  -21.531 0.0000000000
20350  43.418  -48.104  -23.445 0.0000000000
22333  43.789  -46.690  -23.429 0.0000000000
23290  45.417  -45.827  -23.508 0.0000000000
24247  46.578  -44.526  -23.857 0.0000000000
26188  47.579  -43.017  -25.525 0.0000000000
19397  47.943  -48.750  -23.321 0.0000000000
21346  48.249  -46.902  -24.997 0.0000000000
24279  48.136  -44.637  -26.308 0.0000000000
135628  47.547  -42.907  -27.152 0.0000000000
23243  34.260  -45.402  -18.343 0.0000000000
21283  34.459  -47.090  -19.067 0.0000000000
20294  34.106  -48.388  -18.832 0.0000000000
20299  36.120  -48.922  -19.977 0.0000000000
19329  37.219  -49.993  -20.068 0.0000000000
18359  38.556  -50.510  -19.606 0.0000000000
18345  40.000  -50.598  -18.484 0.0000000000
17310  39.412  -51.744  -16.833 0.0000000000
17329  40.817  -51.133  -17.421 0.0000000000
25225  40.842  -42.884  -22.379 0.0000000000
23250  36.027  -45.720  -19.332 0.0000000000
23242  36.230  -45.090  -19.148 0.0000000000
23249  36.782  -45.543  -19.438 0.0000000000
27152  46.239  -40.850  -25.423 0.0000000000
18357  40.855  -50.102  -19.340 0.0000000000
19344  40.632  -49.945  -20.482 0.0000000000
19327  41.602  -49.937  -19.778 0.0000000000
20329  46.781  -48.000  -22.186 0.0000000000
20347  47.529  -47.652  -22.584 0.0000000000
21317  47.939  -47.286  -23.095 0.0000000000
21302  48.070  -47.913  -22.505 0.0000000000
20396  45.531  -48.179  -27.023 0.0000000000
17333  36.355  -51.881  -17.337 0.0000000000
23266  41.619  -45.552  -21.449 0.0000000000
24214  41.003  -45.250  -20.978 0.0000000000
24230  41.770  -44.916  -21.403 0.0000000000
29027  40.648  -39.585  -22.534 0.0000000000
128813  43.584  -50.273  -18.430 0.0000000000
18319  44.056  -50.808  -18.046 0.0000000000
17346  46.428  -50.952  -18.678 0.0000000000
18339  46.287  -50.329  -18.676 0.0000000000
18338  46.806  -50.377  -18.979 0.0000000000
19323  46.970  -49.814  -19.391 0.0000000000
18355  47.133  -50.327  -19.569 0.0000000000
25221  44.305  -43.588  -22.967 0.0000000000
25222  43.544  -43.440  -22.752 0.0000000000
26167  44.074  -42.773  -23.241 0.0000000000
27141  43.987  -41.288  -24.044 0.0000000000
28079  43.550  -39.739  -24.164 0.0000000000
29043  42.923  -39.171  -23.858 0.0000000000
20307  37.907  -48.908  -21.090 0.0000000000
20322  37.813  -48.052  -21.171 0.0000000000
20321  38.566  -48.613  -21.475 0.0000000000
124747  41.194  -47.401  -22.716 0.0000000000
21303  41.775  -47.891  -23.116 0.0000000000
19341  44.153  -49.377  -20.037 0.0000000000
121580  43.162  -49.543  -20.364 0.0000000000
19357  44.086  -49.267  -21.175 0.0000000000
20349  44.574  -48.065  -23.387 0.0000000000
20331  43.984  -48.643  -23.048 0.0000000000
21320  44.138  -47.498  -23.582 0.0000000000
123836  43.311  -47.312  -23.500 0.0000000000
22309  44.319  -45.913  -23.158 0.0000000000
22332  44.761  -46.774  -23.611 0.0000000000
23289  47.145  -45.337  -23.915 0.0000000000
124833  46.257  -45.260  -23.619 0.0000000000
24246  47.529  -44.761  -24.311 0.0000000000
25242  47.267  -43.395  -24.834 0.0000000000
24254  47.761  -44.143  -24.800 0.0000000000
131351  44.060  -51.785  -24.314 0.0000000000
19411  46.602  -49.059  -24.931 0.0000000000
18408  45.715  -50.450  -24.237 0.0000000000
19398  47.103  -49.397  -24.020 0.0000000000
20367  47.654  -48.558  -24.295 0.0000000000
21333  48.302  -47.222  -24.048 0.0000000000
20379  48.032  -47.729  -24.614 0.0000000000
22368  47.162  -46.106  -26.902 0.0000000000
22367  47.846  -45.884  -26.277 0.0000000000
23334  47.875  -44.787  -26.887 0.0000000000
24280  47.961  -44.238  -26.723 0.0000000000
24291  47.603  -44.205  -27.253 0.0000000000
24193  33.556  -44.423  -17.286 0.0000000000
22276  34.453  -46.229  -18.787 0.0000000000
137014  33.907  -46.833  -18.600 0.0000000000
18350  34.540  -50.551  -18.404 0.0000000000
19320  34.009  -49.191  -18.621 0.0000000000
19332  34.725  -49.225  -19.168 0.0000000000
20300  35.344  -48.611  -19.612 0.0000000000
19331  35.569  -49.508  -19.518 0.0000000000
19330  36.398  -49.765  -19.814 0.0000000000
18361  36.783  -50.519  -19.499 0.0000000000
17348  37.673  -51.459  -18.376 0.0000000000
18346  38.335  -51.061  -18.877 0.0000000000
120401  39.224  -50.626  -18.972 0.0000000000
120387  39.200  -51.074  -18.257 0.0000000000
128973  40.138  -52.682  -15.603 0.0000000000
17309  40.292  -51.645  -16.802 0.0000000000
26169  42.273  -42.932  -22.728 0.0000000000
25224  41.541  -43.299  -22.276 0.0000000000
26170  41.379  -42.428  -22.901 0.0000000000
28069  39.724  -41.013  -22.430 0.0000000000
26178  45.599  -42.389  -24.196 0.0000000000
19345  39.481  -49.989  -20.576 0.0000000000
19362  39.203  -49.420  -21.319 0.0000000000
19359  41.894  -49.569  -21.651 0.0000000000
20306  46.452  -48.865  -20.537 0.0000000000
19356  45.270  -48.906  -21.180 0.0000000000
20319  45.991  -48.488  -21.691 0.0000000000
20348  45.912  -47.789  -23.124 0.0000000000
22331  45.918  -46.690  -23.616 0.0000000000
22330  47.238  -46.637  -23.530 0.0000000000
120620  48.157  -46.127  -24.155 0.0000000000
21347  47.481  -47.363  -25.651 0.0000000000
20395  46.464  -47.780  -26.343 0.0000000000
21358  46.826  -46.912  -26.690 0.0000000000
18349  35.350  -50.880  -18.680 0.0000000000
18348  36.287  -51.068  -18.898 0.0000000000
17349  36.798  -51.535  -18.272 0.0000000000
128059  40.549  -44.934  -20.676 0.0000000000
25191  40.277  -44.260  -20.976 0.0000000000
28081  41.684  -40.595  -23.622 0.0000000000
28082  40.913  -40.994  -23.252 0.0000000000
18343  41.836  -50.339  -18.439 0.0000000000
19326  42.504  -49.863  -19.304 0.0000000000
19317  43.114  -49.965  -18.856 0.0000000000
19325  44.835  -49.431  -19.345 0.0000000000
128305  45.695  -49.524  -19.094 0.0000000000
118267  45.958  -49.245  -19.625 0.0000000000
19339  46.901  -49.283  -19.876 0.0000000000
20305  47.407  -48.959  -20.681 0.0000000000
23280  43.314  -45.303  -22.188 0.0000000000
24229  42.445  -44.491  -21.866 0.0000000000
24240  43.037  -44.013  -22.294 0.0000000000
126452  42.880  -43.368  -22.602 0.0000000000
26180  42.282  -42.102  -23.357 0.0000000000
26179  43.821  -42.083  -23.563 0.0000000000
122439  43.131  -41.694  -23.712 0.0000000000
27142  42.375  -41.175  -23.786 0.0000000000
28080  42.563  -40.194  -23.953 0.0000000000
29044  41.955  -39.609  -23.592 0.0000000000
27192  46.992  -41.463  -27.003 0.0000000000
135462  36.485  -47.497  -20.280 0.0000000000
129716  36.804  -46.699  -20.193 0.0000000000
21286  37.185  -47.462  -20.680 0.0000000000
22293  42.246  -46.025  -21.977 0.0000000000
19370  42.376  -49.242  -22.408 0.0000000000
19368  44.627  -48.886  -22.180 0.0000000000
19369  43.450  -49.165  -22.350 0.0000000000
20332  42.911  -48.744  -23.031 0.0000000000
21321  42.561  -47.512  -23.308 0.0000000000
22311  42.851  -46.554  -22.914 0.0000000000
23281  42.907  -45.779  -22.187 0.0000000000
120700  43.910  -45.377  -22.539 0.0000000000
23279  44.579  -45.157  -22.887 0.0000000000
23278  45.481  -44.691  -23.307 0.0000000000
132852  45.893  -43.966  -23.584 0.0000000000
25243  46.459  -42.836  -24.510 0.0000000000
26189  47.088  -42.493  -25.356 0.0000000000
26202  47.541  -42.388  -26.064 0.0000000000
18379  47.682  -49.856  -21.529 0.0000000000
18409  45.080  -50.904  -24.421 0.0000000000
19383  48.066  -48.843  -22.396 0.0000000000
20346  48.213  -48.164  -22.735 0.0000000000
21316  48.151  -47.623  -23.221 0.0000000000
23302  48.306  -45.736  -24.562 0.0000000000
22357  48.289  -46.060  -25.378 0.0000000000
24253  48.193  -44.912  -24.782 0.0000000000
24267  48.067  -44.130  -25.417 0.0000000000
25253  47.877  -43.310  -26.028 0.0000000000
27163  47.323  -41.792  -26.627 0.0000000000
26229  46.928  -42.052  -27.352 0.0000000000
136068  34.515  -43.530  -17.605 0.0000000000
130161  34.355  -44.048  -17.700 0.0000000000
24206  34.892  -44.537  -18.299 0.0000000000
22275  35.262  -45.426  -18.883 0.0000000000
22282  35.351  -46.452  -19.380 0.0000000000
19303  33.467  -49.351  -17.902 0.0000000000
21279  33.802  -47.646  -18.600 0.0000000000
130706  34.398  -47.819  -19.104 0.0000000000
21282  35.121  -47.620  -19.549 0.0000000000
124718  35.928  -47.995  -20.001 0.0000000000
20309  36.626  -48.308  -20.391 0.0000000000
19348  36.864  -49.219  -20.324 0.0000000000
18372  38.046  -50.106  -20.210 0.0000000000
18360  37.704  -50.599  -19.591 0.0000000000
18371  38.761  -50.142  -20.228 0.0000000000
18370  39.297  -50.330  -19.669 0.0000000000
18358  39.767  -50.375  -19.091 0.0000000000
18344  40.927  -50.347  -18.569 0.0000000000
17330  39.918  -51.163  -17.629 0.0000000000
18322  40.580  -50.716  -17.995 0.0000000000
25207  41.694  -44.121  -21.704 0.0000000000
25208  40.766  -43.622  -21.723 0.0000000000
26155  40.140  -42.774  -22.143 0.0000000000
27130  40.331  -41.436  -22.807 0.0000000000
27131  39.800  -41.943  -22.413 0.0000000000
16450  46.147  -51.620  -18.894 0.0000000000
17324  45.278  -51.578  -18.312 0.0000000000
17334  35.441  -51.543  -17.473 0.0000000000
17347  45.808  -51.554  -18.561 0.0000000000
17359  46.795  -51.033  -19.125 0.0000000000
17365  46.935  -51.019  -19.816 0.0000000000
18321  41.317  -50.661  -17.929 0.0000000000
18341  44.597  -50.245  -18.467 0.0000000000
18368  47.707  -49.618  -20.882 0.0000000000
19314  46.560  -49.965  -18.954 0.0000000000
19315  46.010  -49.844  -18.792 0.0000000000
19316  45.165  -49.793  -18.793 0.0000000000
19318  42.353  -50.095  -18.805 0.0000000000
19319  35.025  -50.107  -19.037 0.0000000000
19347  37.633  -49.453  -20.602 0.0000000000
19399  46.116  -49.854  -24.558 0.0000000000
20286  33.142  -48.620  -17.536 0.0000000000
20301  34.649  -48.404  -19.255 0.0000000000
20328  47.859  -48.111  -21.900 0.0000000000
20333  41.968  -48.670  -22.889 0.0000000000
20351  42.501  -48.241  -23.246 0.0000000000
20366  48.303  -47.992  -23.623 0.0000000000
22281  36.377  -46.182  -19.702 0.0000000000
22310  43.519  -45.887  -22.630 0.0000000000
22313  40.572  -47.369  -22.370 0.0000000000
22344  48.299  -46.385  -24.488 0.0000000000
22378  47.566  -45.423  -26.941 0.0000000000
23264  43.175  -44.720  -22.101 0.0000000000
23301  48.375  -45.463  -25.172 0.0000000000
23318  48.178  -45.300  -26.101 0.0000000000
24191  34.981  -43.612  -17.965 0.0000000000
24192  34.073  -44.737  -17.897 0.0000000000
24238  44.512  -44.389  -22.823 0.0000000000
24239  43.747  -44.196  -22.504 0.0000000000
24266  48.258  -44.759  -25.619 0.0000000000
25165  34.662  -43.037  -17.521 0.0000000000
25234  46.524  -43.670  -24.117 0.0000000000
25235  45.739  -43.259  -23.805 0.0000000000
25236  44.902  -42.955  -23.507 0.0000000000
25241  47.772  -43.598  -25.317 0.0000000000
25252  48.077  -44.091  -26.156 0.0000000000
25263  47.825  -43.522  -26.831 0.0000000000
26171  40.515  -42.235  -22.684 0.0000000000
26215  47.639  -42.637  -26.700 0.0000000000
26228  47.169  -42.831  -27.416 0.0000000000
26230  46.179  -42.123  -27.438 0.0000000000
27191  47.361  -42.216  -27.108 0.0000000000
28126  46.747  -41.042  -26.538 0.0000000000
116113  40.302  -50.281  -18.967 0.0000000000
119175  43.530  -49.640  -19.413 0.0000000000
119959  47.661  -46.068  -23.880 0.0000000000
134697  34.359  -48.796  -18.989 0.0000000000
134949  48.395  -45.914  -24.858 0.0000000000
136401  34.394  -49.853  -18.709 0.0000000000
136571  47.167  -44.097  -24.366 0.0000000000
137937  40.881  -41.760  -23.087 0.0000000000
