#!ascii label  , from subject sub-s014 vox2ras=TkReg
330
78003  27.475  15.337  -32.355 0.0000000000
69634  25.331  5.267  -31.090 0.0000000000
82728  26.814  21.784  -31.775 0.0000000000
92048  18.552  33.354  -37.167 0.0000000000
67911  22.940  3.928  -30.066 0.0000000000
85201  26.372  24.226  -35.283 0.0000000000
87324  26.029  27.939  -35.371 0.0000000000
75562  25.011  12.654  -31.196 0.0000000000
73886  25.879  10.150  -31.469 0.0000000000
75595  28.429  11.919  -33.643 0.0000000000
78871  27.895  17.325  -35.242 0.0000000000
76429  30.127  13.665  -34.892 0.0000000000
127927  27.481  18.611  -31.779 0.0000000000
82006  27.003  20.739  -35.318 0.0000000000
90375  22.465  31.743  -35.510 0.0000000000
91203  24.585  32.070  -37.132 0.0000000000
132652  26.877  6.863  -31.516 0.0000000000
86608  26.248  26.242  -33.612 0.0000000000
87317  25.924  27.982  -34.370 0.0000000000
77202  27.003  13.725  -32.001 0.0000000000
75580  26.923  12.120  -32.201 0.0000000000
76408  28.102  12.915  -33.367 0.0000000000
122044  24.037  4.412  -30.517 0.0000000000
81970  26.916  20.356  -31.595 0.0000000000
81217  27.796  19.527  -32.730 0.0000000000
82752  27.415  21.580  -33.213 0.0000000000
85927  25.219  25.328  -37.060 0.0000000000
84424  25.499  23.554  -37.067 0.0000000000
91209  18.153  32.415  -36.083 0.0000000000
90362  21.751  31.068  -35.035 0.0000000000
91207  20.638  32.749  -36.220 0.0000000000
92860  18.523  34.618  -40.501 0.0000000000
119024  21.134  34.833  -39.442 0.0000000000
92045  22.885  34.075  -37.894 0.0000000000
92069  22.733  33.319  -39.517 0.0000000000
90408  24.120  31.421  -38.546 0.0000000000
128235  27.549  9.476  -32.884 0.0000000000
72112  26.294  8.261  -32.036 0.0000000000
131543  22.624  3.278  -29.718 0.0000000000
83570  26.872  23.197  -33.885 0.0000000000
85188  26.385  24.716  -33.148 0.0000000000
85917  26.218  25.656  -35.264 0.0000000000
87329  25.193  27.006  -37.050 0.0000000000
73888  23.830  10.556  -31.147 0.0000000000
74727  25.359  11.356  -31.206 0.0000000000
132908  27.333  11.241  -32.633 0.0000000000
73917  28.549  10.025  -33.681 0.0000000000
78859  27.813  16.423  -34.112 0.0000000000
77225  28.471  14.518  -34.026 0.0000000000
78025  28.806  16.082  -34.991 0.0000000000
77992  26.404  15.208  -31.295 0.0000000000
79608  25.961  16.812  -31.246 0.0000000000
78844  27.495  16.281  -32.028 0.0000000000
79617  27.847  17.651  -33.040 0.0000000000
81240  27.229  19.133  -35.288 0.0000000000
81247  26.593  19.580  -36.684 0.0000000000
83575  26.600  22.186  -35.526 0.0000000000
82778  25.750  21.105  -36.896 0.0000000000
133992  24.301  30.269  -34.381 0.0000000000
92837  18.775  34.233  -38.498 0.0000000000
133135  21.325  34.377  -37.341 0.0000000000
91204  23.714  32.516  -36.347 0.0000000000
89642  25.104  30.559  -35.438 0.0000000000
88915  25.525  30.049  -36.177 0.0000000000
125809  24.922  28.793  -37.614 0.0000000000
70464  23.667  7.213  -30.942 0.0000000000
124477  24.114  9.761  -30.886 0.0000000000
76419  29.425  13.328  -34.395 0.0000000000
73923  30.181  10.625  -34.081 0.0000000000
118546  26.006  27.120  -33.760 0.0000000000
87303  25.406  27.844  -33.627 0.0000000000
77201  27.478  14.319  -32.655 0.0000000000
123963  27.592  13.483  -32.865 0.0000000000
77212  28.041  13.933  -33.433 0.0000000000
66118  21.790  1.871  -28.910 0.0000000000
67011  22.349  2.409  -29.338 0.0000000000
68750  24.585  4.788  -30.761 0.0000000000
82727  27.093  21.013  -31.778 0.0000000000
81979  27.479  20.398  -32.120 0.0000000000
82740  27.349  21.245  -32.310 0.0000000000
86635  24.790  25.652  -37.587 0.0000000000
85208  25.224  24.460  -37.287 0.0000000000
134039  18.457  32.933  -36.486 0.0000000000
91208  18.960  32.678  -36.173 0.0000000000
136697  20.414  32.090  -35.960 0.0000000000
124532  19.838  33.253  -36.415 0.0000000000
92848  21.800  34.430  -39.624 0.0000000000
91235  23.306  32.520  -39.225 0.0000000000
73028  28.144  8.908  -33.075 0.0000000000
72124  27.845  8.245  -32.612 0.0000000000
115056  22.046  5.832  -30.337 0.0000000000
84397  26.270  23.885  -32.255 0.0000000000
85175  26.004  24.575  -32.403 0.0000000000
119763  26.196  27.193  -34.919 0.0000000000
86607  26.416  25.835  -34.260 0.0000000000
86620  26.023  26.371  -35.670 0.0000000000
131908  25.639  27.690  -36.353 0.0000000000
92839  15.733  32.887  -38.872 0.0000000000
75563  24.163  12.115  -31.298 0.0000000000
133439  25.416  11.954  -31.252 0.0000000000
75579  27.722  12.041  -33.020 0.0000000000
121699  28.031  11.340  -33.295 0.0000000000
74742  27.984  10.580  -33.321 0.0000000000
74755  28.510  10.915  -33.712 0.0000000000
67010  23.259  2.508  -29.606 0.0000000000
123597  27.751  16.997  -34.584 0.0000000000
78858  28.145  16.542  -34.700 0.0000000000
78870  28.533  16.936  -35.482 0.0000000000
122620  25.409  14.835  -31.269 0.0000000000
80397  26.501  18.278  -31.279 0.0000000000
79607  26.739  17.407  -31.259 0.0000000000
133787  26.922  16.590  -31.292 0.0000000000
79606  27.383  17.089  -31.665 0.0000000000
126794  27.672  16.971  -32.514 0.0000000000
135124  27.843  18.213  -32.673 0.0000000000
82005  27.393  20.137  -34.646 0.0000000000
81230  27.657  19.333  -34.040 0.0000000000
81246  26.810  19.268  -36.182 0.0000000000
82012  26.917  19.855  -35.599 0.0000000000
130359  27.008  22.457  -34.450 0.0000000000
126325  26.663  22.987  -35.085 0.0000000000
84431  25.729  22.725  -36.848 0.0000000000
82779  25.583  21.580  -37.526 0.0000000000
88893  22.735  29.931  -34.097 0.0000000000
89625  23.519  30.592  -34.514 0.0000000000
88892  23.709  29.887  -33.989 0.0000000000
116470  19.181  34.898  -39.918 0.0000000000
93549  17.160  34.906  -41.075 0.0000000000
92836  19.453  34.821  -38.411 0.0000000000
92822  20.993  34.871  -37.826 0.0000000000
92044  23.643  33.415  -37.738 0.0000000000
92025  23.757  33.074  -36.968 0.0000000000
125767  24.208  32.578  -36.856 0.0000000000
90373  24.542  31.342  -35.695 0.0000000000
90393  24.705  31.542  -36.502 0.0000000000
89654  25.102  30.930  -36.280 0.0000000000
90392  24.910  31.242  -37.022 0.0000000000
89670  23.358  30.347  -39.151 0.0000000000
88921  24.663  29.716  -37.881 0.0000000000
88930  23.591  29.237  -39.035 0.0000000000
88929  24.054  28.514  -38.525 0.0000000000
71270  22.812  7.616  -30.748 0.0000000000
73887  24.793  10.387  -31.044 0.0000000000
73012  25.296  9.753  -31.212 0.0000000000
71282  26.789  7.471  -31.977 0.0000000000
114785  25.294  8.098  -31.437 0.0000000000
71283  25.902  7.459  -31.780 0.0000000000
70462  25.346  6.859  -31.489 0.0000000000
77223  29.499  14.430  -34.748 0.0000000000
76420  29.010  13.996  -34.170 0.0000000000
85912  25.997  25.253  -32.704 0.0000000000
132238  26.042  25.894  -32.982 0.0000000000
76377  25.743  13.118  -31.247 0.0000000000
75561  26.071  12.333  -31.423 0.0000000000
76393  26.588  12.916  -31.788 0.0000000000
76392  27.308  12.819  -32.635 0.0000000000
68751  23.263  4.495  -30.333 0.0000000000
67896  24.311  3.328  -29.990 0.0000000000
67909  24.661  4.074  -30.351 0.0000000000
68728  25.693  3.968  -29.187 0.0000000000
79644  27.657  17.753  -35.604 0.0000000000
79643  28.267  17.532  -36.038 0.0000000000
127652  26.623  19.619  -31.406 0.0000000000
81204  27.428  19.472  -31.799 0.0000000000
126613  27.762  18.726  -32.335 0.0000000000
81993  27.666  20.527  -33.270 0.0000000000
82763  27.399  21.129  -34.245 0.0000000000
85202  25.949  24.284  -36.268 0.0000000000
84423  26.258  23.479  -35.964 0.0000000000
90376  21.342  31.590  -35.563 0.0000000000
91187  22.109  32.278  -36.015 0.0000000000
115981  19.780  34.989  -39.372 0.0000000000
92821  21.985  34.581  -37.930 0.0000000000
92068  23.335  33.548  -38.624 0.0000000000
91227  24.026  32.912  -38.339 0.0000000000
91226  24.415  32.238  -38.016 0.0000000000
124524  23.981  32.191  -38.678 0.0000000000
90414  23.291  31.412  -39.201 0.0000000000
73885  26.817  9.809  -32.240 0.0000000000
73011  26.162  9.312  -31.828 0.0000000000
73029  27.210  8.809  -32.512 0.0000000000
72111  27.221  8.071  -32.337 0.0000000000
114238  21.619  3.413  -29.408 0.0000000000
67912  22.064  4.140  -29.797 0.0000000000
68752  22.387  4.644  -30.107 0.0000000000
115363  22.710  5.170  -30.344 0.0000000000
114609  23.693  5.090  -30.620 0.0000000000
138001  23.768  5.618  -30.830 0.0000000000
83543  26.201  22.539  -31.659 0.0000000000
83550  26.815  22.576  -32.130 0.0000000000
117310  26.715  23.242  -32.739 0.0000000000
84411  26.588  23.984  -33.351 0.0000000000
85196  26.507  24.631  -34.228 0.0000000000
85911  26.385  25.431  -33.597 0.0000000000
85916  26.406  25.293  -34.502 0.0000000000
85922  26.252  24.865  -35.309 0.0000000000
116817  25.737  25.709  -36.263 0.0000000000
86624  25.364  26.178  -36.838 0.0000000000
131586  24.602  26.246  -37.702 0.0000000000
92030  17.252  32.156  -37.065 0.0000000000
92060  16.424  32.767  -38.744 0.0000000000
124386  16.509  33.171  -39.436 0.0000000000
74728  24.244  11.129  -31.192 0.0000000000
122651  25.366  10.764  -31.193 0.0000000000
119285  26.342  11.569  -31.696 0.0000000000
74726  26.443  10.744  -31.848 0.0000000000
73903  27.424  10.285  -32.749 0.0000000000
73902  28.019  9.718  -33.360 0.0000000000
73027  28.853  9.052  -33.322 0.0000000000
78014  27.824  15.002  -33.593 0.0000000000
78026  28.386  15.535  -34.372 0.0000000000
77224  28.894  15.016  -34.638 0.0000000000
77234  29.410  15.501  -35.168 0.0000000000
78040  29.262  16.451  -35.562 0.0000000000
78039  29.848  15.895  -35.556 0.0000000000
77233  30.144  14.819  -35.364 0.0000000000
77193  25.484  13.962  -31.180 0.0000000000
119652  26.394  14.323  -31.342 0.0000000000
77192  27.094  14.770  -31.754 0.0000000000
78832  26.262  16.031  -31.212 0.0000000000
78831  27.112  15.816  -31.534 0.0000000000
78853  27.665  16.036  -33.152 0.0000000000
124188  27.719  16.853  -33.662 0.0000000000
79634  27.680  17.418  -35.063 0.0000000000
126076  27.819  18.454  -33.395 0.0000000000
132337  27.522  18.185  -34.883 0.0000000000
80428  27.242  18.445  -35.963 0.0000000000
81257  26.935  18.994  -36.588 0.0000000000
83561  27.123  22.471  -33.231 0.0000000000
82753  27.296  21.909  -34.026 0.0000000000
82764  26.992  21.653  -34.939 0.0000000000
126118  26.319  22.684  -36.051 0.0000000000
82770  26.503  21.318  -35.978 0.0000000000
82013  26.478  20.242  -36.316 0.0000000000
88875  24.758  28.981  -33.766 0.0000000000
92059  17.329  33.291  -39.336 0.0000000000
92072  17.298  33.825  -39.820 0.0000000000
92825  18.488  33.355  -38.072 0.0000000000
124304  19.503  34.032  -36.948 0.0000000000
92027  20.928  33.735  -36.730 0.0000000000
91206  21.821  33.080  -36.475 0.0000000000
92046  22.051  34.034  -37.171 0.0000000000
91205  22.935  32.859  -36.440 0.0000000000
91186  23.001  32.305  -35.942 0.0000000000
89643  23.885  31.205  -35.100 0.0000000000
89623  24.964  30.137  -34.685 0.0000000000
88890  25.292  29.405  -34.409 0.0000000000
88906  25.456  29.759  -35.187 0.0000000000
134636  25.682  29.318  -35.713 0.0000000000
124971  25.760  28.504  -36.011 0.0000000000
89660  24.827  30.719  -37.589 0.0000000000
88920  25.380  29.673  -37.120 0.0000000000
125799  25.557  29.084  -36.652 0.0000000000
88129  25.153  27.965  -37.151 0.0000000000
88130  24.278  27.775  -38.155 0.0000000000
69651  23.898  6.205  -31.042 0.0000000000
69650  24.902  6.047  -31.354 0.0000000000
72113  23.426  9.132  -30.873 0.0000000000
122954  25.298  9.001  -31.310 0.0000000000
72101  24.359  8.698  -30.939 0.0000000000
71284  24.556  7.642  -31.179 0.0000000000
70463  24.496  6.763  -31.253 0.0000000000
76421  28.542  13.629  -33.776 0.0000000000
76407  28.800  12.844  -33.953 0.0000000000
136683  28.838  12.073  -33.988 0.0000000000
126530  29.977  12.780  -34.582 0.0000000000
75607  29.375  12.192  -34.271 0.0000000000
74754  28.968  11.404  -34.034 0.0000000000
73916  29.217  10.424  -33.928 0.0000000000
67910  23.814  3.848  -30.292 0.0000000000
69635  24.388  5.465  -31.034 0.0000000000
73041  28.561  9.390  -33.501 0.0000000000
74765  29.785  11.210  -34.252 0.0000000000
75606  30.341  11.955  -34.625 0.0000000000
79629  27.672  17.487  -34.207 0.0000000000
80396  27.265  18.037  -31.475 0.0000000000
80406  27.704  17.922  -32.120 0.0000000000
81205  27.062  18.858  -31.385 0.0000000000
82023  25.792  20.909  -37.424 0.0000000000
83580  26.074  21.995  -36.530 0.0000000000
84417  26.615  23.775  -34.615 0.0000000000
85923  25.793  25.052  -36.296 0.0000000000
86615  26.321  26.436  -34.532 0.0000000000
87340  24.447  27.005  -37.887 0.0000000000
88106  25.443  28.612  -34.069 0.0000000000
88116  25.910  28.896  -34.906 0.0000000000
88876  23.911  29.195  -33.636 0.0000000000
88891  24.553  29.717  -34.049 0.0000000000
89624  24.477  30.751  -34.915 0.0000000000
89626  22.265  30.516  -34.529 0.0000000000
89659  25.248  30.458  -37.035 0.0000000000
89669  24.259  30.501  -38.325 0.0000000000
90361  22.950  31.207  -35.008 0.0000000000
90374  23.610  31.837  -35.649 0.0000000000
90394  24.316  32.048  -36.348 0.0000000000
90407  24.618  31.428  -37.767 0.0000000000
91188  21.088  32.188  -35.979 0.0000000000
91220  24.192  32.782  -37.502 0.0000000000
92026  22.925  33.534  -37.071 0.0000000000
92029  17.964  32.595  -36.791 0.0000000000
92031  16.706  32.163  -37.575 0.0000000000
92032  16.264  32.409  -37.937 0.0000000000
92049  18.119  32.617  -37.765 0.0000000000
92050  17.660  32.460  -38.123 0.0000000000
92051  17.125  32.622  -38.478 0.0000000000
92057  22.512  34.253  -38.900 0.0000000000
92058  17.884  33.012  -38.801 0.0000000000
92071  17.715  33.879  -39.759 0.0000000000
92073  16.758  33.637  -39.853 0.0000000000
92824  19.003  34.274  -37.706 0.0000000000
92835  20.476  35.025  -38.701 0.0000000000
92838  18.235  32.956  -38.431 0.0000000000
92849  20.500  35.054  -39.810 0.0000000000
92852  18.068  33.624  -39.362 0.0000000000
92867  17.888  34.898  -41.151 0.0000000000
92868  16.424  34.943  -41.483 0.0000000000
113423  16.381  33.859  -40.637 0.0000000000
113578  16.930  34.110  -40.156 0.0000000000
116023  27.933  15.872  -34.100 0.0000000000
118627  18.358  33.670  -38.906 0.0000000000
119850  25.819  27.061  -36.061 0.0000000000
126948  26.306  19.001  -31.286 0.0000000000
130160  27.182  21.968  -32.431 0.0000000000
130210  26.373  23.158  -31.901 0.0000000000
133906  22.458  1.613  -29.107 0.0000000000
134437  18.427  33.504  -38.469 0.0000000000
134765  27.238  16.445  -31.599 0.0000000000
136107  26.346  24.303  -32.765 0.0000000000
136589  20.192  33.897  -36.753 0.0000000000
137263  26.321  13.585  -31.398 0.0000000000
