#!ascii label  , from subject sub-s005 vox2ras=TkReg
414
80480  -23.521  13.408  -35.177 0.0000000000
76931  -19.202  9.826  -35.433 0.0000000000
76935  -26.709  9.685  -35.304 0.0000000000
74176  -21.069  6.269  -34.423 0.0000000000
90151  -26.348  24.224  -35.188 0.0000000000
86694  -26.501  20.541  -38.579 0.0000000000
83986  -21.447  17.779  -35.821 0.0000000000
121945  -19.778  3.129  -32.388 0.0000000000
75134  -19.851  7.694  -35.196 0.0000000000
74166  -18.389  6.739  -33.655 0.0000000000
87596  -27.309  22.287  -36.445 0.0000000000
86668  -23.935  20.451  -34.539 0.0000000000
81374  -19.232  13.942  -37.009 0.0000000000
83123  -18.202  16.138  -35.905 0.0000000000
82221  -22.552  15.635  -35.475 0.0000000000
83976  -26.725  17.022  -35.243 0.0000000000
82234  -27.394  15.082  -36.922 0.0000000000
134504  -27.525  12.588  -37.414 0.0000000000
79589  -17.562  12.481  -34.178 0.0000000000
78743  -20.945  11.596  -36.743 0.0000000000
78724  -25.861  11.718  -34.562 0.0000000000
127053  -22.155  9.961  -35.269 0.0000000000
120005  -23.235  8.058  -34.265 0.0000000000
74179  -24.556  6.341  -33.889 0.0000000000
85735  -20.825  19.858  -36.035 0.0000000000
84815  -25.751  18.848  -34.630 0.0000000000
126965  -25.570  18.473  -40.105 0.0000000000
72108  -17.925  4.684  -32.680 0.0000000000
72122  -20.130  4.417  -33.572 0.0000000000
75115  -18.051  7.364  -33.191 0.0000000000
74154  -17.473  6.317  -32.225 0.0000000000
87586  -23.931  21.628  -34.420 0.0000000000
140768  -22.004  21.188  -35.127 0.0000000000
81375  -21.644  13.683  -36.671 0.0000000000
82232  -21.192  14.869  -36.955 0.0000000000
81365  -23.765  14.650  -34.944 0.0000000000
82209  -25.076  15.412  -34.451 0.0000000000
81366  -26.871  14.409  -35.059 0.0000000000
129267  -27.354  13.778  -38.231 0.0000000000
80482  -27.151  13.640  -35.336 0.0000000000
78730  -18.464  11.371  -35.123 0.0000000000
78741  -19.567  11.854  -36.509 0.0000000000
77827  -19.787  10.826  -36.416 0.0000000000
77830  -21.962  11.024  -36.127 0.0000000000
76933  -20.485  9.562  -36.247 0.0000000000
75122  -20.314  7.287  -35.066 0.0000000000
129564  -21.522  7.707  -34.808 0.0000000000
117669  -21.760  6.884  -34.382 0.0000000000
120974  -23.627  7.194  -33.949 0.0000000000
74167  -22.964  5.956  -33.628 0.0000000000
89348  -24.625  23.808  -34.212 0.0000000000
90143  -23.501  23.821  -33.810 0.0000000000
90150  -25.862  24.840  -35.046 0.0000000000
91758  -25.708  26.183  -35.857 0.0000000000
90160  -27.629  24.791  -37.237 0.0000000000
87600  -27.163  21.334  -37.240 0.0000000000
83996  -19.725  17.022  -37.129 0.0000000000
140394  -20.036  18.372  -36.887 0.0000000000
84825  -21.141  18.821  -35.923 0.0000000000
84812  -22.600  19.296  -34.906 0.0000000000
129299  -22.909  18.228  -34.668 0.0000000000
132568  -26.518  16.146  -39.010 0.0000000000
84010  -26.752  17.634  -37.995 0.0000000000
83174  -25.180  16.873  -41.300 0.0000000000
131018  -26.038  10.944  -34.632 0.0000000000
78735  -27.233  11.196  -35.478 0.0000000000
70262  -18.868  3.037  -31.904 0.0000000000
71155  -18.557  3.815  -32.469 0.0000000000
72121  -19.175  4.533  -33.561 0.0000000000
71176  -19.700  3.789  -32.985 0.0000000000
76916  -18.415  9.432  -34.288 0.0000000000
76039  -19.582  9.060  -35.645 0.0000000000
76023  -18.763  7.999  -34.318 0.0000000000
75120  -19.249  7.328  -34.637 0.0000000000
73131  -19.646  5.788  -34.417 0.0000000000
132151  -24.597  22.887  -34.255 0.0000000000
88493  -27.020  23.004  -35.636 0.0000000000
87588  -25.712  21.880  -34.547 0.0000000000
86659  -26.420  21.495  -34.886 0.0000000000
85727  -26.658  20.057  -35.693 0.0000000000
81361  -17.845  14.732  -35.118 0.0000000000
82230  -18.899  15.251  -36.907 0.0000000000
82231  -20.845  15.966  -36.941 0.0000000000
83987  -21.757  16.842  -35.695 0.0000000000
83973  -23.086  17.365  -34.662 0.0000000000
138402  -25.271  16.196  -34.483 0.0000000000
82242  -27.244  15.952  -37.163 0.0000000000
82253  -26.663  15.476  -38.984 0.0000000000
81405  -26.792  14.294  -39.810 0.0000000000
69231  -20.873  1.377  -32.533 0.0000000000
70265  -21.141  2.284  -32.543 0.0000000000
79607  -18.516  12.988  -35.871 0.0000000000
79630  -20.232  12.897  -37.075 0.0000000000
79608  -22.472  12.604  -35.932 0.0000000000
79593  -25.515  12.518  -34.525 0.0000000000
78733  -23.006  12.096  -35.235 0.0000000000
128398  -23.846  11.206  -34.580 0.0000000000
122876  -23.699  10.132  -34.475 0.0000000000
76041  -20.599  8.782  -35.867 0.0000000000
76043  -22.079  9.145  -34.938 0.0000000000
128004  -24.726  8.990  -34.410 0.0000000000
76031  -24.800  8.075  -34.384 0.0000000000
74180  -25.405  6.507  -34.438 0.0000000000
130780  -27.564  24.026  -37.877 0.0000000000
85723  -22.139  20.430  -35.170 0.0000000000
85726  -26.204  19.524  -34.843 0.0000000000
85736  -26.695  19.283  -36.116 0.0000000000
83988  -26.559  17.750  -35.070 0.0000000000
84833  -26.703  18.393  -37.613 0.0000000000
85770  -25.444  19.593  -40.012 0.0000000000
132053  -27.087  12.125  -35.223 0.0000000000
79632  -27.594  11.924  -38.189 0.0000000000
74137  -16.978  6.164  -31.322 0.0000000000
73091  -17.879  5.602  -32.940 0.0000000000
73110  -19.080  5.321  -34.044 0.0000000000
73112  -20.658  5.015  -33.830 0.0000000000
128759  -21.510  3.742  -33.014 0.0000000000
72124  -22.059  4.058  -33.186 0.0000000000
73114  -22.317  5.389  -33.591 0.0000000000
87592  -20.939  21.656  -35.225 0.0000000000
81363  -22.319  13.937  -36.125 0.0000000000
81364  -23.142  14.184  -35.429 0.0000000000
80481  -24.027  14.047  -34.903 0.0000000000
81352  -25.396  14.648  -34.498 0.0000000000
131758  -25.695  14.064  -34.528 0.0000000000
80470  -25.455  13.364  -34.518 0.0000000000
126180  -18.589  9.954  -34.701 0.0000000000
77804  -18.197  10.701  -34.450 0.0000000000
77815  -18.789  10.554  -35.272 0.0000000000
78731  -19.076  11.142  -35.941 0.0000000000
77816  -19.361  10.420  -35.881 0.0000000000
76941  -20.333  10.343  -36.452 0.0000000000
76932  -19.819  9.813  -36.136 0.0000000000
74175  -20.225  6.467  -34.726 0.0000000000
131595  -20.929  7.003  -34.842 0.0000000000
128262  -22.690  6.719  -33.907 0.0000000000
74177  -21.969  6.164  -33.926 0.0000000000
90145  -25.621  24.106  -34.655 0.0000000000
90155  -26.534  24.962  -35.648 0.0000000000
90156  -27.209  24.986  -36.339 0.0000000000
90152  -26.943  24.263  -35.842 0.0000000000
87608  -26.820  21.261  -38.091 0.0000000000
87626  -26.462  21.404  -38.923 0.0000000000
122262  -26.099  20.875  -39.330 0.0000000000
86710  -25.415  20.669  -39.946 0.0000000000
139372  -20.592  17.329  -36.745 0.0000000000
83984  -19.357  18.029  -37.071 0.0000000000
123980  -20.692  17.987  -36.528 0.0000000000
84824  -20.365  19.058  -36.439 0.0000000000
83971  -22.000  18.561  -35.339 0.0000000000
83175  -25.888  16.060  -40.382 0.0000000000
83168  -26.197  16.653  -39.571 0.0000000000
77809  -26.131  10.080  -34.744 0.0000000000
77820  -27.235  10.138  -35.769 0.0000000000
70263  -19.489  2.715  -32.058 0.0000000000
71156  -19.198  3.474  -32.465 0.0000000000
72110  -18.950  3.969  -33.032 0.0000000000
76915  -18.005  9.246  -33.610 0.0000000000
130549  -18.583  8.740  -34.299 0.0000000000
76022  -18.183  8.265  -33.524 0.0000000000
75116  -18.566  7.371  -33.961 0.0000000000
74173  -18.861  6.600  -34.220 0.0000000000
74174  -19.483  6.487  -34.601 0.0000000000
73130  -19.096  5.956  -34.308 0.0000000000
88488  -23.511  22.319  -34.323 0.0000000000
88490  -25.705  22.693  -34.515 0.0000000000
88489  -24.748  22.127  -34.333 0.0000000000
86657  -24.521  20.982  -34.503 0.0000000000
87587  -25.065  21.473  -34.464 0.0000000000
86658  -25.749  20.921  -34.642 0.0000000000
86670  -26.671  20.759  -35.276 0.0000000000
131942  -26.230  20.275  -34.862 0.0000000000
80478  -18.655  13.866  -36.348 0.0000000000
81373  -18.790  14.606  -36.688 0.0000000000
82233  -21.744  15.431  -36.238 0.0000000000
127523  -19.948  15.464  -37.361 0.0000000000
83136  -21.463  16.250  -36.215 0.0000000000
135826  -21.984  16.124  -35.691 0.0000000000
83124  -22.656  16.572  -35.111 0.0000000000
131566  -23.388  15.886  -34.819 0.0000000000
131102  -26.899  15.616  -35.127 0.0000000000
83129  -27.295  15.683  -36.017 0.0000000000
82243  -27.158  15.176  -38.060 0.0000000000
81404  -26.442  15.047  -39.758 0.0000000000
81391  -27.199  14.433  -38.402 0.0000000000
126048  -27.476  13.470  -37.220 0.0000000000
79640  -27.513  12.419  -39.104 0.0000000000
68164  -21.435  0.619  -32.868 0.0000000000
80463  -17.309  13.271  -33.931 0.0000000000
79606  -17.849  13.155  -34.858 0.0000000000
125121  -20.143  12.287  -36.855 0.0000000000
79621  -19.708  12.712  -36.849 0.0000000000
79622  -20.652  12.330  -36.904 0.0000000000
79623  -21.068  12.711  -36.955 0.0000000000
79624  -21.681  12.429  -36.567 0.0000000000
78732  -22.228  11.811  -36.034 0.0000000000
77818  -22.204  10.563  -35.601 0.0000000000
78720  -22.618  11.191  -35.318 0.0000000000
77805  -22.581  10.491  -34.992 0.0000000000
77807  -24.192  10.631  -34.473 0.0000000000
76923  -22.872  9.867  -34.629 0.0000000000
76040  -19.962  8.453  -35.649 0.0000000000
75135  -20.389  8.021  -35.390 0.0000000000
138654  -22.307  8.292  -34.632 0.0000000000
139898  -21.616  8.442  -35.044 0.0000000000
76029  -23.001  8.906  -34.495 0.0000000000
76924  -23.765  9.418  -34.399 0.0000000000
76030  -23.929  8.573  -34.284 0.0000000000
138986  -24.063  7.845  -34.172 0.0000000000
75125  -24.703  7.230  -34.208 0.0000000000
88496  -27.273  22.871  -36.200 0.0000000000
89356  -27.389  23.453  -36.704 0.0000000000
88499  -27.418  22.759  -36.920 0.0000000000
131192  -17.674  15.723  -34.957 0.0000000000
85720  -19.510  20.465  -35.908 0.0000000000
85721  -20.554  20.616  -35.911 0.0000000000
85722  -21.221  20.576  -35.655 0.0000000000
84813  -23.734  18.857  -34.505 0.0000000000
85725  -24.753  19.474  -34.500 0.0000000000
140180  -26.227  17.278  -34.700 0.0000000000
83975  -25.559  17.582  -34.528 0.0000000000
83989  -26.954  17.390  -36.222 0.0000000000
84855  -26.178  18.336  -39.171 0.0000000000
84844  -26.493  18.186  -38.413 0.0000000000
129609  -26.421  18.977  -38.328 0.0000000000
85771  -26.061  19.212  -39.309 0.0000000000
85779  -24.874  18.947  -40.842 0.0000000000
131970  -26.453  12.297  -34.731 0.0000000000
78750  -27.554  10.853  -37.829 0.0000000000
72100  -17.361  4.553  -31.796 0.0000000000
73076  -16.888  5.193  -31.282 0.0000000000
73077  -17.418  5.409  -32.038 0.0000000000
73111  -19.790  5.080  -34.079 0.0000000000
71158  -21.388  3.112  -32.724 0.0000000000
73113  -21.669  4.843  -33.537 0.0000000000
75110  -17.565  7.203  -32.402 0.0000000000
74165  -17.936  6.509  -33.052 0.0000000000
87585  -22.766  21.788  -34.586 0.0000000000
86656  -23.319  21.192  -34.607 0.0000000000
86667  -22.788  20.806  -34.791 0.0000000000
80506  -20.288  13.585  -37.309 0.0000000000
81383  -20.088  14.447  -37.453 0.0000000000
140493  -21.249  14.116  -36.917 0.0000000000
124300  -22.431  14.776  -35.809 0.0000000000
82222  -23.217  15.074  -35.202 0.0000000000
82223  -24.015  15.284  -34.642 0.0000000000
82210  -25.921  15.122  -34.516 0.0000000000
82225  -27.362  14.899  -36.129 0.0000000000
81385  -27.387  14.379  -37.573 0.0000000000
81367  -27.308  14.320  -35.749 0.0000000000
80483  -27.447  13.556  -36.141 0.0000000000
79625  -27.496  12.715  -36.550 0.0000000000
77803  -17.765  11.565  -34.184 0.0000000000
79590  -18.187  12.273  -35.003 0.0000000000
78740  -18.814  12.021  -35.853 0.0000000000
78742  -20.325  11.552  -36.711 0.0000000000
78744  -21.523  11.653  -36.522 0.0000000000
77828  -20.704  10.946  -36.587 0.0000000000
76942  -20.965  10.188  -36.414 0.0000000000
76934  -21.127  9.464  -36.097 0.0000000000
75123  -20.797  7.633  -35.128 0.0000000000
75124  -22.495  7.491  -34.288 0.0000000000
74178  -23.562  6.410  -33.719 0.0000000000
127474  -25.135  24.723  -34.576 0.0000000000
90975  -25.874  25.511  -35.505 0.0000000000
90984  -27.603  25.625  -37.768 0.0000000000
87601  -27.377  22.058  -37.101 0.0000000000
88503  -27.381  22.610  -37.662 0.0000000000
126204  -26.798  21.855  -38.478 0.0000000000
140003  -18.554  18.541  -36.391 0.0000000000
84823  -19.564  19.084  -36.739 0.0000000000
84811  -21.653  19.628  -35.505 0.0000000000
84814  -25.002  18.450  -34.468 0.0000000000
83146  -27.053  16.930  -37.382 0.0000000000
83157  -26.672  16.840  -38.527 0.0000000000
84018  -25.913  17.548  -39.828 0.0000000000
84025  -25.318  17.524  -40.664 0.0000000000
78734  -26.657  11.491  -34.849 0.0000000000
77819  -26.751  10.609  -35.027 0.0000000000
78745  -27.500  10.745  -36.594 0.0000000000
71144  -18.104  3.330  -31.763 0.0000000000
71154  -17.979  4.072  -32.107 0.0000000000
136263  -18.229  4.221  -32.678 0.0000000000
72109  -18.497  4.338  -33.069 0.0000000000
71177  -20.684  3.811  -33.012 0.0000000000
77798  -17.990  10.009  -33.931 0.0000000000
76922  -18.956  9.212  -34.908 0.0000000000
138754  -19.307  8.330  -34.993 0.0000000000
75121  -19.833  7.002  -34.926 0.0000000000
89347  -22.724  22.953  -34.096 0.0000000000
127910  -23.644  23.025  -34.090 0.0000000000
89349  -25.370  23.412  -34.460 0.0000000000
89350  -26.136  23.493  -34.786 0.0000000000
89353  -26.736  23.570  -35.407 0.0000000000
88492  -26.580  22.855  -35.049 0.0000000000
88495  -27.003  22.194  -35.586 0.0000000000
87595  -27.217  21.629  -36.421 0.0000000000
117953  -26.948  21.334  -35.702 0.0000000000
86673  -26.988  20.765  -36.403 0.0000000000
86681  -26.858  20.584  -37.494 0.0000000000
83135  -18.779  16.079  -36.804 0.0000000000
81382  -19.382  14.727  -37.240 0.0000000000
82241  -19.247  15.541  -37.152 0.0000000000
83143  -19.430  16.249  -37.176 0.0000000000
83144  -20.092  16.313  -37.211 0.0000000000
131680  -21.009  16.935  -36.481 0.0000000000
83972  -22.294  17.546  -35.187 0.0000000000
83125  -23.720  16.736  -34.568 0.0000000000
119348  -24.848  16.850  -34.473 0.0000000000
83127  -25.971  16.734  -34.583 0.0000000000
83116  -26.119  15.810  -34.609 0.0000000000
83128  -26.844  16.310  -35.173 0.0000000000
83137  -27.136  16.596  -36.241 0.0000000000
125671  -26.929  16.094  -38.202 0.0000000000
82266  -26.241  15.762  -39.716 0.0000000000
121266  -26.112  15.401  -40.574 0.0000000000
119858  -26.463  14.759  -40.434 0.0000000000
130309  -27.126  14.065  -39.018 0.0000000000
76927  -26.202  9.133  -34.992 0.0000000000
69230  -20.100  1.304  -32.206 0.0000000000
70264  -20.199  2.285  -32.239 0.0000000000
71157  -20.459  3.115  -32.532 0.0000000000
80477  -18.120  13.892  -35.470 0.0000000000
79620  -19.141  12.554  -36.425 0.0000000000
80493  -19.147  13.233  -36.694 0.0000000000
80494  -19.756  13.385  -37.154 0.0000000000
80507  -20.968  13.432  -37.079 0.0000000000
80496  -22.074  13.171  -36.371 0.0000000000
80469  -24.433  13.295  -34.689 0.0000000000
79591  -23.736  12.689  -34.897 0.0000000000
79592  -24.588  12.530  -34.590 0.0000000000
78722  -23.971  11.891  -34.624 0.0000000000
78721  -23.309  11.453  -34.807 0.0000000000
126035  -24.601  11.224  -34.499 0.0000000000
77808  -25.217  10.505  -34.510 0.0000000000
76926  -25.467  9.508  -34.586 0.0000000000
127943  -20.064  9.064  -36.054 0.0000000000
135052  -21.637  9.509  -35.620 0.0000000000
75136  -21.024  8.205  -35.383 0.0000000000
76042  -21.332  8.881  -35.575 0.0000000000
76032  -25.677  8.365  -34.747 0.0000000000
75126  -25.528  7.330  -34.630 0.0000000000
131158  -27.341  24.187  -36.543 0.0000000000
89363  -27.348  23.226  -38.213 0.0000000000
86666  -21.419  21.193  -35.371 0.0000000000
85724  -23.280  19.918  -34.621 0.0000000000
86669  -25.272  20.260  -34.591 0.0000000000
118573  -26.813  19.922  -36.818 0.0000000000
85746  -26.608  19.809  -37.860 0.0000000000
83974  -24.115  17.724  -34.473 0.0000000000
136651  -25.953  18.235  -34.629 0.0000000000
83997  -26.923  17.835  -37.033 0.0000000000
84827  -26.787  18.545  -36.607 0.0000000000
126121  -26.726  19.145  -37.238 0.0000000000
120995  -26.356  19.734  -38.721 0.0000000000
86711  -26.043  20.110  -39.351 0.0000000000
86723  -24.675  20.035  -40.792 0.0000000000
79594  -26.218  12.968  -34.627 0.0000000000
79611  -27.318  12.828  -35.653 0.0000000000
131463  -27.451  11.930  -36.019 0.0000000000
130052  -27.578  11.824  -37.059 0.0000000000
73109  -18.512  5.919  -33.737 0.0000000000
73092  -18.452  5.008  -33.444 0.0000000000
73132  -20.399  5.672  -34.323 0.0000000000
72123  -21.081  4.353  -33.360 0.0000000000
73133  -21.290  5.579  -33.961 0.0000000000
76925  -24.526  9.882  -34.440 0.0000000000
77806  -23.251  10.744  -34.662 0.0000000000
77817  -21.630  10.209  -36.031 0.0000000000
77829  -21.292  10.936  -36.465 0.0000000000
78723  -24.986  11.849  -34.520 0.0000000000
79609  -23.091  12.830  -35.397 0.0000000000
79610  -26.865  12.935  -35.015 0.0000000000
79631  -20.628  12.987  -37.097 0.0000000000
80471  -26.444  13.713  -34.721 0.0000000000
80479  -22.748  13.356  -35.727 0.0000000000
80495  -21.446  13.051  -36.799 0.0000000000
81351  -24.510  14.674  -34.621 0.0000000000
81353  -26.208  14.530  -34.618 0.0000000000
81376  -27.450  14.294  -36.601 0.0000000000
81384  -20.715  14.215  -37.246 0.0000000000
81390  -26.859  14.743  -39.025 0.0000000000
82211  -26.554  15.109  -34.848 0.0000000000
82220  -18.501  15.327  -36.358 0.0000000000
82224  -27.098  15.027  -35.454 0.0000000000
83126  -24.362  16.067  -34.490 0.0000000000
83145  -20.466  16.814  -36.930 0.0000000000
83167  -25.654  16.774  -40.471 0.0000000000
83985  -20.165  17.602  -36.992 0.0000000000
84019  -26.382  17.539  -38.922 0.0000000000
84822  -18.932  18.873  -36.766 0.0000000000
84826  -26.557  18.600  -35.292 0.0000000000
86655  -22.295  21.435  -34.849 0.0000000000
87609  -27.190  21.906  -37.841 0.0000000000
88502  -27.056  22.467  -38.374 0.0000000000
88512  -26.463  22.247  -39.066 0.0000000000
89354  -27.172  23.560  -36.039 0.0000000000
89359  -27.466  23.341  -37.428 0.0000000000
89362  -26.814  23.020  -38.893 0.0000000000
123555  -21.153  12.139  -36.808 0.0000000000
126220  -27.464  12.927  -38.165 0.0000000000
128470  -26.792  18.021  -36.088 0.0000000000
129098  -20.565  14.987  -37.271 0.0000000000
130352  -24.905  14.022  -34.584 0.0000000000
130418  -21.785  14.462  -36.501 0.0000000000
131234  -19.742  13.971  -37.383 0.0000000000
131372  -27.503  23.973  -37.148 0.0000000000
132567  -26.362  22.202  -34.832 0.0000000000
135806  -25.354  11.242  -34.529 0.0000000000
136704  -27.321  13.336  -38.961 0.0000000000
139672  -24.978  12.929  -34.508 0.0000000000
139774  -20.784  16.554  -36.801 0.0000000000
141364  -25.760  21.416  -34.594 0.0000000000
142549  -20.313  10.935  -36.582 0.0000000000
