#!ascii label  , from subject sub-s005 vox2ras=TkReg
409
74183  -27.471  6.039  -34.846 0.0000000000
76935  -26.709  9.685  -35.304 0.0000000000
86694  -26.501  20.541  -38.579 0.0000000000
134861  -25.558  16.221  -41.095 0.0000000000
78775  -28.355  11.501  -42.068 0.0000000000
75173  -31.132  7.375  -40.839 0.0000000000
87596  -27.309  22.287  -36.445 0.0000000000
81418  -27.150  14.141  -42.020 0.0000000000
134504  -27.525  12.588  -37.414 0.0000000000
75137  -26.606  7.070  -36.043 0.0000000000
76061  -27.089  7.282  -39.527 0.0000000000
75147  -29.100  7.452  -37.363 0.0000000000
70281  -22.808  2.253  -33.522 0.0000000000
74179  -24.556  6.341  -33.889 0.0000000000
92542  -24.631  27.399  -36.175 0.0000000000
91774  -27.041  26.811  -37.635 0.0000000000
90167  -27.371  25.018  -39.219 0.0000000000
89372  -24.088  23.246  -41.230 0.0000000000
137409  -21.283  20.707  -42.794 0.0000000000
126965  -25.570  18.473  -40.105 0.0000000000
84884  -23.336  18.214  -43.821 0.0000000000
84046  -26.679  16.903  -43.958 0.0000000000
82283  -29.083  14.887  -42.911 0.0000000000
79648  -30.138  12.521  -40.545 0.0000000000
77840  -27.320  9.792  -38.673 0.0000000000
76970  -30.028  9.189  -41.453 0.0000000000
129267  -27.354  13.778  -38.231 0.0000000000
80482  -27.151  13.640  -35.336 0.0000000000
74189  -26.631  6.568  -35.682 0.0000000000
75145  -27.180  6.936  -36.684 0.0000000000
74191  -27.881  6.520  -35.568 0.0000000000
67176  -22.191  -0.999  -30.453 0.0000000000
67189  -22.823  -0.068  -31.460 0.0000000000
126526  -23.551  0.758  -32.118 0.0000000000
120974  -23.627  7.194  -33.949 0.0000000000
74167  -22.964  5.956  -33.628 0.0000000000
91775  -27.398  26.355  -38.126 0.0000000000
87600  -27.163  21.334  -37.240 0.0000000000
139770  -26.380  22.793  -39.332 0.0000000000
87625  -25.817  21.624  -39.646 0.0000000000
88542  -23.132  22.470  -41.545 0.0000000000
125013  -24.726  20.933  -40.594 0.0000000000
83174  -25.180  16.873  -41.300 0.0000000000
84869  -23.388  18.087  -42.617 0.0000000000
138959  -24.388  16.882  -42.687 0.0000000000
123705  -25.210  17.400  -44.003 0.0000000000
82288  -25.872  16.102  -43.599 0.0000000000
79658  -27.919  12.361  -42.114 0.0000000000
81423  -28.620  14.218  -44.162 0.0000000000
80546  -29.139  12.960  -43.773 0.0000000000
80544  -29.694  13.110  -42.467 0.0000000000
79660  -29.698  12.194  -42.757 0.0000000000
131018  -26.038  10.944  -34.632 0.0000000000
78735  -27.233  11.196  -35.478 0.0000000000
77831  -27.285  9.361  -36.768 0.0000000000
76062  -28.331  7.673  -39.815 0.0000000000
76069  -27.863  7.882  -40.030 0.0000000000
76077  -30.562  8.589  -41.385 0.0000000000
77856  -31.455  9.900  -41.099 0.0000000000
76965  -32.110  9.180  -40.114 0.0000000000
70283  -24.190  2.402  -33.617 0.0000000000
125386  -23.221  2.974  -33.560 0.0000000000
119261  -24.065  3.043  -33.820 0.0000000000
71193  -24.931  4.029  -34.027 0.0000000000
82253  -26.663  15.476  -38.984 0.0000000000
81415  -26.426  14.873  -41.385 0.0000000000
81405  -26.792  14.294  -39.810 0.0000000000
79647  -27.349  13.044  -39.748 0.0000000000
131888  -27.516  12.302  -40.050 0.0000000000
76033  -26.390  8.080  -35.391 0.0000000000
76943  -26.972  8.111  -37.037 0.0000000000
76048  -27.186  7.243  -37.116 0.0000000000
75155  -27.930  7.276  -38.031 0.0000000000
75157  -30.368  7.244  -38.954 0.0000000000
69233  -23.652  1.443  -33.118 0.0000000000
128004  -24.726  8.990  -34.410 0.0000000000
76031  -24.800  8.075  -34.384 0.0000000000
74180  -25.405  6.507  -34.438 0.0000000000
127253  -25.911  5.861  -34.707 0.0000000000
93295  -23.205  28.710  -37.284 0.0000000000
91757  -25.246  26.425  -35.632 0.0000000000
92543  -25.524  27.266  -36.718 0.0000000000
92572  -26.856  27.772  -39.487 0.0000000000
91798  -26.731  26.848  -40.705 0.0000000000
91009  -25.941  25.776  -41.422 0.0000000000
130780  -27.564  24.026  -37.877 0.0000000000
89374  -25.848  23.946  -40.385 0.0000000000
90175  -24.728  24.554  -41.498 0.0000000000
89388  -22.725  23.425  -41.997 0.0000000000
88540  -20.778  22.783  -42.908 0.0000000000
87665  -21.070  21.078  -44.029 0.0000000000
85770  -25.444  19.593  -40.012 0.0000000000
85778  -24.013  19.169  -41.460 0.0000000000
85796  -22.067  18.948  -43.540 0.0000000000
86745  -22.913  19.944  -44.072 0.0000000000
85804  -24.761  18.971  -43.823 0.0000000000
84878  -27.708  17.818  -42.721 0.0000000000
81420  -26.765  15.398  -43.480 0.0000000000
83197  -28.350  15.451  -43.978 0.0000000000
132053  -27.087  12.125  -35.223 0.0000000000
79632  -27.594  11.924  -38.189 0.0000000000
77852  -27.809  10.894  -40.688 0.0000000000
140682  -26.804  8.668  -38.692 0.0000000000
76962  -27.784  9.462  -40.049 0.0000000000
77861  -29.438  10.447  -41.801 0.0000000000
78771  -30.714  10.911  -41.568 0.0000000000
78759  -31.247  11.227  -39.555 0.0000000000
73116  -24.158  5.041  -33.574 0.0000000000
72143  -25.227  4.634  -34.054 0.0000000000
73137  -26.744  5.486  -34.498 0.0000000000
74182  -26.508  6.061  -35.078 0.0000000000
74190  -26.950  6.411  -35.776 0.0000000000
67164  -23.135  -0.733  -30.032 0.0000000000
142147  -22.734  -0.483  -30.795 0.0000000000
67177  -23.386  -0.111  -30.712 0.0000000000
87608  -26.820  21.261  -38.091 0.0000000000
87626  -26.462  21.404  -38.923 0.0000000000
122262  -26.099  20.875  -39.330 0.0000000000
87642  -25.116  21.423  -40.262 0.0000000000
86710  -25.415  20.669  -39.946 0.0000000000
83175  -25.888  16.060  -40.382 0.0000000000
83168  -26.197  16.653  -39.571 0.0000000000
135165  -24.675  16.972  -42.010 0.0000000000
83180  -25.209  16.423  -42.061 0.0000000000
83188  -25.018  16.405  -43.061 0.0000000000
82286  -25.774  15.881  -42.646 0.0000000000
79662  -28.555  12.542  -43.218 0.0000000000
79663  -29.023  12.382  -43.407 0.0000000000
79664  -29.317  12.512  -43.310 0.0000000000
78778  -29.285  11.959  -42.894 0.0000000000
77809  -26.131  10.080  -34.744 0.0000000000
77820  -27.235  10.138  -35.769 0.0000000000
75172  -29.870  7.776  -40.329 0.0000000000
76070  -29.139  8.052  -40.556 0.0000000000
76071  -30.462  8.001  -41.069 0.0000000000
75178  -31.312  8.440  -41.276 0.0000000000
137860  -31.451  7.758  -41.074 0.0000000000
76072  -32.025  8.171  -40.933 0.0000000000
75174  -31.906  7.074  -41.063 0.0000000000
82243  -27.158  15.176  -38.060 0.0000000000
81404  -26.442  15.047  -39.758 0.0000000000
81391  -27.199  14.433  -38.402 0.0000000000
126048  -27.476  13.470  -37.220 0.0000000000
136704  -27.321  13.336  -38.961 0.0000000000
79640  -27.513  12.419  -39.104 0.0000000000
76044  -26.790  7.786  -36.269 0.0000000000
75144  -26.857  6.988  -36.543 0.0000000000
75146  -28.095  7.226  -37.043 0.0000000000
75156  -29.228  7.521  -38.291 0.0000000000
75148  -30.057  7.319  -37.569 0.0000000000
138514  -21.474  -1.394  -30.508 0.0000000000
65279  -21.008  -1.798  -30.100 0.0000000000
68166  -23.231  0.918  -32.906 0.0000000000
70266  -24.297  1.804  -33.004 0.0000000000
75125  -24.703  7.230  -34.208 0.0000000000
131580  -25.334  5.839  -34.241 0.0000000000
92530  -24.195  27.351  -35.406 0.0000000000
93272  -23.831  27.849  -35.835 0.0000000000
93282  -24.007  28.092  -36.717 0.0000000000
93296  -24.206  28.479  -37.569 0.0000000000
92553  -24.922  27.933  -37.050 0.0000000000
91768  -26.070  26.600  -36.481 0.0000000000
91773  -26.364  27.095  -37.153 0.0000000000
92554  -25.826  27.785  -37.438 0.0000000000
92555  -26.619  27.509  -37.881 0.0000000000
93305  -26.344  28.462  -39.049 0.0000000000
92560  -26.824  27.782  -38.661 0.0000000000
90988  -27.497  25.746  -38.621 0.0000000000
91780  -27.339  26.588  -38.897 0.0000000000
90999  -26.892  26.120  -40.291 0.0000000000
119932  -26.534  26.193  -40.958 0.0000000000
90990  -26.906  25.267  -40.037 0.0000000000
88499  -27.418  22.759  -36.920 0.0000000000
89366  -25.284  23.086  -40.459 0.0000000000
89367  -26.350  23.374  -39.656 0.0000000000
89373  -24.882  23.871  -40.998 0.0000000000
90170  -25.504  24.387  -40.896 0.0000000000
89389  -23.686  24.048  -41.739 0.0000000000
87651  -22.835  21.313  -41.807 0.0000000000
87650  -21.588  22.045  -42.428 0.0000000000
87649  -20.514  21.931  -43.272 0.0000000000
87656  -20.583  21.707  -43.561 0.0000000000
87657  -20.655  20.904  -43.416 0.0000000000
84855  -26.178  18.336  -39.171 0.0000000000
85771  -26.061  19.212  -39.309 0.0000000000
85779  -24.874  18.947  -40.842 0.0000000000
84874  -22.892  18.302  -43.291 0.0000000000
84868  -22.599  18.669  -42.796 0.0000000000
84883  -22.681  18.412  -43.719 0.0000000000
126194  -22.224  19.320  -44.132 0.0000000000
85803  -23.340  18.917  -44.103 0.0000000000
86746  -24.361  19.844  -43.803 0.0000000000
138515  -24.169  18.328  -43.860 0.0000000000
84045  -25.771  16.843  -44.119 0.0000000000
84887  -25.971  17.520  -43.931 0.0000000000
125829  -26.898  17.765  -43.486 0.0000000000
84038  -27.353  17.132  -43.524 0.0000000000
81417  -26.796  14.782  -42.503 0.0000000000
81424  -29.030  14.223  -44.198 0.0000000000
82291  -28.560  14.820  -44.250 0.0000000000
82287  -29.022  14.889  -44.072 0.0000000000
83190  -28.226  16.281  -43.163 0.0000000000
124661  -28.949  15.680  -41.968 0.0000000000
80540  -29.768  13.030  -41.187 0.0000000000
80531  -30.146  12.885  -39.354 0.0000000000
131970  -26.453  12.297  -34.731 0.0000000000
78745  -27.500  10.745  -36.594 0.0000000000
78750  -27.554  10.853  -37.829 0.0000000000
78757  -27.593  10.917  -38.957 0.0000000000
77846  -27.728  10.465  -39.964 0.0000000000
76053  -26.785  7.320  -38.110 0.0000000000
76949  -26.783  8.303  -37.987 0.0000000000
76060  -26.592  7.555  -39.092 0.0000000000
76964  -28.876  8.688  -40.721 0.0000000000
76963  -27.804  8.551  -39.989 0.0000000000
120563  -28.425  9.405  -40.612 0.0000000000
134850  -28.631  9.919  -41.072 0.0000000000
77854  -29.902  10.038  -41.737 0.0000000000
78777  -30.018  10.812  -41.994 0.0000000000
77855  -30.682  10.074  -41.562 0.0000000000
132542  -31.809  9.888  -40.274 0.0000000000
77848  -31.450  10.562  -40.362 0.0000000000
138873  -25.336  4.289  -34.021 0.0000000000
72144  -25.699  4.765  -34.191 0.0000000000
72145  -26.254  4.844  -34.241 0.0000000000
81385  -27.387  14.379  -37.573 0.0000000000
80483  -27.447  13.556  -36.141 0.0000000000
79625  -27.496  12.715  -36.550 0.0000000000
75138  -26.877  6.704  -36.233 0.0000000000
74198  -28.100  6.873  -36.239 0.0000000000
74199  -29.457  7.152  -36.525 0.0000000000
74192  -29.061  6.656  -35.585 0.0000000000
68165  -22.409  0.510  -32.929 0.0000000000
68153  -22.966  0.380  -32.219 0.0000000000
68154  -23.500  0.402  -31.425 0.0000000000
138986  -24.063  7.845  -34.172 0.0000000000
75124  -22.495  7.491  -34.288 0.0000000000
128262  -22.690  6.719  -33.907 0.0000000000
74178  -23.562  6.410  -33.719 0.0000000000
91769  -26.877  26.407  -36.943 0.0000000000
139038  -27.323  26.190  -37.474 0.0000000000
90984  -27.603  25.625  -37.768 0.0000000000
90163  -27.683  24.865  -38.287 0.0000000000
88503  -27.381  22.610  -37.662 0.0000000000
126204  -26.798  21.855  -38.478 0.0000000000
88511  -25.925  22.541  -39.747 0.0000000000
88525  -24.449  22.528  -40.856 0.0000000000
87641  -24.272  21.672  -40.928 0.0000000000
86722  -23.932  20.717  -41.261 0.0000000000
84025  -25.318  17.524  -40.664 0.0000000000
84862  -24.931  18.102  -40.930 0.0000000000
84024  -24.721  17.485  -41.491 0.0000000000
84032  -24.035  17.390  -42.287 0.0000000000
84043  -23.939  17.638  -43.554 0.0000000000
84885  -24.413  17.749  -43.797 0.0000000000
83187  -24.401  16.960  -43.386 0.0000000000
83195  -25.278  16.628  -43.764 0.0000000000
130517  -26.039  16.366  -44.053 0.0000000000
80543  -27.843  13.301  -42.746 0.0000000000
81421  -27.710  14.323  -43.420 0.0000000000
80548  -29.027  13.631  -44.129 0.0000000000
125942  -29.448  13.574  -43.380 0.0000000000
81419  -29.387  14.111  -42.608 0.0000000000
79653  -30.017  12.234  -41.808 0.0000000000
78734  -26.657  11.491  -34.849 0.0000000000
77819  -26.751  10.609  -35.027 0.0000000000
77834  -27.309  9.642  -37.714 0.0000000000
76076  -29.798  8.427  -41.133 0.0000000000
76971  -31.075  9.193  -41.438 0.0000000000
76972  -31.795  9.118  -41.029 0.0000000000
136809  -31.899  9.908  -39.390 0.0000000000
76957  -32.036  9.468  -38.733 0.0000000000
70282  -23.534  2.319  -33.656 0.0000000000
125510  -23.574  3.689  -33.540 0.0000000000
129163  -24.349  3.824  -33.759 0.0000000000
71178  -24.686  3.521  -33.804 0.0000000000
71179  -25.232  3.727  -33.869 0.0000000000
132568  -26.518  16.146  -39.010 0.0000000000
82266  -26.241  15.762  -39.716 0.0000000000
82280  -25.852  15.687  -41.524 0.0000000000
121266  -26.112  15.401  -40.574 0.0000000000
119858  -26.463  14.759  -40.434 0.0000000000
81416  -26.877  14.193  -40.809 0.0000000000
130309  -27.126  14.065  -39.018 0.0000000000
80518  -27.152  13.699  -39.556 0.0000000000
80529  -27.144  13.594  -40.283 0.0000000000
79652  -27.459  12.756  -40.736 0.0000000000
78769  -27.738  11.699  -41.044 0.0000000000
76927  -26.202  9.133  -34.992 0.0000000000
76936  -27.049  9.022  -36.043 0.0000000000
141682  -26.631  8.796  -35.562 0.0000000000
75154  -27.186  7.195  -37.757 0.0000000000
76054  -26.934  7.045  -38.752 0.0000000000
75162  -27.835  7.198  -39.098 0.0000000000
75163  -29.378  7.553  -39.443 0.0000000000
75164  -30.707  7.212  -40.185 0.0000000000
75165  -31.720  6.641  -40.855 0.0000000000
74200  -30.486  6.623  -36.979 0.0000000000
65268  -21.374  -2.116  -29.245 0.0000000000
69243  -22.449  1.561  -33.363 0.0000000000
68181  -23.256  1.405  -33.386 0.0000000000
69244  -23.090  1.710  -33.573 0.0000000000
69245  -23.654  1.827  -33.523 0.0000000000
76926  -25.467  9.508  -34.586 0.0000000000
76032  -25.677  8.365  -34.747 0.0000000000
75127  -26.192  7.268  -35.222 0.0000000000
75126  -25.528  7.330  -34.630 0.0000000000
74181  -26.147  6.514  -35.003 0.0000000000
93281  -23.307  28.449  -36.250 0.0000000000
123327  -24.750  26.747  -35.388 0.0000000000
91767  -25.313  26.762  -36.049 0.0000000000
93297  -25.217  28.422  -37.834 0.0000000000
92561  -27.216  27.281  -39.045 0.0000000000
134526  -27.090  26.907  -39.753 0.0000000000
92588  -26.473  27.506  -41.232 0.0000000000
91809  -26.227  26.678  -41.542 0.0000000000
91808  -25.357  26.095  -42.121 0.0000000000
91008  -24.929  25.304  -41.889 0.0000000000
89368  -27.229  23.976  -38.865 0.0000000000
89363  -27.348  23.226  -38.213 0.0000000000
90166  -26.723  24.365  -39.794 0.0000000000
90171  -26.237  24.713  -40.526 0.0000000000
90997  -25.692  24.992  -41.185 0.0000000000
90174  -23.461  24.862  -42.475 0.0000000000
89405  -21.398  23.652  -43.634 0.0000000000
88541  -21.885  22.884  -42.355 0.0000000000
89387  -21.433  23.384  -42.809 0.0000000000
120995  -26.356  19.734  -38.721 0.0000000000
86711  -26.043  20.110  -39.351 0.0000000000
86723  -24.675  20.035  -40.792 0.0000000000
86729  -22.768  20.213  -42.040 0.0000000000
135907  -23.331  18.584  -42.109 0.0000000000
85787  -23.014  19.277  -42.100 0.0000000000
85786  -21.873  19.444  -42.832 0.0000000000
86737  -21.169  19.917  -43.478 0.0000000000
86744  -21.658  20.142  -44.133 0.0000000000
84886  -25.209  18.139  -43.850 0.0000000000
85805  -25.722  18.945  -43.544 0.0000000000
84877  -27.112  18.599  -42.821 0.0000000000
84870  -27.772  18.786  -42.100 0.0000000000
82281  -26.225  15.280  -42.263 0.0000000000
127327  -27.220  15.829  -44.242 0.0000000000
82290  -27.846  14.968  -44.218 0.0000000000
130798  -27.836  15.417  -44.196 0.0000000000
83189  -27.547  16.246  -43.964 0.0000000000
81406  -29.414  14.012  -41.107 0.0000000000
79611  -27.318  12.828  -35.653 0.0000000000
131463  -27.451  11.930  -36.019 0.0000000000
130052  -27.578  11.824  -37.059 0.0000000000
141996  -27.612  11.729  -38.990 0.0000000000
78763  -27.647  11.512  -39.805 0.0000000000
78770  -28.281  10.866  -41.521 0.0000000000
76956  -26.955  7.737  -39.738 0.0000000000
76955  -26.994  8.651  -39.488 0.0000000000
131304  -27.513  9.850  -39.432 0.0000000000
77853  -28.189  10.151  -40.825 0.0000000000
78776  -29.150  11.149  -42.251 0.0000000000
79661  -29.690  11.526  -42.438 0.0000000000
79654  -30.115  11.488  -42.074 0.0000000000
125058  -30.514  11.657  -41.151 0.0000000000
77847  -31.187  10.526  -41.155 0.0000000000
78764  -31.063  11.163  -40.656 0.0000000000
124493  -30.671  11.975  -39.789 0.0000000000
74168  -23.942  5.721  -33.599 0.0000000000
72127  -24.624  4.504  -33.808 0.0000000000
73134  -24.840  5.313  -33.889 0.0000000000
73135  -25.593  5.249  -34.302 0.0000000000
73136  -26.093  5.374  -34.555 0.0000000000
68180  -22.765  1.128  -33.353 0.0000000000
74197  -27.213  6.607  -36.188 0.0000000000
76969  -29.161  9.730  -41.308 0.0000000000
77860  -28.802  10.360  -41.522 0.0000000000
79610  -26.865  12.935  -35.015 0.0000000000
79659  -28.771  11.858  -42.839 0.0000000000
80539  -27.368  13.420  -41.410 0.0000000000
80545  -28.633  13.311  -43.709 0.0000000000
80547  -29.476  12.966  -43.399 0.0000000000
81390  -26.859  14.743  -39.025 0.0000000000
81422  -29.291  14.199  -43.753 0.0000000000
82282  -28.644  15.544  -43.112 0.0000000000
82289  -26.634  15.911  -44.129 0.0000000000
83167  -25.654  16.774  -40.471 0.0000000000
83196  -26.647  16.291  -44.162 0.0000000000
84037  -23.255  18.092  -43.496 0.0000000000
84039  -27.846  16.941  -43.162 0.0000000000
84044  -24.808  17.162  -43.865 0.0000000000
84861  -24.136  18.188  -41.646 0.0000000000
84875  -23.648  17.545  -43.078 0.0000000000
85795  -21.599  19.509  -43.918 0.0000000000
85802  -22.375  18.742  -43.980 0.0000000000
86736  -20.965  20.477  -43.754 0.0000000000
88502  -27.056  22.467  -38.374 0.0000000000
88512  -26.463  22.247  -39.066 0.0000000000
88526  -25.167  22.152  -40.287 0.0000000000
88548  -20.450  22.621  -43.463 0.0000000000
89362  -26.814  23.020  -38.893 0.0000000000
90980  -27.348  25.671  -36.955 0.0000000000
90991  -27.256  25.956  -39.476 0.0000000000
90998  -26.422  25.494  -40.750 0.0000000000
91779  -27.161  27.076  -38.383 0.0000000000
92559  -26.130  28.225  -38.200 0.0000000000
126220  -27.464  12.927  -38.165 0.0000000000
131372  -27.503  23.973  -37.148 0.0000000000
132462  -23.750  19.909  -41.474 0.0000000000
135350  -29.242  13.590  -43.909 0.0000000000
138196  -27.294  15.541  -44.168 0.0000000000
139031  -20.341  22.334  -43.499 0.0000000000
140261  -25.826  15.806  -40.889 0.0000000000
141513  -28.893  12.723  -43.611 0.0000000000
