#!ascii label  , from subject sub-s005 vox2ras=TkReg
256
81011  28.056  8.955  -34.031 0.0000000000
73102  24.666  -0.152  -32.440 0.0000000000
133512  27.007  13.910  -32.423 0.0000000000
92490  24.632  24.184  -33.034 0.0000000000
72167  22.682  -1.018  -31.331 0.0000000000
86847  27.529  16.541  -34.926 0.0000000000
88600  27.479  18.873  -34.811 0.0000000000
79227  25.845  7.371  -31.492 0.0000000000
76708  26.033  3.917  -32.011 0.0000000000
77532  27.524  5.104  -35.134 0.0000000000
81905  27.957  10.415  -37.020 0.0000000000
79271  28.666  7.375  -37.746 0.0000000000
82705  27.586  11.560  -33.163 0.0000000000
84338  27.172  13.263  -36.413 0.0000000000
141548  25.407  21.813  -32.501 0.0000000000
90977  27.479  21.370  -34.523 0.0000000000
73998  25.496  0.636  -33.955 0.0000000000
133510  27.263  18.006  -32.567 0.0000000000
133041  26.613  19.341  -32.169 0.0000000000
132213  27.539  7.946  -32.597 0.0000000000
78328  27.377  6.474  -32.702 0.0000000000
79257  28.121  7.280  -34.371 0.0000000000
72166  23.560  -1.046  -31.684 0.0000000000
84297  27.234  13.079  -32.658 0.0000000000
135718  27.511  12.531  -34.735 0.0000000000
84314  27.519  13.829  -34.374 0.0000000000
87710  26.439  16.784  -36.747 0.0000000000
85974  26.886  15.470  -36.376 0.0000000000
138593  22.908  23.770  -32.723 0.0000000000
91733  23.217  22.351  -32.917 0.0000000000
91731  25.097  22.898  -32.702 0.0000000000
93949  27.034  25.426  -36.820 0.0000000000
92502  27.354  23.847  -36.729 0.0000000000
91745  27.599  23.041  -35.469 0.0000000000
91749  27.326  22.344  -36.708 0.0000000000
90290  27.249  20.853  -36.430 0.0000000000
75791  26.192  2.488  -34.581 0.0000000000
74893  25.724  2.009  -34.213 0.0000000000
71249  21.290  -1.444  -30.935 0.0000000000
133477  27.524  15.068  -33.325 0.0000000000
86831  27.437  16.566  -32.834 0.0000000000
87690  27.626  17.485  -34.370 0.0000000000
88617  26.443  18.406  -36.862 0.0000000000
131738  24.557  5.109  -31.221 0.0000000000
77501  26.171  5.105  -31.726 0.0000000000
76706  27.046  4.572  -33.352 0.0000000000
76732  27.244  4.054  -35.221 0.0000000000
81021  28.014  9.703  -35.614 0.0000000000
80132  28.297  8.165  -35.954 0.0000000000
80150  28.444  8.884  -37.819 0.0000000000
80992  26.900  9.370  -31.832 0.0000000000
125885  26.745  10.989  -31.917 0.0000000000
122560  27.831  9.812  -33.882 0.0000000000
132383  27.682  11.036  -34.865 0.0000000000
130291  27.408  11.801  -36.695 0.0000000000
83561  27.583  12.527  -38.045 0.0000000000
85110  27.240  14.805  -35.739 0.0000000000
127243  27.069  13.857  -37.196 0.0000000000
90240  25.539  20.773  -32.226 0.0000000000
93190  26.171  24.349  -33.632 0.0000000000
92488  26.503  23.513  -33.500 0.0000000000
90966  26.623  21.700  -32.857 0.0000000000
90259  26.988  20.859  -33.044 0.0000000000
90272  27.506  20.468  -35.056 0.0000000000
89467  26.930  19.300  -36.451 0.0000000000
73976  24.588  0.884  -32.011 0.0000000000
75767  25.386  3.510  -31.597 0.0000000000
78360  28.014  6.583  -36.123 0.0000000000
76737  27.886  4.063  -36.372 0.0000000000
88569  25.962  18.635  -31.603 0.0000000000
80121  27.950  8.034  -33.640 0.0000000000
79239  27.747  7.111  -33.275 0.0000000000
70323  21.195  -2.839  -30.653 0.0000000000
70344  21.720  -2.293  -30.930 0.0000000000
73103  23.764  -0.279  -31.648 0.0000000000
84296  27.493  13.694  -33.271 0.0000000000
128947  26.008  17.497  -37.300 0.0000000000
86872  26.116  16.093  -37.510 0.0000000000
92491  23.735  24.045  -32.795 0.0000000000
124662  22.577  23.088  -32.965 0.0000000000
91732  24.219  22.666  -32.676 0.0000000000
92489  25.221  23.637  -32.961 0.0000000000
91759  27.187  23.041  -37.218 0.0000000000
91760  26.883  22.199  -37.523 0.0000000000
74916  26.576  2.198  -35.168 0.0000000000
74906  26.138  1.645  -34.890 0.0000000000
119167  22.969  0.543  -31.119 0.0000000000
133511  27.220  15.948  -32.553 0.0000000000
87675  27.105  17.220  -32.231 0.0000000000
87674  27.532  18.155  -33.507 0.0000000000
132800  27.548  18.314  -34.335 0.0000000000
126448  27.380  18.056  -35.235 0.0000000000
88610  27.198  18.646  -35.905 0.0000000000
93194  23.519  24.765  -32.616 0.0000000000
77502  25.159  5.734  -31.233 0.0000000000
128391  25.977  6.021  -31.448 0.0000000000
133345  27.641  5.717  -34.100 0.0000000000
77514  27.354  5.596  -33.162 0.0000000000
77523  27.350  4.823  -34.170 0.0000000000
76720  26.944  3.824  -34.493 0.0000000000
72168  21.719  -0.833  -31.080 0.0000000000
71248  22.368  -1.798  -31.214 0.0000000000
81028  28.017  9.887  -36.490 0.0000000000
81020  28.213  9.055  -36.507 0.0000000000
81027  28.176  9.679  -37.358 0.0000000000
80983  26.329  8.943  -31.625 0.0000000000
82706  27.186  11.653  -32.380 0.0000000000
81877  27.427  10.857  -32.605 0.0000000000
81868  27.646  10.057  -32.916 0.0000000000
81876  27.690  10.717  -33.735 0.0000000000
81888  27.821  10.221  -34.783 0.0000000000
142619  27.634  11.486  -34.052 0.0000000000
82717  27.579  11.847  -34.853 0.0000000000
83545  27.325  12.336  -35.844 0.0000000000
83556  27.330  12.451  -37.071 0.0000000000
85951  27.666  15.853  -34.363 0.0000000000
132926  27.668  15.177  -34.024 0.0000000000
138322  27.507  15.236  -34.803 0.0000000000
85127  26.793  14.674  -36.981 0.0000000000
142382  27.365  13.693  -37.747 0.0000000000
132562  24.149  21.846  -32.648 0.0000000000
130041  23.347  21.439  -32.811 0.0000000000
125042  24.118  21.071  -32.506 0.0000000000
90241  24.730  20.660  -32.199 0.0000000000
90955  24.972  21.402  -32.381 0.0000000000
93207  27.383  24.645  -36.186 0.0000000000
93196  27.220  24.417  -34.815 0.0000000000
92493  27.108  23.735  -34.202 0.0000000000
121900  27.575  22.145  -35.170 0.0000000000
91743  27.390  22.193  -34.108 0.0000000000
90965  27.226  21.512  -33.563 0.0000000000
90258  27.378  20.691  -33.902 0.0000000000
89442  27.199  20.188  -33.339 0.0000000000
90291  26.587  20.714  -37.367 0.0000000000
133636  26.690  20.013  -36.892 0.0000000000
129851  25.994  19.848  -37.853 0.0000000000
89472  26.211  19.095  -37.407 0.0000000000
124947  23.731  1.770  -31.095 0.0000000000
76691  25.410  4.595  -31.366 0.0000000000
76692  24.596  4.274  -31.104 0.0000000000
74894  25.387  1.547  -33.576 0.0000000000
73975  24.989  1.197  -32.825 0.0000000000
79266  28.231  7.356  -36.620 0.0000000000
78367  28.359  6.586  -37.235 0.0000000000
88568  26.813  18.541  -32.118 0.0000000000
88585  27.220  18.756  -32.860 0.0000000000
88584  27.427  18.902  -33.797 0.0000000000
79226  26.679  7.313  -31.708 0.0000000000
78329  26.937  6.598  -31.992 0.0000000000
79240  27.288  7.222  -32.289 0.0000000000
78339  27.631  6.291  -33.443 0.0000000000
136258  27.775  5.963  -34.805 0.0000000000
71247  23.304  -1.754  -31.612 0.0000000000
71246  24.010  -1.569  -31.851 0.0000000000
82741  28.083  10.955  -37.697 0.0000000000
81904  28.209  10.264  -37.861 0.0000000000
83503  26.892  12.414  -32.259 0.0000000000
83519  27.429  12.318  -32.839 0.0000000000
133478  27.518  12.889  -33.245 0.0000000000
132927  27.536  13.061  -34.064 0.0000000000
83533  27.393  13.161  -35.151 0.0000000000
86861  27.071  16.296  -36.012 0.0000000000
85963  27.363  15.711  -35.368 0.0000000000
86871  26.514  15.999  -36.778 0.0000000000
123222  24.957  22.151  -32.555 0.0000000000
93213  27.197  24.577  -37.036 0.0000000000
92499  27.517  23.786  -35.850 0.0000000000
92496  27.486  23.724  -35.035 0.0000000000
136913  27.590  22.477  -35.963 0.0000000000
91002  27.504  21.746  -36.164 0.0000000000
90988  27.525  21.203  -35.529 0.0000000000
91003  27.058  21.535  -37.020 0.0000000000
91017  26.505  21.394  -37.841 0.0000000000
75779  26.227  3.186  -33.146 0.0000000000
118416  22.092  -0.301  -31.158 0.0000000000
73104  22.870  -0.284  -31.221 0.0000000000
73977  23.871  0.636  -31.432 0.0000000000
85064  26.680  14.785  -32.276 0.0000000000
85078  27.362  14.548  -32.894 0.0000000000
85937  27.254  15.304  -32.699 0.0000000000
85936  27.572  15.797  -33.363 0.0000000000
86830  27.717  16.611  -33.825 0.0000000000
133475  27.573  17.360  -33.197 0.0000000000
87702  27.253  17.176  -35.638 0.0000000000
87703  26.829  17.764  -36.307 0.0000000000
140676  23.172  24.222  -32.620 0.0000000000
93192  24.904  24.762  -33.328 0.0000000000
131387  27.064  5.986  -32.357 0.0000000000
77515  26.854  5.261  -32.434 0.0000000000
76707  26.579  4.283  -32.625 0.0000000000
76721  26.615  3.558  -33.800 0.0000000000
75790  26.512  2.916  -34.925 0.0000000000
75801  26.919  2.940  -35.496 0.0000000000
81010  28.220  8.935  -35.249 0.0000000000
80133  28.217  8.127  -34.768 0.0000000000
80143  28.345  8.142  -37.160 0.0000000000
130908  28.877  8.097  -38.318 0.0000000000
79278  29.391  7.500  -38.683 0.0000000000
80101  26.354  8.124  -31.592 0.0000000000
80113  27.169  8.644  -31.963 0.0000000000
80112  27.706  8.742  -32.942 0.0000000000
130558  27.030  10.123  -31.994 0.0000000000
80991  27.395  9.398  -32.435 0.0000000000
80999  27.754  9.398  -33.223 0.0000000000
127565  28.009  9.530  -34.701 0.0000000000
81897  27.749  10.541  -35.940 0.0000000000
82727  27.502  11.435  -35.858 0.0000000000
82735  27.669  11.145  -36.832 0.0000000000
123498  27.660  11.734  -37.690 0.0000000000
83560  28.233  12.041  -38.573 0.0000000000
85077  27.574  14.491  -33.725 0.0000000000
85094  27.497  14.588  -34.668 0.0000000000
84325  27.296  13.951  -35.458 0.0000000000
130586  27.075  14.077  -36.414 0.0000000000
84346  27.337  13.152  -37.474 0.0000000000
89427  25.150  20.176  -31.908 0.0000000000
93191  25.505  24.978  -33.666 0.0000000000
93904  26.196  25.155  -34.140 0.0000000000
118194  25.400  24.301  -33.281 0.0000000000
136285  25.859  23.796  -33.230 0.0000000000
91740  25.851  23.121  -33.003 0.0000000000
91730  25.807  22.260  -32.675 0.0000000000
127724  27.479  22.969  -34.582 0.0000000000
131523  26.530  22.617  -33.147 0.0000000000
90954  25.831  21.467  -32.454 0.0000000000
90239  26.344  20.846  -32.502 0.0000000000
89426  26.050  20.149  -32.056 0.0000000000
89443  26.771  20.153  -32.641 0.0000000000
89456  27.437  19.739  -34.182 0.0000000000
140936  27.465  20.661  -35.790 0.0000000000
90282  27.367  20.121  -36.060 0.0000000000
89462  27.424  19.515  -35.427 0.0000000000
75768  24.564  3.179  -31.128 0.0000000000
75780  25.743  2.793  -32.593 0.0000000000
74875  25.235  2.367  -32.024 0.0000000000
74876  24.614  2.008  -31.559 0.0000000000
79256  28.206  7.346  -35.474 0.0000000000
78349  28.034  6.585  -35.075 0.0000000000
77531  27.797  5.836  -35.656 0.0000000000
130389  28.085  5.748  -36.651 0.0000000000
77539  27.774  4.950  -36.142 0.0000000000
134795  27.507  4.289  -35.814 0.0000000000
77500  26.578  5.949  -31.846 0.0000000000
78315  26.280  6.654  -31.569 0.0000000000
78350  27.897  6.497  -34.151 0.0000000000
83518  27.581  12.249  -33.801 0.0000000000
84352  27.627  13.844  -38.166 0.0000000000
85975  26.494  15.463  -37.305 0.0000000000
91739  27.052  22.194  -33.412 0.0000000000
92481  24.394  23.460  -32.793 0.0000000000
92487  27.105  22.887  -33.757 0.0000000000
93197  26.713  24.477  -34.215 0.0000000000
93940  27.182  25.388  -36.013 0.0000000000
131873  27.106  7.863  -31.875 0.0000000000
133042  26.550  17.883  -31.797 0.0000000000
133474  27.205  19.519  -33.120 0.0000000000
