#!ascii label  , from subject sub-s019 vox2ras=TkReg
304
105420  31.509  18.852  -32.979 0.0000000000
94453  31.829  6.451  -29.583 0.0000000000
166166  29.388  25.974  -32.940 0.0000000000
121570  26.744  37.569  -33.699 0.0000000000
158994  30.349  3.936  -30.358 0.0000000000
165840  30.588  29.138  -31.510 0.0000000000
117684  30.281  32.448  -31.337 0.0000000000
165682  30.399  15.812  -34.098 0.0000000000
99961  31.494  12.489  -31.912 0.0000000000
102654  31.776  15.448  -30.646 0.0000000000
109203  32.266  22.311  -31.327 0.0000000000
104456  32.443  17.642  -29.653 0.0000000000
109222  30.231  22.033  -33.355 0.0000000000
112603  31.461  26.265  -30.950 0.0000000000
119306  27.165  34.648  -33.769 0.0000000000
120056  29.712  35.639  -31.607 0.0000000000
96324  32.036  8.633  -28.879 0.0000000000
116849  29.552  31.130  -32.103 0.0000000000
152720  28.650  32.250  -32.598 0.0000000000
166580  31.190  17.227  -33.527 0.0000000000
102673  31.571  15.322  -32.658 0.0000000000
104478  31.867  17.077  -32.022 0.0000000000
93549  30.928  5.655  -30.441 0.0000000000
110976  29.715  24.278  -32.892 0.0000000000
110958  31.027  24.529  -31.699 0.0000000000
111790  30.050  25.780  -32.185 0.0000000000
116001  31.488  30.959  -30.368 0.0000000000
115096  31.606  29.408  -30.505 0.0000000000
172368  23.970  36.564  -33.080 0.0000000000
119308  25.582  34.342  -33.835 0.0000000000
120081  27.464  35.967  -33.630 0.0000000000
158538  31.121  41.072  -30.414 0.0000000000
123062  31.266  39.521  -30.063 0.0000000000
121531  29.732  37.295  -30.763 0.0000000000
122293  30.905  37.716  -29.782 0.0000000000
120764  30.857  36.178  -29.783 0.0000000000
99947  31.685  12.218  -30.136 0.0000000000
98154  31.541  10.461  -30.017 0.0000000000
91806  29.748  3.419  -30.492 0.0000000000
172752  29.923  27.171  -32.298 0.0000000000
114306  29.653  28.838  -32.337 0.0000000000
116848  30.305  31.147  -31.493 0.0000000000
117680  30.768  32.668  -30.706 0.0000000000
99991  30.952  12.746  -33.517 0.0000000000
168200  31.146  13.883  -33.508 0.0000000000
174013  31.601  13.484  -30.795 0.0000000000
100858  32.150  13.325  -29.148 0.0000000000
107359  31.834  20.682  -32.108 0.0000000000
105410  32.331  18.652  -31.205 0.0000000000
154282  32.698  19.978  -30.207 0.0000000000
106386  30.455  19.347  -33.922 0.0000000000
168677  29.792  20.696  -34.065 0.0000000000
107367  31.273  20.670  -32.884 0.0000000000
110117  31.399  22.853  -32.046 0.0000000000
110083  32.210  23.952  -30.985 0.0000000000
111757  32.522  25.362  -30.110 0.0000000000
113461  30.886  27.555  -31.293 0.0000000000
174680  32.006  27.247  -30.146 0.0000000000
163049  27.413  33.024  -33.337 0.0000000000
121544  28.839  37.920  -31.973 0.0000000000
120804  28.776  36.599  -32.581 0.0000000000
152125  28.719  35.015  -32.837 0.0000000000
118521  29.141  33.756  -32.413 0.0000000000
119285  30.140  34.093  -31.408 0.0000000000
119278  31.030  34.174  -30.084 0.0000000000
164884  30.832  7.858  -30.823 0.0000000000
165920  31.351  11.098  -32.352 0.0000000000
103518  32.245  16.888  -29.893 0.0000000000
101713  32.442  14.859  -28.587 0.0000000000
116856  28.208  31.489  -32.951 0.0000000000
104500  31.362  18.070  -33.353 0.0000000000
103540  31.580  16.720  -32.912 0.0000000000
105411  32.085  17.970  -31.842 0.0000000000
89966  28.984  2.039  -30.592 0.0000000000
93536  31.526  5.655  -29.864 0.0000000000
111791  29.585  25.140  -32.880 0.0000000000
110975  30.230  24.821  -32.259 0.0000000000
116832  31.781  31.662  -29.926 0.0000000000
115989  32.115  30.898  -29.790 0.0000000000
120816  25.260  37.187  -33.951 0.0000000000
120817  24.607  36.486  -33.657 0.0000000000
120082  26.035  35.905  -34.189 0.0000000000
120815  26.361  36.650  -34.048 0.0000000000
122306  31.038  38.650  -29.875 0.0000000000
122292  31.743  38.114  -29.628 0.0000000000
180681  32.198  11.857  -28.637 0.0000000000
99049  31.946  11.356  -28.952 0.0000000000
94480  30.207  6.338  -31.392 0.0000000000
114307  29.033  28.679  -32.889 0.0000000000
115116  29.217  29.393  -32.595 0.0000000000
167097  30.016  31.892  -31.685 0.0000000000
116844  30.550  31.836  -31.116 0.0000000000
122334  25.441  39.063  -33.200 0.0000000000
101778  30.732  14.378  -33.965 0.0000000000
101764  31.334  14.527  -33.183 0.0000000000
102662  31.717  15.417  -31.604 0.0000000000
164133  31.613  14.571  -32.042 0.0000000000
166287  31.597  14.119  -31.135 0.0000000000
100859  31.739  13.202  -30.026 0.0000000000
169538  31.929  13.983  -29.638 0.0000000000
92655  29.753  4.268  -30.873 0.0000000000
170437  30.227  3.241  -30.114 0.0000000000
108302  32.067  21.498  -31.658 0.0000000000
167126  32.482  20.008  -30.984 0.0000000000
108289  32.602  21.614  -30.844 0.0000000000
105431  30.324  18.497  -34.133 0.0000000000
109214  29.817  22.746  -33.415 0.0000000000
107368  30.573  20.683  -33.488 0.0000000000
108313  30.862  21.381  -33.074 0.0000000000
108312  31.505  21.436  -32.385 0.0000000000
109213  31.086  22.153  -32.597 0.0000000000
111770  31.305  25.371  -31.268 0.0000000000
162454  31.630  24.038  -31.453 0.0000000000
110957  31.767  24.670  -31.094 0.0000000000
110939  32.334  24.706  -30.561 0.0000000000
111758  31.954  25.440  -30.700 0.0000000000
114294  30.240  28.646  -31.864 0.0000000000
113462  30.371  27.364  -31.827 0.0000000000
114293  30.893  28.422  -31.252 0.0000000000
114277  31.871  28.821  -30.210 0.0000000000
113424  32.366  27.745  -29.633 0.0000000000
119307  26.343  34.521  -33.991 0.0000000000
118535  25.459  33.623  -33.665 0.0000000000
118533  26.865  33.773  -33.718 0.0000000000
117698  26.412  32.817  -33.571 0.0000000000
177778  30.705  39.923  -30.332 0.0000000000
123815  30.399  40.639  -30.486 0.0000000000
122319  29.113  38.372  -31.106 0.0000000000
120792  29.115  37.175  -32.078 0.0000000000
171661  29.693  36.277  -31.369 0.0000000000
120803  29.348  36.321  -32.045 0.0000000000
120068  29.208  35.466  -32.349 0.0000000000
119295  28.548  34.248  -32.902 0.0000000000
154837  29.700  34.825  -31.828 0.0000000000
119286  29.609  34.143  -32.012 0.0000000000
120055  30.201  35.051  -31.004 0.0000000000
120763  31.566  36.365  -29.443 0.0000000000
159285  30.757  34.926  -30.183 0.0000000000
120031  31.887  35.552  -29.317 0.0000000000
120042  31.440  34.852  -29.636 0.0000000000
96370  30.431  8.576  -32.110 0.0000000000
99972  31.335  12.570  -32.912 0.0000000000
99108  31.147  12.100  -33.202 0.0000000000
99082  31.480  11.628  -31.696 0.0000000000
176785  31.513  9.800  -29.781 0.0000000000
97248  31.586  9.151  -29.525 0.0000000000
162207  31.274  8.515  -30.327 0.0000000000
105399  32.474  18.379  -30.293 0.0000000000
104468  32.329  17.495  -30.470 0.0000000000
158051  28.775  29.895  -32.872 0.0000000000
116020  28.678  30.696  -32.831 0.0000000000
116855  28.888  31.531  -32.498 0.0000000000
165535  29.377  32.070  -32.146 0.0000000000
103551  31.090  16.299  -33.685 0.0000000000
102681  31.084  15.303  -33.728 0.0000000000
156325  31.498  15.961  -33.098 0.0000000000
103529  31.756  16.188  -32.114 0.0000000000
161198  31.853  16.122  -31.091 0.0000000000
92654  30.506  4.830  -30.579 0.0000000000
92639  30.982  4.357  -29.979 0.0000000000
92638  31.771  4.759  -29.584 0.0000000000
91790  32.169  3.881  -29.121 0.0000000000
110082  32.706  23.493  -30.534 0.0000000000
169306  29.322  23.847  -33.525 0.0000000000
110119  29.799  23.468  -33.098 0.0000000000
110118  30.561  22.966  -32.679 0.0000000000
159173  30.370  23.924  -32.359 0.0000000000
111771  30.676  25.305  -31.751 0.0000000000
168304  30.780  26.029  -31.550 0.0000000000
115097  31.213  30.185  -30.881 0.0000000000
115107  31.104  29.280  -31.065 0.0000000000
116000  31.832  30.153  -30.175 0.0000000000
155570  26.633  35.455  -34.016 0.0000000000
174001  27.318  35.252  -33.726 0.0000000000
123814  31.386  40.369  -30.277 0.0000000000
123063  30.418  39.181  -30.326 0.0000000000
122307  30.045  38.138  -30.465 0.0000000000
121530  30.257  37.176  -30.205 0.0000000000
120775  30.369  36.402  -30.220 0.0000000000
120043  30.522  35.662  -30.262 0.0000000000
121519  30.893  36.860  -29.723 0.0000000000
121518  31.634  37.261  -29.511 0.0000000000
99955  31.573  12.092  -31.063 0.0000000000
165263  31.556  11.300  -30.736 0.0000000000
99064  31.709  11.367  -29.717 0.0000000000
98135  31.747  10.794  -29.303 0.0000000000
169337  29.251  2.902  -30.512 0.0000000000
92656  28.916  4.297  -31.006 0.0000000000
92670  30.008  5.031  -31.129 0.0000000000
93550  30.370  5.624  -31.012 0.0000000000
94466  30.706  6.376  -30.793 0.0000000000
95410  31.012  7.120  -30.518 0.0000000000
175178  29.241  26.644  -33.088 0.0000000000
112629  29.704  26.576  -32.510 0.0000000000
113476  29.391  27.246  -32.836 0.0000000000
113463  29.772  27.991  -32.397 0.0000000000
115109  29.962  29.484  -31.942 0.0000000000
116019  29.369  30.158  -32.322 0.0000000000
116013  30.079  30.384  -31.745 0.0000000000
115108  30.638  29.843  -31.426 0.0000000000
116002  30.887  31.073  -30.957 0.0000000000
116843  31.130  31.779  -30.498 0.0000000000
117673  31.475  32.476  -30.009 0.0000000000
121572  24.351  37.443  -33.266 0.0000000000
121560  25.222  38.220  -33.566 0.0000000000
121559  26.567  38.482  -33.438 0.0000000000
100905  31.241  13.265  -33.268 0.0000000000
166458  31.446  13.095  -32.531 0.0000000000
177057  31.566  13.974  -31.876 0.0000000000
100866  31.593  12.814  -30.915 0.0000000000
99946  31.936  12.680  -29.414 0.0000000000
161567  32.275  12.577  -28.660 0.0000000000
106369  31.604  19.784  -32.679 0.0000000000
157902  32.013  18.977  -32.062 0.0000000000
174640  32.319  19.373  -31.329 0.0000000000
106358  32.516  19.269  -30.636 0.0000000000
106344  32.682  19.201  -29.803 0.0000000000
176129  32.908  21.311  -30.181 0.0000000000
105388  32.647  18.414  -29.327 0.0000000000
104501  30.770  17.847  -33.985 0.0000000000
173330  31.129  19.331  -33.381 0.0000000000
107379  30.274  20.101  -33.891 0.0000000000
106379  30.910  19.986  -33.388 0.0000000000
172923  31.921  22.776  -31.595 0.0000000000
110104  31.154  23.618  -31.950 0.0000000000
110103  31.799  23.399  -31.532 0.0000000000
110102  32.313  23.104  -31.132 0.0000000000
112617  30.274  26.627  -31.924 0.0000000000
112616  30.851  26.814  -31.393 0.0000000000
178103  31.275  27.038  -30.961 0.0000000000
114278  31.467  28.624  -30.647 0.0000000000
113441  31.438  27.693  -30.700 0.0000000000
166641  31.677  26.894  -30.582 0.0000000000
170885  32.163  26.285  -30.260 0.0000000000
121545  27.976  38.184  -32.374 0.0000000000
166383  28.285  38.537  -31.618 0.0000000000
121558  27.523  37.735  -33.196 0.0000000000
120814  27.248  36.926  -33.618 0.0000000000
120805  28.040  36.752  -33.158 0.0000000000
120069  28.475  35.825  -32.940 0.0000000000
120791  29.508  36.894  -31.417 0.0000000000
178498  28.981  36.053  -32.490 0.0000000000
119305  27.965  34.979  -33.380 0.0000000000
118532  27.767  33.972  -33.407 0.0000000000
118522  28.422  33.204  -32.921 0.0000000000
117690  29.223  32.904  -32.306 0.0000000000
118514  29.719  33.456  -31.884 0.0000000000
118513  30.237  33.163  -31.322 0.0000000000
119279  30.556  34.360  -30.706 0.0000000000
118509  30.663  33.632  -30.737 0.0000000000
118508  31.241  33.345  -30.041 0.0000000000
162125  31.842  34.051  -29.522 0.0000000000
96356  30.403  7.866  -31.608 0.0000000000
98190  31.073  10.537  -32.904 0.0000000000
178890  31.435  10.946  -31.564 0.0000000000
98167  31.410  10.366  -31.057 0.0000000000
97272  31.188  9.631  -31.571 0.0000000000
96355  30.887  8.726  -31.285 0.0000000000
156334  31.269  7.754  -30.228 0.0000000000
104469  32.187  17.326  -31.253 0.0000000000
103519  32.146  16.776  -30.718 0.0000000000
103504  31.982  16.157  -30.198 0.0000000000
103503  32.253  16.205  -29.255 0.0000000000
102641  31.951  15.447  -29.769 0.0000000000
101732  32.110  14.741  -29.353 0.0000000000
161901  32.348  14.087  -28.847 0.0000000000
91807  29.118  3.568  -30.736 0.0000000000
92653  31.121  5.052  -30.064 0.0000000000
94465  31.273  6.412  -30.207 0.0000000000
98177  31.309  10.350  -32.025 0.0000000000
99091  31.364  11.861  -32.578 0.0000000000
99934  31.924  12.025  -29.223 0.0000000000
100889  31.452  13.804  -32.640 0.0000000000
101733  31.730  14.649  -30.251 0.0000000000
101743  31.673  14.847  -31.122 0.0000000000
104489  31.694  17.558  -32.722 0.0000000000
105400  32.332  17.961  -31.026 0.0000000000
105430  30.983  18.654  -33.752 0.0000000000
106368  32.143  19.933  -31.759 0.0000000000
107346  32.664  20.729  -30.567 0.0000000000
107358  32.330  20.748  -31.327 0.0000000000
108324  30.223  21.255  -33.605 0.0000000000
109187  32.717  22.616  -30.650 0.0000000000
109204  31.724  22.179  -31.932 0.0000000000
110128  29.204  23.100  -33.962 0.0000000000
113440  31.869  28.110  -30.148 0.0000000000
116012  30.649  30.533  -31.314 0.0000000000
118534  26.063  33.682  -33.857 0.0000000000
119294  29.183  34.576  -32.412 0.0000000000
120032  31.128  35.580  -29.694 0.0000000000
120044  30.041  35.930  -30.879 0.0000000000
120776  29.877  36.647  -30.772 0.0000000000
121543  29.316  37.622  -31.288 0.0000000000
121561  24.645  38.441  -32.947 0.0000000000
121571  26.013  37.884  -33.870 0.0000000000
124610  31.285  41.654  -30.560 0.0000000000
155222  31.768  41.059  -30.457 0.0000000000
162945  29.824  32.662  -31.780 0.0000000000
166066  30.450  27.999  -31.726 0.0000000000
166147  31.537  13.395  -31.680 0.0000000000
168662  31.670  13.890  -30.338 0.0000000000
169443  31.685  10.065  -29.181 0.0000000000
173646  31.985  16.695  -31.429 0.0000000000
175803  31.766  18.281  -32.590 0.0000000000
