#!ascii label  , from subject sub-p012 vox2ras=TkReg
299
64106  -19.312  2.186  -37.348 0.0000000000
59936  -18.028  -1.287  -35.581 0.0000000000
105537  -22.564  -1.111  -35.880 0.0000000000
57392  -20.508  -4.817  -35.610 0.0000000000
73042  -15.723  13.098  -36.322 0.0000000000
69955  -17.969  9.700  -36.098 0.0000000000
66688  -15.622  5.594  -37.359 0.0000000000
121124  -20.077  -8.508  -33.980 0.0000000000
59079  -19.429  -3.144  -35.609 0.0000000000
57379  -18.597  -5.238  -34.674 0.0000000000
71539  -16.328  11.345  -36.408 0.0000000000
69963  -14.683  9.278  -37.111 0.0000000000
63294  -16.890  1.559  -36.528 0.0000000000
64935  -15.583  3.106  -36.420 0.0000000000
64946  -17.975  3.278  -37.574 0.0000000000
119902  -18.526  6.077  -36.991 0.0000000000
65804  -20.004  3.918  -36.708 0.0000000000
64923  -21.886  2.637  -35.585 0.0000000000
61599  -15.801  -0.101  -34.760 0.0000000000
62428  -18.712  0.515  -36.753 0.0000000000
62431  -20.656  0.506  -36.541 0.0000000000
60796  -20.466  -1.517  -36.406 0.0000000000
105336  -21.639  -2.920  -35.976 0.0000000000
58207  -23.129  -4.134  -34.539 0.0000000000
108651  -13.805  7.322  -36.453 0.0000000000
68349  -16.656  7.427  -37.341 0.0000000000
68326  -19.876  7.974  -35.631 0.0000000000
112773  -17.168  -6.826  -33.416 0.0000000000
56501  -20.591  -6.508  -34.894 0.0000000000
58204  -17.697  -4.094  -34.376 0.0000000000
57364  -16.841  -5.446  -33.469 0.0000000000
70731  -14.076  10.092  -36.197 0.0000000000
69940  -13.610  9.259  -35.551 0.0000000000
63306  -18.675  1.707  -37.281 0.0000000000
64102  -17.207  2.560  -37.282 0.0000000000
64104  -18.724  2.713  -37.493 0.0000000000
104093  -18.908  3.225  -37.544 0.0000000000
118438  -19.289  2.845  -37.430 0.0000000000
64938  -20.377  3.124  -36.349 0.0000000000
64097  -20.436  2.179  -36.553 0.0000000000
60781  -17.039  -1.070  -35.115 0.0000000000
62416  -17.325  0.172  -36.010 0.0000000000
61609  -18.553  -0.679  -36.131 0.0000000000
61621  -19.585  -0.393  -36.533 0.0000000000
60782  -18.857  -1.256  -35.921 0.0000000000
58217  -20.618  -3.901  -35.863 0.0000000000
59081  -20.696  -3.098  -36.100 0.0000000000
59082  -21.238  -3.557  -35.962 0.0000000000
123351  -22.694  -3.702  -35.179 0.0000000000
58206  -22.317  -4.412  -35.084 0.0000000000
72248  -14.879  12.358  -35.397 0.0000000000
73031  -14.576  13.275  -34.185 0.0000000000
73036  -15.543  13.671  -35.752 0.0000000000
73812  -15.954  14.459  -36.007 0.0000000000
73044  -16.922  13.440  -36.644 0.0000000000
70754  -17.750  10.670  -35.915 0.0000000000
65815  -15.609  4.354  -37.096 0.0000000000
66667  -14.320  4.866  -36.056 0.0000000000
67505  -14.521  6.186  -36.929 0.0000000000
68347  -14.742  7.900  -37.379 0.0000000000
67515  -15.857  6.344  -37.473 0.0000000000
67508  -19.963  6.339  -35.879 0.0000000000
67506  -18.745  7.072  -36.512 0.0000000000
68327  -20.396  7.149  -35.504 0.0000000000
61611  -22.124  -0.459  -35.846 0.0000000000
62418  -22.230  0.407  -35.687 0.0000000000
54677  -18.102  -8.173  -33.386 0.0000000000
54688  -18.865  -7.976  -33.954 0.0000000000
56499  -18.845  -6.593  -34.436 0.0000000000
54690  -20.503  -7.948  -34.217 0.0000000000
59923  -16.943  -2.365  -34.355 0.0000000000
59937  -19.025  -2.517  -35.583 0.0000000000
59068  -18.518  -3.402  -35.053 0.0000000000
58215  -19.324  -3.939  -35.422 0.0000000000
57391  -19.263  -4.857  -35.195 0.0000000000
71521  -14.640  11.441  -35.800 0.0000000000
115206  -16.245  12.050  -36.376 0.0000000000
71537  -14.924  11.168  -36.275 0.0000000000
70752  -15.567  10.718  -36.546 0.0000000000
121539  -16.681  9.878  -36.573 0.0000000000
63283  -15.677  1.222  -35.256 0.0000000000
115582  -16.417  2.323  -36.639 0.0000000000
64944  -15.966  3.605  -37.044 0.0000000000
105046  -17.182  3.953  -37.524 0.0000000000
109249  -17.234  5.467  -37.528 0.0000000000
66690  -17.865  4.749  -37.552 0.0000000000
104510  -19.513  4.534  -36.907 0.0000000000
66668  -21.025  5.387  -35.575 0.0000000000
65792  -21.882  4.180  -35.491 0.0000000000
53747  -20.895  -9.173  -33.236 0.0000000000
120707  -21.310  -8.585  -33.339 0.0000000000
62415  -16.699  0.562  -35.781 0.0000000000
62427  -18.034  0.672  -36.648 0.0000000000
62437  -18.949  1.018  -37.043 0.0000000000
63298  -19.981  1.054  -36.860 0.0000000000
121847  -19.745  0.125  -36.678 0.0000000000
61622  -20.192  -0.601  -36.536 0.0000000000
124660  -21.208  -1.340  -36.353 0.0000000000
59938  -20.167  -2.021  -36.244 0.0000000000
59939  -20.717  -2.333  -36.303 0.0000000000
60785  -22.153  -1.697  -35.975 0.0000000000
59942  -22.618  -2.902  -35.545 0.0000000000
59070  -23.327  -3.398  -34.811 0.0000000000
72267  -17.282  12.602  -36.362 0.0000000000
118524  -14.346  8.671  -37.177 0.0000000000
69167  -15.856  8.690  -37.230 0.0000000000
69157  -17.746  8.745  -36.456 0.0000000000
114118  -17.348  6.946  -37.270 0.0000000000
68337  -18.262  7.928  -36.537 0.0000000000
69158  -18.537  8.812  -36.140 0.0000000000
63299  -20.561  1.341  -36.580 0.0000000000
64086  -22.278  1.854  -35.618 0.0000000000
57348  -16.172  -5.647  -32.707 0.0000000000
56498  -18.249  -5.974  -34.340 0.0000000000
57380  -19.128  -5.728  -34.813 0.0000000000
56515  -20.458  -5.711  -35.282 0.0000000000
54680  -21.348  -7.884  -33.812 0.0000000000
56502  -21.285  -6.450  -34.710 0.0000000000
57381  -21.488  -5.697  -34.986 0.0000000000
69926  -13.216  9.153  -34.493 0.0000000000
64105  -18.947  2.221  -37.417 0.0000000000
121271  -18.622  2.287  -37.427 0.0000000000
64948  -19.056  2.653  -37.462 0.0000000000
121676  -19.815  2.536  -37.140 0.0000000000
64096  -19.929  1.842  -37.025 0.0000000000
60774  -17.396  -1.782  -34.968 0.0000000000
61608  -17.678  -0.532  -35.793 0.0000000000
60794  -19.271  -0.901  -36.291 0.0000000000
58218  -21.089  -4.416  -35.733 0.0000000000
58219  -21.643  -4.184  -35.646 0.0000000000
57394  -21.602  -4.887  -35.321 0.0000000000
114759  -15.357  12.890  -35.809 0.0000000000
73035  -15.074  13.044  -35.450 0.0000000000
73037  -15.903  13.824  -36.535 0.0000000000
73043  -16.216  13.250  -36.674 0.0000000000
113957  -17.213  10.234  -36.345 0.0000000000
121415  -18.247  11.043  -35.710 0.0000000000
70755  -18.466  10.369  -35.809 0.0000000000
70756  -19.178  10.353  -35.737 0.0000000000
109080  -15.384  5.005  -37.189 0.0000000000
65814  -14.855  4.793  -36.702 0.0000000000
66687  -14.910  5.575  -37.055 0.0000000000
66677  -14.391  5.589  -36.509 0.0000000000
67514  -15.050  6.305  -37.287 0.0000000000
67496  -20.889  6.325  -35.494 0.0000000000
61612  -23.177  -0.556  -35.663 0.0000000000
53746  -20.073  -9.242  -33.604 0.0000000000
110353  -18.721  -8.655  -33.565 0.0000000000
54678  -19.434  -8.648  -33.809 0.0000000000
54689  -19.741  -7.985  -34.251 0.0000000000
59067  -17.455  -3.186  -34.414 0.0000000000
59924  -18.000  -2.429  -35.031 0.0000000000
58205  -18.538  -4.454  -34.825 0.0000000000
70732  -14.244  10.770  -36.043 0.0000000000
70751  -14.355  9.733  -36.672 0.0000000000
117596  -14.625  10.433  -36.453 0.0000000000
69952  -15.055  9.922  -36.800 0.0000000000
69953  -15.950  9.939  -36.686 0.0000000000
63293  -16.001  1.769  -35.904 0.0000000000
64103  -18.112  2.658  -37.498 0.0000000000
64936  -16.382  2.959  -37.029 0.0000000000
64945  -17.028  3.258  -37.417 0.0000000000
120977  -16.379  3.998  -37.339 0.0000000000
105095  -17.192  4.686  -37.559 0.0000000000
65816  -17.941  3.893  -37.629 0.0000000000
64937  -19.381  3.590  -37.373 0.0000000000
65818  -18.966  4.174  -37.463 0.0000000000
66679  -20.157  4.856  -36.067 0.0000000000
65805  -20.866  4.249  -35.707 0.0000000000
121101  -20.979  2.591  -35.901 0.0000000000
110329  -21.372  3.388  -35.619 0.0000000000
113353  -22.945  2.692  -35.522 0.0000000000
125217  -21.106  -9.608  -32.741 0.0000000000
53735  -22.112  -9.152  -32.120 0.0000000000
62414  -16.021  0.564  -35.267 0.0000000000
61606  -16.490  0.148  -35.427 0.0000000000
61619  -18.228  -0.035  -36.430 0.0000000000
63296  -18.530  1.107  -36.963 0.0000000000
63297  -19.510  0.894  -36.931 0.0000000000
62429  -19.272  0.360  -36.755 0.0000000000
60795  -19.893  -1.210  -36.383 0.0000000000
61623  -20.782  -1.071  -36.431 0.0000000000
104923  -19.834  -2.570  -35.939 0.0000000000
103723  -21.090  -2.850  -36.189 0.0000000000
59940  -21.265  -2.337  -36.255 0.0000000000
59941  -21.904  -2.305  -36.005 0.0000000000
104450  -22.558  -2.153  -35.746 0.0000000000
59056  -23.870  -3.779  -34.080 0.0000000000
71540  -16.838  11.930  -36.268 0.0000000000
64922  -15.101  2.880  -35.619 0.0000000000
67495  -13.679  6.745  -35.712 0.0000000000
68325  -13.497  7.594  -35.570 0.0000000000
114605  -13.632  8.187  -36.284 0.0000000000
68346  -13.982  7.977  -37.013 0.0000000000
115218  -15.743  7.896  -37.446 0.0000000000
69168  -16.543  8.312  -37.134 0.0000000000
69156  -17.078  8.717  -36.753 0.0000000000
120232  -17.762  5.945  -37.367 0.0000000000
68338  -19.040  7.980  -36.120 0.0000000000
69145  -19.366  8.836  -35.804 0.0000000000
69146  -20.361  8.800  -35.284 0.0000000000
63286  -22.669  1.196  -35.579 0.0000000000
56483  -16.670  -6.327  -33.177 0.0000000000
56484  -17.399  -6.128  -33.769 0.0000000000
55633  -20.142  -7.242  -34.585 0.0000000000
56500  -19.780  -6.347  -34.861 0.0000000000
56503  -21.967  -6.149  -34.372 0.0000000000
59055  -17.031  -3.725  -33.866 0.0000000000
58189  -16.989  -4.511  -33.692 0.0000000000
57365  -17.739  -5.142  -34.189 0.0000000000
110611  -13.976  10.162  -35.632 0.0000000000
106897  -13.664  9.621  -35.064 0.0000000000
125246  -13.816  9.771  -35.821 0.0000000000
69951  -13.884  9.422  -36.367 0.0000000000
63295  -17.908  1.419  -36.988 0.0000000000
63304  -17.439  2.008  -37.136 0.0000000000
63305  -18.121  2.009  -37.375 0.0000000000
122701  -18.451  2.929  -37.529 0.0000000000
64947  -18.494  3.248  -37.559 0.0000000000
123168  -19.753  3.181  -37.166 0.0000000000
60772  -16.082  -0.837  -34.525 0.0000000000
61607  -16.706  -0.381  -35.298 0.0000000000
61620  -18.963  -0.191  -36.550 0.0000000000
59080  -20.085  -3.367  -35.876 0.0000000000
59069  -22.030  -3.627  -35.673 0.0000000000
72247  -14.103  12.034  -33.802 0.0000000000
113850  -17.038  11.078  -36.150 0.0000000000
71541  -17.657  11.668  -35.912 0.0000000000
65790  -14.116  4.846  -35.397 0.0000000000
66666  -13.925  5.733  -35.735 0.0000000000
67504  -14.085  6.431  -36.455 0.0000000000
113348  -14.375  7.016  -37.142 0.0000000000
68348  -15.259  7.082  -37.470 0.0000000000
67507  -19.211  6.234  -36.443 0.0000000000
68339  -19.494  7.128  -35.970 0.0000000000
62417  -21.356  0.018  -36.184 0.0000000000
55619  -18.172  -7.577  -33.712 0.0000000000
56485  -17.964  -6.857  -33.879 0.0000000000
55631  -18.626  -7.277  -34.121 0.0000000000
55632  -19.345  -7.259  -34.393 0.0000000000
122532  -18.000  -1.857  -35.306 0.0000000000
114014  -18.609  -1.838  -35.585 0.0000000000
58216  -19.973  -4.357  -35.642 0.0000000000
72237  -12.957  12.365  -32.852 0.0000000000
72250  -15.034  12.239  -35.621 0.0000000000
72251  -15.560  12.434  -36.123 0.0000000000
72265  -16.035  12.598  -36.522 0.0000000000
71522  -15.304  11.810  -36.056 0.0000000000
71538  -15.723  11.540  -36.394 0.0000000000
70753  -16.488  10.551  -36.490 0.0000000000
106017  -16.237  4.736  -37.433 0.0000000000
66689  -16.482  5.546  -37.510 0.0000000000
66691  -18.446  4.964  -37.390 0.0000000000
65817  -18.472  3.929  -37.595 0.0000000000
66678  -19.035  5.233  -36.997 0.0000000000
107257  -19.668  5.485  -36.331 0.0000000000
119042  -20.319  5.688  -35.830 0.0000000000
103890  -21.924  5.005  -35.395 0.0000000000
54679  -20.698  -8.567  -33.708 0.0000000000
63284  -16.402  1.090  -35.837 0.0000000000
62426  -17.217  0.883  -36.367 0.0000000000
63307  -19.140  1.638  -37.253 0.0000000000
63308  -19.498  1.550  -37.143 0.0000000000
62430  -20.109  0.268  -36.682 0.0000000000
106485  -20.700  -0.306  -36.483 0.0000000000
61610  -21.268  -0.755  -36.283 0.0000000000
115147  -21.746  -1.204  -36.127 0.0000000000
60783  -19.475  -1.732  -35.970 0.0000000000
109786  -20.343  -2.674  -36.129 0.0000000000
60797  -20.971  -1.755  -36.405 0.0000000000
60784  -21.490  -1.792  -36.250 0.0000000000
60786  -22.995  -1.636  -35.706 0.0000000000
59925  -23.283  -2.214  -35.354 0.0000000000
104702  -23.485  -2.776  -35.006 0.0000000000
72266  -16.583  12.660  -36.514 0.0000000000
69144  -13.436  8.476  -35.266 0.0000000000
69155  -13.621  8.857  -36.127 0.0000000000
69962  -14.141  9.206  -36.913 0.0000000000
69166  -15.121  8.666  -37.378 0.0000000000
69964  -15.491  9.297  -37.052 0.0000000000
69965  -16.410  9.183  -36.818 0.0000000000
69954  -17.207  9.425  -36.511 0.0000000000
67516  -16.779  6.406  -37.477 0.0000000000
68350  -18.016  6.989  -36.963 0.0000000000
68336  -17.396  7.874  -36.924 0.0000000000
69956  -18.852  9.639  -35.877 0.0000000000
69941  -19.682  9.655  -35.629 0.0000000000
64085  -21.227  1.866  -36.019 0.0000000000
63285  -21.509  0.971  -36.029 0.0000000000
56514  -19.863  -5.324  -35.353 0.0000000000
57393  -21.006  -5.278  -35.458 0.0000000000
55634  -20.954  -7.221  -34.469 0.0000000000
56486  -21.668  -6.942  -34.039 0.0000000000
56516  -20.963  -5.970  -35.164 0.0000000000
69165  -13.860  8.760  -36.752 0.0000000000
107330  -13.384  7.075  -35.042 0.0000000000
118317  -16.048  7.043  -37.507 0.0000000000
124573  -17.820  2.300  -37.395 0.0000000000
125346  -15.830  12.077  -36.325 0.0000000000
