#!ascii label  , from subject sub-p012 vox2ras=TkReg
424
10978  -41.373  -59.277  -17.915 0.0000000000
112200  -37.362  -54.485  -22.678 0.0000000000
15416  -39.780  -54.029  -12.923 0.0000000000
13215  -41.918  -55.976  -20.659 0.0000000000
16237  -36.065  -52.885  -15.386 0.0000000000
13910  -44.510  -55.732  -14.163 0.0000000000
17861  -44.021  -50.811  -10.189 0.0000000000
19520  -48.764  -48.570  -6.205 0.0000000000
17016  -39.629  -51.765  -11.271 0.0000000000
14662  -37.391  -54.465  -14.198 0.0000000000
17013  -37.008  -51.732  -11.432 0.0000000000
16209  -44.798  -53.077  -12.329 0.0000000000
17003  -46.482  -52.234  -10.676 0.0000000000
21171  -49.756  -46.750  -6.373 0.0000000000
20375  -45.771  -47.460  -7.659 0.0000000000
11732  -38.421  -58.754  -18.968 0.0000000000
107652  -40.412  -54.782  -22.287 0.0000000000
11794  -39.691  -57.547  -23.442 0.0000000000
12563  -39.421  -57.514  -25.465 0.0000000000
13182  -40.072  -57.290  -15.364 0.0000000000
114709  -41.556  -57.628  -19.199 0.0000000000
15458  -38.335  -54.151  -18.209 0.0000000000
15473  -37.332  -53.652  -19.451 0.0000000000
13891  -42.013  -55.428  -14.119 0.0000000000
16187  -41.706  -52.420  -11.711 0.0000000000
17859  -41.622  -50.588  -10.278 0.0000000000
17824  -48.357  -51.014  -7.326 0.0000000000
18693  -45.791  -49.817  -8.395 0.0000000000
19548  -43.725  -48.684  -8.809 0.0000000000
111268  -41.538  -47.523  -9.445 0.0000000000
12484  -38.356  -56.919  -20.577 0.0000000000
103962  -32.572  -53.662  -20.884 0.0000000000
13998  -35.071  -55.639  -22.598 0.0000000000
11830  -34.479  -58.427  -25.417 0.0000000000
17857  -39.549  -50.414  -10.351 0.0000000000
17014  -37.851  -51.593  -11.216 0.0000000000
11004  -40.725  -59.167  -19.365 0.0000000000
14758  -38.477  -54.382  -22.597 0.0000000000
14013  -40.262  -55.540  -24.032 0.0000000000
114095  -39.025  -55.461  -24.627 0.0000000000
12561  -38.463  -57.368  -26.083 0.0000000000
13252  -37.598  -56.225  -24.804 0.0000000000
13906  -40.175  -56.058  -14.275 0.0000000000
13904  -38.338  -55.668  -14.826 0.0000000000
14661  -36.908  -54.155  -15.005 0.0000000000
14680  -37.532  -54.405  -16.524 0.0000000000
111277  -37.304  -53.763  -16.920 0.0000000000
15457  -37.573  -53.727  -18.560 0.0000000000
15447  -36.814  -53.375  -17.353 0.0000000000
105411  -42.486  -56.287  -14.656 0.0000000000
14663  -43.680  -55.111  -14.178 0.0000000000
16190  -44.352  -52.503  -11.776 0.0000000000
16207  -42.990  -52.894  -12.323 0.0000000000
17019  -42.840  -51.753  -11.121 0.0000000000
17000  -41.929  -51.413  -10.829 0.0000000000
118956  -42.593  -50.942  -10.496 0.0000000000
18684  -47.999  -50.036  -6.932 0.0000000000
17832  -47.318  -50.987  -8.485 0.0000000000
107321  -47.203  -49.683  -7.366 0.0000000000
20374  -44.910  -47.334  -8.165 0.0000000000
105555  -44.316  -48.030  -8.380 0.0000000000
110052  -43.674  -47.851  -8.677 0.0000000000
19547  -42.938  -48.034  -8.974 0.0000000000
12487  -41.849  -56.461  -20.300 0.0000000000
12485  -40.416  -56.861  -20.516 0.0000000000
13213  -41.175  -56.433  -21.032 0.0000000000
11792  -37.925  -58.494  -22.711 0.0000000000
16293  -31.558  -52.389  -21.447 0.0000000000
14754  -33.814  -55.091  -21.979 0.0000000000
13249  -33.727  -56.704  -24.179 0.0000000000
15397  -39.239  -53.448  -12.544 0.0000000000
14649  -38.197  -54.635  -13.686 0.0000000000
15396  -38.260  -53.418  -12.585 0.0000000000
15395  -37.350  -53.153  -12.647 0.0000000000
16222  -35.995  -52.688  -13.572 0.0000000000
15421  -44.839  -54.147  -13.340 0.0000000000
16191  -45.364  -52.670  -11.721 0.0000000000
17002  -45.065  -51.714  -10.690 0.0000000000
20366  -48.627  -47.542  -6.466 0.0000000000
19533  -46.816  -48.769  -7.110 0.0000000000
124284  -47.519  -47.386  -6.917 0.0000000000
21190  -46.706  -46.211  -8.007 0.0000000000
22032  -45.314  -46.173  -8.740 0.0000000000
105857  -41.506  -55.541  -21.200 0.0000000000
13232  -40.717  -56.350  -22.435 0.0000000000
13243  -40.667  -56.171  -23.234 0.0000000000
12528  -39.815  -57.408  -23.962 0.0000000000
115857  -39.121  -58.668  -24.962 0.0000000000
11082  -38.679  -59.176  -26.112 0.0000000000
110373  -37.920  -58.966  -27.029 0.0000000000
11848  -37.026  -58.957  -26.592 0.0000000000
12457  -40.745  -58.212  -17.268 0.0000000000
12463  -41.434  -58.353  -18.771 0.0000000000
121358  -40.333  -56.580  -18.092 0.0000000000
13947  -40.879  -55.272  -19.128 0.0000000000
13920  -37.724  -55.249  -15.269 0.0000000000
13938  -39.155  -55.186  -17.824 0.0000000000
14701  -40.100  -54.725  -18.995 0.0000000000
119274  -38.859  -54.294  -19.557 0.0000000000
15490  -38.147  -54.099  -20.782 0.0000000000
15508  -37.443  -53.904  -21.260 0.0000000000
12447  -41.879  -57.733  -15.451 0.0000000000
13907  -41.298  -56.146  -14.377 0.0000000000
13890  -40.838  -55.361  -13.877 0.0000000000
15419  -43.118  -53.984  -13.361 0.0000000000
15418  -42.093  -53.978  -13.204 0.0000000000
124972  -40.906  -53.274  -12.467 0.0000000000
16186  -40.900  -52.374  -11.681 0.0000000000
16998  -40.096  -51.176  -10.776 0.0000000000
106767  -40.191  -49.941  -9.943 0.0000000000
17846  -47.649  -51.588  -8.740 0.0000000000
117371  -46.318  -51.332  -9.640 0.0000000000
17843  -44.589  -50.468  -9.639 0.0000000000
19550  -45.365  -49.017  -8.027 0.0000000000
109817  -45.029  -49.450  -8.584 0.0000000000
17842  -43.762  -50.115  -9.681 0.0000000000
18703  -42.363  -49.441  -9.564 0.0000000000
18702  -41.208  -49.125  -9.591 0.0000000000
11746  -40.455  -58.461  -19.675 0.0000000000
12469  -38.559  -57.277  -19.886 0.0000000000
12499  -38.813  -56.937  -21.627 0.0000000000
11778  -37.401  -58.047  -21.974 0.0000000000
16249  -35.618  -52.684  -17.330 0.0000000000
104072  -35.794  -53.060  -19.959 0.0000000000
15507  -36.081  -53.811  -21.387 0.0000000000
14736  -34.461  -54.579  -21.470 0.0000000000
13999  -36.049  -55.338  -22.877 0.0000000000
13251  -36.577  -56.639  -24.341 0.0000000000
12559  -35.346  -58.224  -24.936 0.0000000000
18716  -39.442  -49.476  -9.954 0.0000000000
109392  -38.711  -50.585  -10.545 0.0000000000
10992  -40.305  -59.804  -18.932 0.0000000000
125249  -40.875  -59.489  -18.960 0.0000000000
14772  -38.063  -54.683  -23.345 0.0000000000
14773  -39.096  -54.678  -23.461 0.0000000000
14011  -38.623  -55.043  -23.989 0.0000000000
14020  -38.116  -55.552  -24.437 0.0000000000
107271  -37.795  -55.182  -23.800 0.0000000000
13889  -39.715  -55.347  -13.844 0.0000000000
13905  -39.171  -55.917  -14.464 0.0000000000
13888  -38.706  -55.276  -14.050 0.0000000000
15429  -36.421  -53.437  -14.758 0.0000000000
15439  -37.022  -53.947  -16.068 0.0000000000
15433  -36.580  -53.425  -15.654 0.0000000000
15438  -36.738  -53.356  -16.523 0.0000000000
110445  -36.233  -52.899  -16.191 0.0000000000
12431  -43.913  -57.272  -14.137 0.0000000000
13175  -44.116  -56.436  -14.485 0.0000000000
106798  -43.543  -56.429  -14.732 0.0000000000
13909  -44.010  -55.742  -14.435 0.0000000000
108335  -44.318  -51.489  -10.685 0.0000000000
17020  -43.853  -51.904  -11.193 0.0000000000
17001  -43.471  -51.236  -10.631 0.0000000000
19521  -49.511  -48.347  -5.555 0.0000000000
19511  -49.401  -48.949  -5.317 0.0000000000
115392  -48.980  -49.276  -5.876 0.0000000000
18677  -48.587  -50.304  -6.552 0.0000000000
18676  -48.505  -49.530  -6.405 0.0000000000
19534  -47.790  -49.137  -6.706 0.0000000000
21188  -44.751  -46.640  -8.621 0.0000000000
109327  -44.139  -47.261  -8.574 0.0000000000
20387  -43.412  -47.194  -8.899 0.0000000000
21204  -43.286  -46.538  -9.328 0.0000000000
13958  -42.041  -56.016  -20.016 0.0000000000
12486  -41.511  -56.797  -20.417 0.0000000000
13214  -41.730  -56.195  -20.855 0.0000000000
13996  -33.242  -55.264  -22.703 0.0000000000
14007  -33.656  -56.064  -23.435 0.0000000000
14019  -33.299  -56.067  -24.255 0.0000000000
16185  -39.238  -52.364  -11.704 0.0000000000
16203  -38.826  -52.887  -12.142 0.0000000000
16184  -38.515  -52.409  -11.769 0.0000000000
108927  -37.153  -52.482  -12.070 0.0000000000
111625  -36.548  -52.715  -12.710 0.0000000000
16201  -36.307  -52.099  -12.091 0.0000000000
17022  -45.645  -52.158  -11.019 0.0000000000
16988  -45.824  -51.624  -10.298 0.0000000000
20367  -49.634  -47.645  -5.871 0.0000000000
21178  -48.323  -46.822  -6.942 0.0000000000
22033  -46.166  -45.968  -8.643 0.0000000000
11743  -37.142  -58.323  -19.000 0.0000000000
14741  -40.676  -54.814  -21.506 0.0000000000
13984  -41.015  -55.358  -22.125 0.0000000000
14760  -40.598  -55.073  -22.889 0.0000000000
121418  -40.006  -56.485  -24.575 0.0000000000
13254  -40.380  -56.221  -23.994 0.0000000000
12546  -39.653  -57.502  -24.703 0.0000000000
11834  -39.363  -58.150  -25.261 0.0000000000
11083  -39.003  -58.731  -25.725 0.0000000000
11833  -37.597  -57.536  -25.834 0.0000000000
11849  -38.417  -58.465  -26.666 0.0000000000
12575  -37.969  -58.131  -26.613 0.0000000000
116952  -37.457  -59.521  -27.191 0.0000000000
122081  -37.089  -58.272  -26.002 0.0000000000
12452  -40.425  -57.989  -16.472 0.0000000000
13198  -40.659  -55.908  -18.611 0.0000000000
116215  -39.706  -55.946  -17.957 0.0000000000
13903  -37.905  -55.060  -14.446 0.0000000000
113314  -37.395  -54.764  -14.885 0.0000000000
14681  -38.073  -54.852  -16.916 0.0000000000
14690  -38.549  -54.631  -17.659 0.0000000000
14691  -39.221  -54.655  -18.369 0.0000000000
14711  -39.875  -54.526  -19.777 0.0000000000
124969  -37.029  -53.502  -18.868 0.0000000000
15474  -38.118  -54.071  -19.922 0.0000000000
15489  -37.377  -53.746  -20.438 0.0000000000
13173  -41.691  -56.976  -14.889 0.0000000000
14652  -41.493  -54.650  -13.549 0.0000000000
15402  -44.389  -53.519  -12.892 0.0000000000
15420  -44.025  -53.969  -13.428 0.0000000000
16206  -42.116  -52.914  -12.223 0.0000000000
15400  -42.567  -53.440  -12.772 0.0000000000
15399  -41.646  -53.394  -12.627 0.0000000000
16205  -41.288  -52.882  -12.140 0.0000000000
122374  -40.502  -52.856  -12.111 0.0000000000
16999  -41.027  -51.254  -10.754 0.0000000000
17858  -40.593  -50.555  -10.327 0.0000000000
18717  -40.962  -49.890  -9.866 0.0000000000
17833  -47.940  -51.203  -8.023 0.0000000000
18694  -46.757  -50.209  -8.098 0.0000000000
17831  -46.305  -50.697  -8.965 0.0000000000
17844  -45.507  -50.914  -9.642 0.0000000000
18705  -45.232  -50.157  -9.052 0.0000000000
20365  -46.649  -47.785  -7.164 0.0000000000
19532  -45.906  -48.430  -7.539 0.0000000000
19549  -44.609  -48.803  -8.445 0.0000000000
18704  -44.321  -49.599  -9.065 0.0000000000
18692  -43.537  -49.447  -9.294 0.0000000000
17841  -43.029  -49.807  -9.650 0.0000000000
19563  -42.954  -49.023  -9.243 0.0000000000
20400  -42.132  -47.745  -9.250 0.0000000000
19562  -42.274  -48.622  -9.300 0.0000000000
19561  -41.526  -48.338  -9.397 0.0000000000
19560  -40.848  -48.469  -9.534 0.0000000000
104611  -41.446  -58.339  -19.307 0.0000000000
11747  -41.214  -58.450  -19.666 0.0000000000
108150  -39.261  -56.905  -20.364 0.0000000000
12470  -39.789  -57.406  -19.979 0.0000000000
12468  -37.542  -57.353  -19.944 0.0000000000
12483  -37.359  -57.305  -20.632 0.0000000000
12514  -40.181  -56.949  -22.963 0.0000000000
12500  -39.983  -56.723  -22.082 0.0000000000
12513  -39.270  -57.448  -22.672 0.0000000000
11042  -36.732  -59.350  -22.743 0.0000000000
11791  -37.237  -58.720  -22.529 0.0000000000
123674  -35.773  -52.688  -16.640 0.0000000000
103920  -35.041  -52.379  -16.766 0.0000000000
15471  -34.982  -52.852  -19.797 0.0000000000
15488  -35.902  -53.413  -20.705 0.0000000000
15487  -35.127  -53.327  -20.412 0.0000000000
14755  -34.729  -55.143  -22.034 0.0000000000
14756  -35.717  -54.949  -22.276 0.0000000000
110089  -36.364  -55.676  -23.387 0.0000000000
14009  -35.507  -56.017  -23.154 0.0000000000
12543  -34.425  -57.726  -24.669 0.0000000000
12544  -35.144  -57.623  -24.358 0.0000000000
17879  -39.159  -51.162  -10.816 0.0000000000
17015  -38.657  -51.791  -11.330 0.0000000000
17878  -38.281  -51.121  -10.833 0.0000000000
17877  -37.423  -51.074  -10.889 0.0000000000
22024  -49.264  -45.887  -7.771 0.0000000000
11003  -39.705  -59.280  -19.150 0.0000000000
14759  -39.728  -54.622  -22.825 0.0000000000
14774  -40.072  -54.940  -23.537 0.0000000000
117571  -39.703  -55.580  -24.546 0.0000000000
14028  -39.405  -55.954  -25.051 0.0000000000
12562  -39.080  -57.368  -26.024 0.0000000000
13253  -38.569  -56.005  -25.124 0.0000000000
13263  -38.085  -56.715  -25.543 0.0000000000
13262  -37.097  -57.059  -25.074 0.0000000000
13171  -39.591  -56.633  -14.884 0.0000000000
13181  -39.240  -56.953  -15.697 0.0000000000
13170  -38.759  -56.312  -15.259 0.0000000000
13180  -38.636  -56.390  -16.179 0.0000000000
15413  -36.813  -53.843  -14.080 0.0000000000
14689  -37.906  -54.190  -17.339 0.0000000000
112829  -37.503  -53.747  -17.743 0.0000000000
15456  -36.795  -53.399  -18.281 0.0000000000
13908  -43.153  -55.576  -14.429 0.0000000000
16208  -43.907  -52.964  -12.342 0.0000000000
16189  -43.409  -52.394  -11.754 0.0000000000
16188  -42.523  -52.400  -11.734 0.0000000000
109648  -42.077  -51.976  -11.314 0.0000000000
17860  -42.426  -50.204  -9.952 0.0000000000
17823  -48.130  -50.708  -7.283 0.0000000000
18695  -47.621  -50.542  -7.688 0.0000000000
19531  -45.096  -48.181  -7.989 0.0000000000
20401  -42.695  -47.099  -9.234 0.0000000000
13200  -41.773  -56.697  -19.656 0.0000000000
12471  -41.060  -57.651  -20.087 0.0000000000
13212  -39.763  -56.538  -21.023 0.0000000000
116321  -38.612  -58.192  -22.899 0.0000000000
15520  -31.825  -53.208  -21.868 0.0000000000
15503  -32.229  -53.676  -21.485 0.0000000000
14734  -32.760  -54.270  -21.526 0.0000000000
14753  -33.159  -54.811  -21.966 0.0000000000
13997  -34.097  -55.670  -22.579 0.0000000000
13241  -35.005  -56.702  -23.521 0.0000000000
13250  -34.103  -57.157  -24.254 0.0000000000
12542  -33.846  -57.258  -24.718 0.0000000000
14650  -39.218  -54.682  -13.442 0.0000000000
15415  -38.704  -54.046  -13.036 0.0000000000
15414  -37.581  -53.900  -13.323 0.0000000000
16202  -37.979  -52.792  -12.107 0.0000000000
118477  -36.728  -53.314  -13.358 0.0000000000
119168  -36.340  -53.277  -14.042 0.0000000000
16231  -35.941  -52.829  -14.535 0.0000000000
14654  -44.846  -54.728  -13.748 0.0000000000
15403  -45.148  -53.615  -12.755 0.0000000000
16210  -45.460  -53.229  -12.256 0.0000000000
17021  -44.756  -52.083  -11.186 0.0000000000
19519  -47.610  -48.153  -6.680 0.0000000000
21177  -46.858  -46.869  -7.468 0.0000000000
21189  -45.722  -46.620  -8.136 0.0000000000
21205  -44.626  -45.985  -9.250 0.0000000000
13225  -41.653  -55.941  -21.207 0.0000000000
13985  -41.233  -55.821  -21.873 0.0000000000
13233  -40.951  -56.060  -22.548 0.0000000000
12515  -40.525  -56.483  -23.078 0.0000000000
121064  -38.496  -59.368  -24.268 0.0000000000
12576  -38.662  -57.855  -26.450 0.0000000000
11097  -38.288  -59.207  -26.800 0.0000000000
10348  -37.928  -60.031  -26.906 0.0000000000
11096  -37.733  -59.686  -27.211 0.0000000000
11110  -37.275  -60.048  -27.622 0.0000000000
11722  -41.287  -58.794  -17.125 0.0000000000
11733  -41.386  -58.876  -18.686 0.0000000000
12458  -41.344  -58.725  -17.951 0.0000000000
12462  -41.185  -57.916  -18.296 0.0000000000
13192  -40.496  -57.376  -17.762 0.0000000000
13199  -41.234  -56.868  -18.729 0.0000000000
13948  -41.552  -55.996  -19.334 0.0000000000
13957  -41.548  -55.522  -19.699 0.0000000000
13928  -37.732  -55.164  -16.126 0.0000000000
13929  -38.294  -55.613  -16.559 0.0000000000
13946  -40.005  -55.131  -18.482 0.0000000000
14702  -40.952  -54.984  -19.686 0.0000000000
14724  -40.911  -54.869  -20.535 0.0000000000
14723  -39.801  -54.513  -20.834 0.0000000000
14710  -38.927  -54.322  -20.311 0.0000000000
14722  -38.893  -54.333  -21.083 0.0000000000
14740  -38.286  -54.217  -21.620 0.0000000000
14739  -37.481  -54.156  -21.990 0.0000000000
113244  -41.132  -58.507  -16.523 0.0000000000
12446  -40.792  -57.968  -15.827 0.0000000000
108330  -40.941  -57.424  -15.208 0.0000000000
13172  -40.590  -56.792  -14.763 0.0000000000
14651  -40.333  -54.645  -13.399 0.0000000000
13893  -44.416  -55.085  -14.079 0.0000000000
14653  -43.774  -54.539  -13.819 0.0000000000
13892  -42.776  -54.716  -13.827 0.0000000000
15401  -43.491  -53.456  -12.868 0.0000000000
15417  -40.932  -53.892  -12.932 0.0000000000
15398  -40.184  -53.380  -12.516 0.0000000000
16204  -39.689  -52.873  -12.130 0.0000000000
119387  -40.081  -52.356  -11.672 0.0000000000
17018  -41.358  -51.873  -11.250 0.0000000000
17017  -40.516  -51.797  -11.240 0.0000000000
17845  -47.061  -51.461  -9.226 0.0000000000
16989  -46.820  -51.836  -9.993 0.0000000000
17862  -44.865  -51.171  -10.203 0.0000000000
18683  -46.234  -49.327  -7.695 0.0000000000
104701  -43.217  -50.508  -10.129 0.0000000000
18718  -41.736  -49.758  -9.761 0.0000000000
112179  -41.817  -49.083  -9.506 0.0000000000
19573  -40.328  -49.082  -9.671 0.0000000000
11005  -41.235  -59.005  -19.187 0.0000000000
11745  -39.115  -58.082  -19.441 0.0000000000
11744  -37.839  -57.878  -19.329 0.0000000000
12467  -36.888  -57.795  -19.499 0.0000000000
13223  -40.746  -56.355  -21.702 0.0000000000
12512  -38.256  -57.701  -22.203 0.0000000000
12498  -37.754  -57.323  -21.364 0.0000000000
124820  -37.222  -49.739  -10.441 0.0000000000
16221  -35.891  -52.281  -12.790 0.0000000000
16243  -36.269  -52.961  -16.960 0.0000000000
16250  -36.165  -53.023  -17.781 0.0000000000
16259  -36.079  -53.026  -18.543 0.0000000000
16258  -35.397  -52.662  -18.261 0.0000000000
16272  -35.601  -52.826  -19.170 0.0000000000
107309  -36.591  -53.396  -20.145 0.0000000000
110592  -36.690  -53.611  -20.961 0.0000000000
113681  -36.834  -53.892  -21.564 0.0000000000
14738  -36.518  -54.293  -22.044 0.0000000000
15504  -33.342  -54.009  -20.812 0.0000000000
15505  -34.197  -54.093  -20.881 0.0000000000
120995  -34.664  -53.671  -20.636 0.0000000000
14737  -35.444  -54.444  -21.675 0.0000000000
14757  -36.556  -54.772  -22.639 0.0000000000
14000  -37.039  -55.044  -23.274 0.0000000000
14010  -37.088  -55.781  -23.960 0.0000000000
12545  -36.030  -57.470  -24.592 0.0000000000
12560  -36.542  -57.899  -25.312 0.0000000000
11832  -36.109  -58.711  -25.638 0.0000000000
10993  -41.190  -59.409  -18.551 0.0000000000
11069  -38.660  -59.371  -25.126 0.0000000000
11070  -38.945  -58.778  -24.381 0.0000000000
11098  -38.723  -58.730  -26.398 0.0000000000
12472  -41.645  -57.479  -19.926 0.0000000000
12547  -40.005  -56.845  -24.271 0.0000000000
12564  -39.759  -56.961  -24.944 0.0000000000
13224  -41.329  -56.042  -21.669 0.0000000000
13242  -36.025  -56.328  -23.690 0.0000000000
13264  -39.011  -56.614  -25.634 0.0000000000
13265  -39.663  -56.474  -25.091 0.0000000000
13921  -38.172  -55.785  -15.710 0.0000000000
14001  -40.869  -55.722  -22.784 0.0000000000
14008  -34.501  -56.227  -23.105 0.0000000000
14012  -39.517  -55.106  -24.107 0.0000000000
14021  -40.016  -56.000  -24.635 0.0000000000
14671  -37.325  -54.646  -15.639 0.0000000000
14735  -33.573  -54.544  -21.415 0.0000000000
15387  -46.056  -53.112  -11.859 0.0000000000
15472  -36.450  -53.251  -19.213 0.0000000000
15506  -35.130  -53.862  -21.042 0.0000000000
16183  -37.857  -52.159  -11.632 0.0000000000
107163  -38.238  -54.035  -19.055 0.0000000000
109538  -32.219  -53.892  -22.119 0.0000000000
113722  -40.113  -56.975  -23.428 0.0000000000
114081  -39.466  -54.467  -21.843 0.0000000000
114204  -39.431  -56.963  -25.498 0.0000000000
116846  -41.689  -55.504  -20.299 0.0000000000
117637  -44.437  -54.507  -13.731 0.0000000000
123691  -37.714  -58.488  -18.960 0.0000000000
