#!ascii label  , from subject sub-p012 vox2ras=TkReg
275
59043  -25.656  -3.504  -32.654 0.0000000000
105537  -22.564  -1.111  -35.880 0.0000000000
69955  -17.969  9.700  -36.098 0.0000000000
67496  -20.889  6.325  -35.494 0.0000000000
64926  -24.979  3.115  -36.088 0.0000000000
62406  -27.315  0.624  -33.315 0.0000000000
71539  -16.328  11.345  -36.408 0.0000000000
65793  -22.757  4.571  -35.461 0.0000000000
64923  -21.886  2.637  -35.585 0.0000000000
59926  -24.075  -2.321  -34.804 0.0000000000
61601  -25.589  -0.431  -34.720 0.0000000000
60755  -26.650  -1.393  -32.852 0.0000000000
55608  -22.626  -7.807  -32.736 0.0000000000
58207  -23.129  -4.134  -34.539 0.0000000000
75359  -16.433  16.102  -36.274 0.0000000000
73826  -17.509  14.702  -37.347 0.0000000000
116595  -18.460  13.251  -36.452 0.0000000000
71543  -19.491  11.943  -35.804 0.0000000000
70734  -20.873  10.542  -35.299 0.0000000000
68326  -19.876  7.974  -35.631 0.0000000000
69149  -23.050  8.472  -35.292 0.0000000000
67500  -24.243  6.208  -36.496 0.0000000000
65819  -25.263  4.747  -37.606 0.0000000000
65796  -26.484  4.069  -36.284 0.0000000000
63287  -23.637  1.292  -35.579 0.0000000000
63276  -26.712  1.746  -35.055 0.0000000000
64938  -20.377  3.124  -36.349 0.0000000000
64097  -20.436  2.179  -36.553 0.0000000000
104052  -25.235  -2.814  -33.568 0.0000000000
59916  -25.479  -2.056  -33.760 0.0000000000
59901  -25.795  -2.709  -33.031 0.0000000000
52805  -22.954  -10.751  -29.975 0.0000000000
52816  -22.880  -9.882  -30.798 0.0000000000
53719  -23.125  -9.206  -31.194 0.0000000000
123351  -22.694  -3.702  -35.179 0.0000000000
58206  -22.317  -4.412  -35.084 0.0000000000
73060  -17.456  14.007  -36.782 0.0000000000
70754  -17.750  10.670  -35.915 0.0000000000
112486  -18.667  11.699  -35.797 0.0000000000
71542  -18.798  10.895  -35.721 0.0000000000
114013  -20.285  11.033  -35.585 0.0000000000
70733  -19.981  10.414  -35.611 0.0000000000
68327  -20.396  7.149  -35.504 0.0000000000
69147  -21.354  8.305  -34.997 0.0000000000
114431  -22.708  6.927  -35.171 0.0000000000
68329  -23.349  7.565  -35.455 0.0000000000
67498  -23.013  6.172  -35.300 0.0000000000
104452  -24.288  3.655  -35.850 0.0000000000
65795  -24.321  4.386  -35.948 0.0000000000
116589  -24.947  3.912  -36.471 0.0000000000
64940  -26.092  4.110  -36.833 0.0000000000
64928  -26.217  3.526  -36.363 0.0000000000
61611  -22.124  -0.459  -35.846 0.0000000000
62418  -22.230  0.407  -35.687 0.0000000000
106259  -23.039  0.125  -35.558 0.0000000000
61602  -26.298  -0.046  -34.354 0.0000000000
62421  -25.255  0.810  -35.478 0.0000000000
63277  -27.172  1.555  -34.275 0.0000000000
120150  -27.223  2.417  -34.652 0.0000000000
64077  -27.474  2.048  -33.761 0.0000000000
56457  -24.013  -7.050  -31.940 0.0000000000
56473  -22.846  -6.981  -32.944 0.0000000000
56475  -24.285  -6.238  -32.194 0.0000000000
57349  -23.826  -5.790  -32.810 0.0000000000
66668  -21.025  5.387  -35.575 0.0000000000
66669  -22.850  5.446  -35.390 0.0000000000
65792  -21.882  4.180  -35.491 0.0000000000
64924  -22.579  3.582  -35.486 0.0000000000
113353  -22.945  2.692  -35.522 0.0000000000
60786  -22.995  -1.636  -35.706 0.0000000000
61613  -24.077  -0.697  -35.493 0.0000000000
61600  -24.814  -0.934  -34.974 0.0000000000
61592  -26.051  -0.726  -34.130 0.0000000000
61594  -27.126  -0.019  -33.226 0.0000000000
54656  -23.965  -8.196  -31.222 0.0000000000
60785  -22.153  -1.697  -35.975 0.0000000000
59942  -22.618  -2.902  -35.545 0.0000000000
59070  -23.327  -3.398  -34.811 0.0000000000
58191  -24.399  -4.218  -33.410 0.0000000000
75366  -16.563  17.162  -37.251 0.0000000000
74558  -15.977  15.234  -35.250 0.0000000000
74562  -16.394  15.323  -36.803 0.0000000000
73827  -18.362  14.808  -37.672 0.0000000000
73062  -19.287  14.502  -37.145 0.0000000000
73817  -20.037  14.033  -36.495 0.0000000000
72267  -17.282  12.602  -36.362 0.0000000000
72269  -19.103  12.704  -36.106 0.0000000000
72271  -21.299  12.885  -35.726 0.0000000000
72253  -21.831  12.225  -35.494 0.0000000000
71526  -22.334  11.493  -35.416 0.0000000000
70737  -23.732  10.648  -35.647 0.0000000000
69158  -18.537  8.812  -36.140 0.0000000000
114080  -21.188  9.116  -34.977 0.0000000000
110185  -22.672  9.508  -35.237 0.0000000000
69944  -24.102  9.021  -35.920 0.0000000000
69159  -24.154  8.118  -36.376 0.0000000000
122500  -24.747  5.511  -38.142 0.0000000000
112642  -23.581  5.703  -35.639 0.0000000000
66680  -24.662  5.304  -37.274 0.0000000000
63299  -20.561  1.341  -36.580 0.0000000000
64086  -22.278  1.854  -35.618 0.0000000000
110170  -24.231  1.834  -35.663 0.0000000000
62420  -24.542  0.551  -35.540 0.0000000000
63288  -24.580  1.278  -35.617 0.0000000000
64089  -25.059  2.169  -35.810 0.0000000000
108134  -26.428  2.904  -35.856 0.0000000000
64917  -27.272  3.235  -34.620 0.0000000000
57383  -22.848  -4.899  -34.211 0.0000000000
57368  -24.094  -4.985  -33.088 0.0000000000
58176  -25.450  -4.265  -32.380 0.0000000000
59058  -25.333  -3.287  -33.217 0.0000000000
59044  -26.240  -3.040  -32.316 0.0000000000
52806  -23.664  -10.497  -29.678 0.0000000000
52817  -23.296  -10.122  -30.232 0.0000000000
113957  -17.213  10.234  -36.345 0.0000000000
121415  -18.247  11.043  -35.710 0.0000000000
70755  -18.466  10.369  -35.809 0.0000000000
70756  -19.178  10.353  -35.737 0.0000000000
67508  -19.963  6.339  -35.879 0.0000000000
112897  -21.499  7.225  -35.127 0.0000000000
67497  -22.035  6.085  -35.251 0.0000000000
119300  -24.222  3.062  -35.710 0.0000000000
64939  -25.655  3.839  -36.625 0.0000000000
61612  -23.177  -0.556  -35.663 0.0000000000
62405  -26.855  0.306  -33.818 0.0000000000
62411  -26.605  0.861  -34.587 0.0000000000
62412  -27.106  0.938  -33.909 0.0000000000
63270  -27.403  1.328  -33.514 0.0000000000
115919  -27.573  1.735  -33.072 0.0000000000
63252  -27.625  1.050  -32.690 0.0000000000
66679  -20.157  4.856  -36.067 0.0000000000
65805  -20.866  4.249  -35.707 0.0000000000
121101  -20.979  2.591  -35.901 0.0000000000
110329  -21.372  3.388  -35.619 0.0000000000
59925  -23.283  -2.214  -35.354 0.0000000000
60775  -23.946  -1.522  -35.270 0.0000000000
59927  -24.787  -1.775  -34.549 0.0000000000
60768  -26.105  -1.335  -33.645 0.0000000000
60767  -25.502  -1.219  -34.313 0.0000000000
61593  -26.618  -0.547  -33.538 0.0000000000
61584  -27.125  -0.585  -32.739 0.0000000000
60756  -27.165  -1.166  -32.243 0.0000000000
51926  -22.427  -11.459  -29.901 0.0000000000
51925  -21.652  -11.892  -30.158 0.0000000000
54655  -23.415  -8.518  -31.512 0.0000000000
104450  -22.558  -2.153  -35.746 0.0000000000
59056  -23.870  -3.779  -34.080 0.0000000000
76152  -16.398  16.996  -35.381 0.0000000000
76161  -16.593  17.104  -36.258 0.0000000000
110908  -17.058  17.079  -38.195 0.0000000000
75365  -16.337  16.508  -37.008 0.0000000000
73813  -16.311  14.571  -36.677 0.0000000000
73825  -16.732  15.044  -37.135 0.0000000000
74568  -17.173  15.522  -37.689 0.0000000000
74569  -17.834  15.353  -38.056 0.0000000000
117767  -18.366  15.390  -38.184 0.0000000000
73061  -18.280  14.021  -36.916 0.0000000000
73046  -19.156  13.632  -36.560 0.0000000000
71540  -16.838  11.930  -36.268 0.0000000000
72270  -20.184  12.579  -35.878 0.0000000000
72252  -20.911  12.165  -35.583 0.0000000000
71525  -21.153  11.427  -35.417 0.0000000000
70735  -21.875  10.716  -35.282 0.0000000000
113286  -22.865  10.761  -35.424 0.0000000000
121642  -22.477  10.166  -35.288 0.0000000000
68338  -19.040  7.980  -36.120 0.0000000000
69145  -19.366  8.836  -35.804 0.0000000000
69146  -20.361  8.800  -35.284 0.0000000000
68328  -22.369  7.896  -35.060 0.0000000000
69148  -22.149  8.878  -34.995 0.0000000000
123908  -22.856  9.003  -35.236 0.0000000000
121736  -23.497  9.165  -35.487 0.0000000000
69150  -23.800  8.283  -35.749 0.0000000000
67499  -23.608  6.535  -35.685 0.0000000000
68330  -24.077  7.165  -36.257 0.0000000000
67509  -24.437  6.164  -37.559 0.0000000000
66670  -23.584  4.918  -35.623 0.0000000000
65806  -24.860  4.559  -36.839 0.0000000000
66692  -25.129  5.260  -38.271 0.0000000000
65820  -25.665  4.967  -37.886 0.0000000000
125018  -26.735  4.430  -35.592 0.0000000000
107020  -23.069  0.740  -35.535 0.0000000000
63286  -22.669  1.196  -35.579 0.0000000000
64087  -23.430  1.997  -35.597 0.0000000000
104014  -23.984  -0.004  -35.603 0.0000000000
61614  -24.919  -0.050  -35.352 0.0000000000
62422  -26.035  1.204  -35.374 0.0000000000
63289  -25.402  1.523  -35.623 0.0000000000
111332  -26.040  2.106  -35.709 0.0000000000
64090  -26.754  2.436  -35.365 0.0000000000
111122  -27.414  2.839  -33.864 0.0000000000
64910  -27.350  3.501  -33.919 0.0000000000
57350  -24.522  -5.411  -32.430 0.0000000000
58175  -24.795  -4.625  -32.720 0.0000000000
57351  -25.153  -5.017  -32.045 0.0000000000
59915  -24.746  -2.574  -34.130 0.0000000000
59917  -26.124  -1.968  -33.184 0.0000000000
59902  -26.427  -2.268  -32.581 0.0000000000
59887  -26.687  -2.564  -31.980 0.0000000000
51927  -23.302  -11.286  -29.482 0.0000000000
53707  -23.533  -9.448  -30.559 0.0000000000
53708  -24.193  -9.030  -30.348 0.0000000000
59069  -22.030  -3.627  -35.673 0.0000000000
74555  -16.172  16.056  -35.361 0.0000000000
73816  -16.878  14.312  -36.798 0.0000000000
73044  -16.922  13.440  -36.644 0.0000000000
73045  -17.737  13.315  -36.552 0.0000000000
71541  -17.657  11.668  -35.912 0.0000000000
71523  -19.484  11.130  -35.720 0.0000000000
71524  -20.199  11.692  -35.673 0.0000000000
114150  -20.689  7.889  -35.225 0.0000000000
65794  -23.551  4.105  -35.607 0.0000000000
118018  -25.365  4.370  -37.029 0.0000000000
65807  -25.736  4.493  -37.267 0.0000000000
62417  -21.356  0.018  -36.184 0.0000000000
62410  -25.828  0.377  -35.067 0.0000000000
64060  -27.587  2.492  -32.935 0.0000000000
55609  -23.325  -7.421  -32.351 0.0000000000
56474  -23.576  -6.608  -32.565 0.0000000000
56488  -23.141  -6.189  -33.241 0.0000000000
57334  -24.900  -5.829  -31.777 0.0000000000
119042  -20.319  5.688  -35.830 0.0000000000
103890  -21.924  5.005  -35.395 0.0000000000
64925  -23.583  3.329  -35.579 0.0000000000
125201  -23.732  2.718  -35.599 0.0000000000
122923  -23.377  -1.107  -35.666 0.0000000000
62392  -27.449  0.170  -32.642 0.0000000000
51086  -22.129  -12.319  -29.620 0.0000000000
54668  -22.356  -8.545  -32.448 0.0000000000
54654  -22.738  -8.881  -31.821 0.0000000000
54669  -23.068  -8.192  -32.138 0.0000000000
55593  -23.708  -7.818  -31.729 0.0000000000
55580  -24.415  -7.527  -31.251 0.0000000000
104702  -23.485  -2.776  -35.006 0.0000000000
59071  -24.068  -3.054  -34.435 0.0000000000
59057  -24.694  -3.379  -33.684 0.0000000000
58192  -25.111  -3.911  -33.050 0.0000000000
76162  -16.846  17.938  -36.524 0.0000000000
118478  -15.715  15.960  -34.730 0.0000000000
74559  -16.334  15.263  -36.052 0.0000000000
74567  -16.511  15.786  -37.190 0.0000000000
75382  -17.578  16.157  -38.442 0.0000000000
106494  -19.812  15.158  -37.460 0.0000000000
73828  -20.370  14.776  -36.900 0.0000000000
73818  -20.997  14.309  -36.349 0.0000000000
72268  -18.116  12.550  -36.163 0.0000000000
73047  -19.818  13.293  -36.221 0.0000000000
73048  -20.670  13.492  -36.075 0.0000000000
114008  -21.788  13.811  -35.907 0.0000000000
73038  -22.367  13.032  -35.606 0.0000000000
72254  -22.902  12.273  -35.510 0.0000000000
69956  -18.852  9.639  -35.877 0.0000000000
69941  -19.682  9.655  -35.629 0.0000000000
69942  -20.584  9.740  -35.261 0.0000000000
69943  -21.665  9.823  -35.111 0.0000000000
70736  -23.286  10.013  -35.434 0.0000000000
115243  -24.003  9.829  -35.720 0.0000000000
68340  -24.142  7.134  -37.323 0.0000000000
112175  -24.310  6.442  -38.391 0.0000000000
67517  -24.795  5.830  -38.692 0.0000000000
120524  -24.127  5.795  -36.125 0.0000000000
66671  -24.313  5.133  -36.074 0.0000000000
65808  -26.153  4.670  -37.209 0.0000000000
64085  -21.227  1.866  -36.019 0.0000000000
63285  -21.509  0.971  -36.029 0.0000000000
64088  -24.333  2.462  -35.695 0.0000000000
62419  -23.841  0.668  -35.572 0.0000000000
64927  -25.743  2.948  -36.130 0.0000000000
119077  -26.649  3.461  -35.841 0.0000000000
64091  -27.026  3.037  -35.336 0.0000000000
64929  -26.992  3.790  -35.273 0.0000000000
57367  -23.372  -5.361  -33.501 0.0000000000
58190  -23.610  -4.549  -33.774 0.0000000000
54642  -23.771  -8.772  -30.905 0.0000000000
75372  -16.825  16.338  -37.690 0.0000000000
