#!ascii label  , from subject sub-p012 vox2ras=TkReg
454
59079  23.599  -2.719  -29.506 0.0000000000
62583  31.174  1.666  -33.411 0.0000000000
69117  27.720  9.058  -32.831 0.0000000000
115356  22.163  7.189  -33.480 0.0000000000
54568  25.794  -7.121  -28.447 0.0000000000
106924  29.366  -4.508  -28.872 0.0000000000
60006  27.671  -1.632  -33.151 0.0000000000
63406  25.544  2.464  -33.943 0.0000000000
65872  29.127  4.824  -33.766 0.0000000000
67560  31.020  7.623  -37.993 0.0000000000
72097  28.134  13.520  -32.731 0.0000000000
56433  24.768  -5.413  -28.795 0.0000000000
55519  27.626  -6.568  -28.625 0.0000000000
57323  26.602  -4.502  -30.596 0.0000000000
62579  23.779  1.744  -32.485 0.0000000000
64201  22.416  3.781  -32.452 0.0000000000
68313  25.254  8.101  -33.164 0.0000000000
124310  26.083  6.216  -33.508 0.0000000000
123399  28.723  7.344  -33.141 0.0000000000
66706  30.766  5.959  -36.599 0.0000000000
115965  29.723  8.945  -35.166 0.0000000000
73636  26.373  15.764  -31.231 0.0000000000
72076  25.359  13.654  -31.291 0.0000000000
72837  27.664  14.921  -32.735 0.0000000000
60852  29.253  -0.440  -33.655 0.0000000000
59995  30.169  -1.469  -31.499 0.0000000000
61686  31.578  0.487  -30.810 0.0000000000
69888  24.571  10.242  -32.347 0.0000000000
64199  32.153  3.575  -32.725 0.0000000000
59991  23.587  -1.416  -30.286 0.0000000000
59095  25.906  -2.396  -31.453 0.0000000000
60835  24.499  -0.585  -31.554 0.0000000000
61716  26.462  0.438  -33.976 0.0000000000
109318  28.072  1.023  -34.421 0.0000000000
65051  23.856  4.754  -33.646 0.0000000000
64223  27.153  3.516  -34.484 0.0000000000
108616  30.727  3.127  -34.447 0.0000000000
65063  32.035  4.767  -35.520 0.0000000000
70621  24.514  11.838  -31.579 0.0000000000
116550  27.675  10.928  -32.032 0.0000000000
73663  26.667  14.962  -35.606 0.0000000000
72116  28.227  13.116  -35.456 0.0000000000
70655  29.285  10.910  -34.679 0.0000000000
123182  30.099  9.928  -37.979 0.0000000000
58194  28.559  -3.480  -31.454 0.0000000000
59080  22.840  -2.434  -29.085 0.0000000000
58169  23.201  -3.248  -28.911 0.0000000000
57316  24.547  -4.421  -29.233 0.0000000000
56431  26.111  -4.963  -30.005 0.0000000000
58179  24.750  -3.669  -29.843 0.0000000000
69119  25.622  8.772  -32.756 0.0000000000
115263  26.688  7.446  -33.144 0.0000000000
68310  28.182  8.477  -32.981 0.0000000000
67529  29.254  7.988  -33.494 0.0000000000
122845  29.249  9.032  -33.814 0.0000000000
74447  26.749  16.588  -31.610 0.0000000000
116258  26.665  15.144  -31.455 0.0000000000
74453  27.245  16.493  -32.792 0.0000000000
61713  30.327  0.413  -33.548 0.0000000000
60841  30.689  0.002  -32.047 0.0000000000
62565  31.407  1.267  -31.968 0.0000000000
69903  22.820  10.018  -33.228 0.0000000000
120606  21.992  11.547  -32.729 0.0000000000
117171  24.347  -6.387  -27.928 0.0000000000
55510  24.375  -7.071  -27.636 0.0000000000
53582  26.480  -8.516  -27.692 0.0000000000
53581  27.226  -8.159  -27.605 0.0000000000
55531  28.110  -5.921  -28.905 0.0000000000
56411  28.692  -5.928  -27.493 0.0000000000
60000  24.063  -0.979  -30.916 0.0000000000
60836  23.742  -0.257  -31.133 0.0000000000
62587  24.624  1.750  -33.140 0.0000000000
61718  24.956  0.984  -33.153 0.0000000000
62585  26.118  1.222  -34.153 0.0000000000
61726  26.927  0.926  -34.372 0.0000000000
62595  26.457  1.679  -34.487 0.0000000000
65848  22.515  5.425  -33.296 0.0000000000
65863  23.253  5.553  -33.567 0.0000000000
66701  27.803  5.675  -33.278 0.0000000000
65875  26.750  4.902  -33.795 0.0000000000
65057  28.155  4.399  -33.956 0.0000000000
64222  27.880  3.416  -34.520 0.0000000000
65066  29.850  4.325  -34.428 0.0000000000
64227  31.149  3.854  -34.821 0.0000000000
106269  30.501  4.803  -35.135 0.0000000000
67559  31.081  6.675  -37.900 0.0000000000
114935  31.985  6.342  -37.439 0.0000000000
112610  26.728  13.110  -31.627 0.0000000000
71343  25.087  12.726  -31.447 0.0000000000
71342  26.141  12.411  -31.593 0.0000000000
70619  26.518  11.582  -31.631 0.0000000000
71353  27.862  12.288  -32.103 0.0000000000
70656  29.021  11.725  -34.873 0.0000000000
70676  29.263  11.219  -36.672 0.0000000000
69938  29.523  10.445  -36.273 0.0000000000
59997  26.345  -1.947  -32.089 0.0000000000
58196  27.011  -3.526  -31.470 0.0000000000
59092  28.360  -3.024  -32.118 0.0000000000
59988  31.042  -1.141  -30.133 0.0000000000
59083  30.189  -2.415  -30.283 0.0000000000
55523  24.010  -5.602  -28.072 0.0000000000
56423  25.423  -6.248  -28.787 0.0000000000
54567  26.591  -7.306  -28.503 0.0000000000
55534  26.018  -5.826  -29.432 0.0000000000
56430  27.267  -5.693  -29.856 0.0000000000
56437  27.698  -5.147  -30.267 0.0000000000
121353  22.519  1.662  -31.281 0.0000000000
63397  23.376  2.649  -32.591 0.0000000000
64214  23.761  3.288  -33.132 0.0000000000
67530  23.462  7.930  -33.584 0.0000000000
66687  24.462  6.460  -33.636 0.0000000000
112085  24.994  7.250  -33.498 0.0000000000
110999  27.556  6.973  -33.088 0.0000000000
66683  28.283  6.434  -33.079 0.0000000000
66707  30.394  5.951  -35.259 0.0000000000
66699  30.077  6.705  -34.585 0.0000000000
107382  30.067  7.521  -35.238 0.0000000000
68341  30.243  8.339  -36.782 0.0000000000
72827  24.882  15.220  -30.408 0.0000000000
113851  25.813  15.004  -31.056 0.0000000000
72833  26.554  14.473  -31.463 0.0000000000
110123  27.644  14.079  -32.297 0.0000000000
60014  28.253  -1.157  -33.624 0.0000000000
59100  28.838  -2.267  -32.452 0.0000000000
60003  29.998  -1.283  -32.459 0.0000000000
60821  30.744  -0.941  -30.921 0.0000000000
108449  21.742  7.989  -33.380 0.0000000000
68315  23.029  8.677  -33.576 0.0000000000
69104  24.262  9.684  -32.898 0.0000000000
69102  26.063  9.450  -32.435 0.0000000000
54565  27.824  -6.878  -28.020 0.0000000000
63404  31.854  2.972  -33.200 0.0000000000
62576  31.729  2.102  -32.096 0.0000000000
59978  23.216  -1.908  -29.645 0.0000000000
59085  24.708  -2.487  -30.495 0.0000000000
59990  24.405  -1.720  -30.692 0.0000000000
59998  25.573  -1.622  -31.693 0.0000000000
60008  25.954  -1.229  -32.382 0.0000000000
61707  24.608  0.510  -32.475 0.0000000000
61706  25.252  0.235  -32.940 0.0000000000
60016  27.190  -1.078  -33.462 0.0000000000
110081  28.207  0.038  -34.007 0.0000000000
61724  28.506  0.521  -34.132 0.0000000000
62592  29.640  1.183  -34.338 0.0000000000
64215  23.214  4.076  -33.224 0.0000000000
110807  24.931  3.655  -33.760 0.0000000000
120952  24.928  5.785  -33.701 0.0000000000
65049  25.350  4.260  -33.868 0.0000000000
114908  25.670  3.261  -33.981 0.0000000000
110438  27.550  2.745  -34.722 0.0000000000
63413  29.159  1.959  -34.535 0.0000000000
63412  30.282  2.054  -34.336 0.0000000000
64211  31.693  3.195  -33.889 0.0000000000
105455  32.363  4.593  -34.233 0.0000000000
65886  31.106  5.534  -36.757 0.0000000000
70633  24.003  11.101  -32.005 0.0000000000
69886  26.496  10.167  -32.194 0.0000000000
69885  27.413  10.300  -32.271 0.0000000000
73655  27.180  15.060  -34.658 0.0000000000
72853  27.984  14.331  -34.131 0.0000000000
72117  27.597  13.798  -35.689 0.0000000000
72107  28.605  12.997  -33.973 0.0000000000
71362  28.711  12.250  -33.468 0.0000000000
69902  28.903  10.669  -33.263 0.0000000000
69901  29.136  9.795  -33.581 0.0000000000
69133  29.600  9.611  -35.238 0.0000000000
111972  30.246  8.873  -37.274 0.0000000000
69149  30.591  8.779  -38.098 0.0000000000
122374  25.886  -3.549  -30.772 0.0000000000
57328  27.546  -4.053  -31.146 0.0000000000
57320  28.717  -4.341  -30.350 0.0000000000
59091  29.155  -2.838  -31.642 0.0000000000
59077  29.930  -3.113  -29.895 0.0000000000
58170  22.380  -2.851  -28.429 0.0000000000
57317  24.019  -3.514  -29.346 0.0000000000
69118  26.618  8.859  -32.717 0.0000000000
68311  27.170  8.291  -32.900 0.0000000000
68309  29.056  8.538  -33.415 0.0000000000
114045  28.678  9.064  -33.250 0.0000000000
74446  27.211  16.314  -32.097 0.0000000000
62584  30.669  1.078  -33.806 0.0000000000
61712  31.028  0.907  -33.050 0.0000000000
54569  24.977  -6.779  -28.179 0.0000000000
54557  25.242  -7.627  -27.791 0.0000000000
54556  25.775  -8.312  -27.675 0.0000000000
119247  26.137  -7.846  -28.096 0.0000000000
117027  26.765  -7.874  -28.073 0.0000000000
57314  28.694  -5.175  -29.166 0.0000000000
56422  28.663  -5.593  -28.309 0.0000000000
56421  29.105  -5.005  -28.410 0.0000000000
57304  29.601  -4.506  -27.941 0.0000000000
61687  22.955  0.133  -30.659 0.0000000000
63407  24.924  2.422  -33.557 0.0000000000
111913  25.382  1.646  -33.734 0.0000000000
62586  25.901  1.908  -34.221 0.0000000000
63417  26.057  2.461  -34.340 0.0000000000
66689  22.565  6.312  -33.475 0.0000000000
65873  28.074  4.981  -33.649 0.0000000000
65056  28.633  3.908  -34.201 0.0000000000
65881  30.144  5.141  -34.593 0.0000000000
67554  31.550  7.066  -37.806 0.0000000000
72089  27.613  13.165  -32.005 0.0000000000
71341  27.079  12.355  -31.710 0.0000000000
124500  28.171  12.848  -32.492 0.0000000000
121738  28.950  11.828  -36.219 0.0000000000
70686  29.329  11.287  -37.637 0.0000000000
59102  27.149  -2.251  -32.509 0.0000000000
59101  28.013  -2.352  -32.637 0.0000000000
59976  31.268  -1.283  -29.324 0.0000000000
57305  24.051  -4.829  -28.539 0.0000000000
57295  23.257  -4.735  -27.987 0.0000000000
55522  24.695  -6.101  -28.364 0.0000000000
121739  25.389  -5.668  -29.130 0.0000000000
116747  26.654  -5.604  -29.838 0.0000000000
56438  26.950  -5.170  -30.290 0.0000000000
63399  21.952  3.166  -31.692 0.0000000000
63398  22.589  2.884  -32.142 0.0000000000
64200  23.056  3.339  -32.726 0.0000000000
68314  24.355  8.009  -33.422 0.0000000000
113672  27.819  7.775  -32.971 0.0000000000
67544  29.338  6.592  -33.466 0.0000000000
68326  29.620  8.401  -34.368 0.0000000000
68335  30.024  8.301  -35.739 0.0000000000
67555  30.399  7.500  -36.747 0.0000000000
73637  25.634  15.733  -30.677 0.0000000000
73640  27.413  15.646  -32.326 0.0000000000
72832  27.263  14.822  -31.819 0.0000000000
60013  28.946  -1.062  -33.476 0.0000000000
60843  29.687  -0.927  -33.191 0.0000000000
60833  30.508  -0.758  -31.821 0.0000000000
60832  31.145  -0.179  -31.133 0.0000000000
60820  31.253  -0.544  -30.435 0.0000000000
68316  21.270  8.429  -33.065 0.0000000000
116285  21.609  8.742  -33.310 0.0000000000
116005  22.211  8.694  -33.508 0.0000000000
69123  21.796  9.402  -33.357 0.0000000000
108125  23.497  10.366  -32.774 0.0000000000
69103  25.096  9.482  -32.567 0.0000000000
55520  27.025  -6.755  -28.926 0.0000000000
54566  27.257  -7.332  -28.244 0.0000000000
55498  28.813  -6.385  -26.771 0.0000000000
59979  22.724  -1.015  -29.652 0.0000000000
59086  23.968  -2.200  -30.114 0.0000000000
59999  24.812  -1.310  -31.329 0.0000000000
60834  25.239  -0.880  -31.933 0.0000000000
62566  23.185  1.295  -31.659 0.0000000000
61699  23.429  0.483  -31.363 0.0000000000
61708  23.934  0.848  -32.081 0.0000000000
61717  25.645  0.727  -33.635 0.0000000000
60856  25.975  -0.073  -33.408 0.0000000000
60844  26.370  -0.812  -33.090 0.0000000000
60855  26.826  -0.374  -33.757 0.0000000000
60854  27.777  -0.629  -33.883 0.0000000000
61715  27.363  0.173  -34.120 0.0000000000
61723  29.203  0.534  -34.115 0.0000000000
62593  28.755  1.107  -34.378 0.0000000000
65052  23.039  4.889  -33.441 0.0000000000
110231  24.157  3.883  -33.558 0.0000000000
65050  24.608  4.311  -33.727 0.0000000000
123676  25.174  6.480  -33.613 0.0000000000
65058  26.574  4.081  -34.170 0.0000000000
65048  26.042  4.630  -33.910 0.0000000000
65059  25.991  3.850  -34.059 0.0000000000
64224  26.339  3.158  -34.414 0.0000000000
115068  26.870  2.738  -34.704 0.0000000000
117793  29.376  3.569  -34.362 0.0000000000
64221  28.565  2.912  -34.583 0.0000000000
104755  29.722  2.877  -34.448 0.0000000000
63411  31.133  2.669  -34.173 0.0000000000
65064  31.515  4.495  -35.356 0.0000000000
64218  31.878  4.121  -34.940 0.0000000000
65055  32.302  4.539  -34.974 0.0000000000
65871  32.503  5.261  -34.617 0.0000000000
65880  30.742  5.411  -35.727 0.0000000000
72834  24.779  14.448  -30.717 0.0000000000
72077  24.291  13.679  -31.071 0.0000000000
71344  23.886  12.918  -31.454 0.0000000000
70622  23.452  12.094  -31.684 0.0000000000
69873  26.933  10.843  -31.793 0.0000000000
69874  26.019  10.812  -31.713 0.0000000000
73656  26.504  15.797  -34.899 0.0000000000
122023  27.594  14.701  -34.415 0.0000000000
72854  27.411  14.374  -34.997 0.0000000000
72127  27.850  13.371  -36.418 0.0000000000
72108  28.187  13.642  -34.656 0.0000000000
111846  28.537  12.926  -34.719 0.0000000000
71370  28.797  12.311  -34.338 0.0000000000
70647  29.042  11.436  -33.897 0.0000000000
69915  29.429  10.106  -34.505 0.0000000000
69927  29.470  10.359  -35.360 0.0000000000
69155  30.190  9.491  -37.717 0.0000000000
69150  29.900  9.683  -36.780 0.0000000000
58188  25.457  -2.910  -30.816 0.0000000000
58197  26.224  -3.162  -31.231 0.0000000000
58195  27.841  -3.527  -31.631 0.0000000000
57327  28.146  -3.923  -31.195 0.0000000000
57321  28.097  -4.493  -30.719 0.0000000000
58185  28.654  -3.926  -30.865 0.0000000000
59996  29.562  -1.967  -32.044 0.0000000000
59090  29.818  -2.204  -31.115 0.0000000000
59076  30.445  -2.554  -29.501 0.0000000000
58177  30.230  -3.149  -29.235 0.0000000000
58178  29.716  -3.773  -29.315 0.0000000000
57306  23.652  -4.080  -28.704 0.0000000000
56432  25.340  -5.114  -29.445 0.0000000000
57315  25.330  -4.333  -29.904 0.0000000000
57324  25.936  -4.158  -30.461 0.0000000000
68312  26.181  8.162  -32.991 0.0000000000
124465  28.653  8.049  -33.111 0.0000000000
74448  26.122  16.420  -30.938 0.0000000000
73635  27.037  15.701  -31.719 0.0000000000
61714  29.560  0.135  -33.811 0.0000000000
60851  29.970  -0.245  -33.369 0.0000000000
61705  30.572  0.143  -32.907 0.0000000000
61704  30.986  0.573  -32.320 0.0000000000
61697  31.273  0.545  -31.541 0.0000000000
69889  22.466  10.752  -32.980 0.0000000000
56412  23.290  -5.527  -27.528 0.0000000000
55512  22.825  -5.974  -27.075 0.0000000000
55511  23.664  -6.375  -27.435 0.0000000000
54558  23.715  -7.283  -27.075 0.0000000000
52662  26.533  -9.207  -27.326 0.0000000000
52661  26.993  -8.917  -27.399 0.0000000000
55518  28.209  -6.283  -28.156 0.0000000000
60822  23.253  -0.621  -30.457 0.0000000000
62578  24.403  1.169  -32.652 0.0000000000
62594  27.279  1.430  -34.600 0.0000000000
65859  27.007  5.652  -33.452 0.0000000000
65860  26.226  5.573  -33.638 0.0000000000
122782  27.383  5.099  -33.608 0.0000000000
65874  27.402  4.398  -33.991 0.0000000000
114518  27.800  3.934  -34.266 0.0000000000
64220  30.282  3.714  -34.527 0.0000000000
65065  30.757  4.353  -35.028 0.0000000000
119696  31.682  5.064  -35.887 0.0000000000
114072  30.767  6.592  -37.287 0.0000000000
66711  31.166  5.993  -37.487 0.0000000000
66715  31.443  6.275  -37.796 0.0000000000
72075  26.281  13.742  -31.493 0.0000000000
113439  25.918  13.121  -31.546 0.0000000000
70620  25.546  11.657  -31.574 0.0000000000
70618  27.401  11.547  -31.826 0.0000000000
70632  28.119  11.521  -32.283 0.0000000000
71385  28.470  12.528  -36.127 0.0000000000
71377  28.687  12.444  -35.181 0.0000000000
124537  28.912  11.969  -35.608 0.0000000000
70664  29.213  11.209  -35.651 0.0000000000
69945  29.764  10.366  -37.322 0.0000000000
59094  26.682  -2.718  -31.827 0.0000000000
59093  27.504  -2.973  -32.123 0.0000000000
59989  30.433  -1.660  -30.608 0.0000000000
59977  30.715  -1.844  -29.805 0.0000000000
59965  30.894  -2.000  -28.998 0.0000000000
55521  26.320  -6.621  -28.970 0.0000000000
55533  26.814  -6.183  -29.467 0.0000000000
55532  27.449  -6.149  -29.293 0.0000000000
56429  27.965  -5.578  -29.664 0.0000000000
62580  22.892  2.087  -31.936 0.0000000000
63408  24.186  2.503  -33.105 0.0000000000
64213  24.545  3.142  -33.492 0.0000000000
112167  23.028  7.146  -33.597 0.0000000000
112084  23.976  7.197  -33.574 0.0000000000
111502  25.854  6.798  -33.446 0.0000000000
118981  25.792  7.565  -33.264 0.0000000000
66685  26.664  6.436  -33.351 0.0000000000
66684  27.414  6.246  -33.183 0.0000000000
66700  28.791  5.697  -33.302 0.0000000000
115420  29.767  5.802  -33.976 0.0000000000
67550  30.392  6.675  -36.059 0.0000000000
67543  29.684  7.466  -33.916 0.0000000000
119207  30.804  7.231  -37.685 0.0000000000
68340  30.607  8.045  -37.688 0.0000000000
108269  25.774  14.257  -31.251 0.0000000000
72074  27.114  13.893  -31.676 0.0000000000
60005  28.514  -1.660  -33.064 0.0000000000
60004  29.297  -1.553  -32.851 0.0000000000
60842  30.292  -0.584  -32.730 0.0000000000
67531  22.585  7.933  -33.597 0.0000000000
118044  23.797  8.601  -33.441 0.0000000000
69122  22.570  9.400  -33.428 0.0000000000
69121  23.521  9.403  -33.299 0.0000000000
69120  24.567  8.885  -33.133 0.0000000000
108784  27.801  -7.437  -27.538 0.0000000000
55509  28.298  -6.722  -27.456 0.0000000000
63396  31.589  2.281  -32.911 0.0000000000
62577  31.389  1.642  -32.704 0.0000000000
59078  24.338  -2.952  -29.916 0.0000000000
59096  25.164  -2.049  -31.061 0.0000000000
60007  26.753  -1.538  -32.828 0.0000000000
61698  24.205  0.121  -31.791 0.0000000000
60846  24.890  -0.193  -32.223 0.0000000000
60845  25.581  -0.504  -32.669 0.0000000000
60015  27.756  -1.177  -33.625 0.0000000000
60853  28.588  -0.549  -33.827 0.0000000000
108779  28.887  0.013  -33.941 0.0000000000
61722  29.979  0.667  -34.089 0.0000000000
64212  25.147  3.001  -33.763 0.0000000000
66688  23.554  6.374  -33.614 0.0000000000
65862  24.127  5.638  -33.679 0.0000000000
114119  24.717  4.986  -33.755 0.0000000000
65861  25.474  5.191  -33.787 0.0000000000
63416  26.597  2.218  -34.656 0.0000000000
63414  28.044  1.862  -34.687 0.0000000000
62591  30.346  1.266  -34.190 0.0000000000
62590  30.878  1.804  -34.005 0.0000000000
63405  31.394  2.427  -33.632 0.0000000000
64210  32.058  3.591  -33.493 0.0000000000
64219  31.503  3.470  -34.459 0.0000000000
105070  32.093  3.925  -34.271 0.0000000000
65047  32.317  4.390  -33.270 0.0000000000
120394  31.146  5.068  -35.790 0.0000000000
65890  31.428  5.654  -37.155 0.0000000000
65879  32.322  5.214  -35.645 0.0000000000
69875  25.044  10.906  -31.757 0.0000000000
69887  25.551  10.133  -32.140 0.0000000000
69101  27.027  9.610  -32.567 0.0000000000
74461  26.886  16.527  -33.815 0.0000000000
117725  27.446  15.717  -33.294 0.0000000000
122696  27.236  15.638  -34.121 0.0000000000
73647  27.674  14.987  -33.822 0.0000000000
72842  27.978  14.281  -33.209 0.0000000000
72841  28.315  13.656  -33.628 0.0000000000
72866  27.018  14.379  -35.962 0.0000000000
72096  28.477  12.944  -33.122 0.0000000000
71352  28.414  12.243  -32.694 0.0000000000
70631  28.676  11.478  -32.956 0.0000000000
69884  28.287  10.648  -32.504 0.0000000000
120233  28.648  10.052  -32.885 0.0000000000
69116  28.503  9.499  -32.958 0.0000000000
69115  29.450  9.317  -34.437 0.0000000000
116739  29.692  9.842  -35.941 0.0000000000
69143  29.906  9.082  -36.134 0.0000000000
68345  30.897  8.291  -38.182 0.0000000000
69944  30.578  9.556  -38.432 0.0000000000
68349  30.984  8.919  -38.477 0.0000000000
69154  31.260  8.802  -38.277 0.0000000000
68344  31.025  8.304  -38.227 0.0000000000
123952  24.903  -3.154  -30.313 0.0000000000
58187  25.373  -3.636  -30.360 0.0000000000
58186  26.433  -3.849  -30.942 0.0000000000
57322  27.304  -4.616  -30.710 0.0000000000
105239  28.420  -4.946  -30.051 0.0000000000
57313  29.060  -4.450  -29.703 0.0000000000
59084  29.596  -2.981  -30.725 0.0000000000
58193  29.074  -3.425  -31.031 0.0000000000
58184  29.268  -3.733  -30.281 0.0000000000
57329  26.963  -4.134  -31.009 0.0000000000
61725  27.779  0.670  -34.264 0.0000000000
63415  27.188  2.134  -34.784 0.0000000000
65885  31.521  5.389  -36.560 0.0000000000
65889  31.646  5.891  -37.422 0.0000000000
66686  25.621  6.011  -33.623 0.0000000000
69100  27.992  9.804  -32.563 0.0000000000
69916  29.253  10.592  -33.950 0.0000000000
