#!ascii label  , from subject sub-p012 vox2ras=TkReg
239
22476  49.810  -43.437  -7.967 0.0000000000
15259  40.621  -51.423  -12.846 0.0000000000
17897  50.115  -49.122  -9.728 0.0000000000
124599  44.538  -47.255  -9.263 0.0000000000
13581  45.496  -53.703  -14.052 0.0000000000
16112  47.793  -50.666  -11.698 0.0000000000
12693  46.543  -54.275  -12.455 0.0000000000
17000  42.177  -49.297  -11.048 0.0000000000
19802  42.005  -46.152  -8.651 0.0000000000
19784  49.419  -46.305  -7.883 0.0000000000
17899  47.324  -48.364  -9.761 0.0000000000
16114  45.230  -50.320  -11.602 0.0000000000
15270  42.989  -52.024  -12.923 0.0000000000
11940  42.843  -55.453  -15.004 0.0000000000
117195  52.631  -41.304  -7.852 0.0000000000
20695  52.230  -45.462  -7.602 0.0000000000
17881  51.269  -48.329  -7.931 0.0000000000
22480  44.151  -43.891  -7.313 0.0000000000
13536  47.462  -52.932  -11.297 0.0000000000
16118  41.299  -50.200  -11.799 0.0000000000
17913  41.220  -48.310  -10.484 0.0000000000
120576  49.769  -48.217  -9.300 0.0000000000
17898  48.391  -48.575  -9.796 0.0000000000
115931  46.400  -51.987  -12.810 0.0000000000
16113  46.197  -50.494  -11.760 0.0000000000
15254  45.444  -51.535  -12.526 0.0000000000
16131  43.838  -50.770  -12.016 0.0000000000
14411  43.776  -52.667  -13.322 0.0000000000
12741  41.821  -54.866  -14.863 0.0000000000
20684  52.879  -45.588  -6.584 0.0000000000
19782  51.970  -46.171  -7.775 0.0000000000
18819  51.775  -47.359  -6.734 0.0000000000
19799  45.558  -46.915  -8.730 0.0000000000
20718  44.343  -45.807  -8.247 0.0000000000
111113  40.351  -44.362  -7.534 0.0000000000
22483  41.679  -43.613  -6.986 0.0000000000
15239  49.210  -50.957  -10.360 0.0000000000
118413  49.019  -49.913  -10.826 0.0000000000
15245  48.543  -51.569  -11.400 0.0000000000
13569  47.355  -53.262  -12.625 0.0000000000
13580  46.637  -54.048  -13.711 0.0000000000
17903  43.448  -47.854  -9.884 0.0000000000
19817  43.366  -46.829  -9.174 0.0000000000
18862  41.962  -47.375  -9.683 0.0000000000
19820  40.511  -46.611  -9.166 0.0000000000
15274  39.439  -51.638  -13.301 0.0000000000
20698  48.881  -45.428  -7.653 0.0000000000
18844  47.213  -47.172  -8.713 0.0000000000
112627  45.902  -47.562  -9.249 0.0000000000
16995  47.368  -49.474  -10.856 0.0000000000
16996  46.334  -49.319  -10.769 0.0000000000
17910  44.864  -48.502  -10.142 0.0000000000
17013  43.750  -49.548  -11.083 0.0000000000
16132  42.481  -50.849  -12.195 0.0000000000
15258  41.584  -51.600  -12.829 0.0000000000
13596  44.008  -54.171  -14.301 0.0000000000
13597  42.987  -53.980  -14.267 0.0000000000
13585  41.613  -53.394  -14.020 0.0000000000
122847  40.304  -52.532  -13.732 0.0000000000
23387  51.683  -41.050  -8.256 0.0000000000
22475  50.879  -43.147  -7.947 0.0000000000
22473  53.171  -43.346  -7.543 0.0000000000
21592  50.635  -44.841  -7.672 0.0000000000
20696  51.113  -45.781  -7.798 0.0000000000
19794  51.068  -47.395  -8.499 0.0000000000
17890  50.568  -48.986  -9.286 0.0000000000
16963  50.360  -49.573  -7.500 0.0000000000
16085  49.822  -50.346  -8.753 0.0000000000
20704  42.893  -44.859  -7.753 0.0000000000
109607  49.269  -42.906  -8.109 0.0000000000
22477  48.827  -43.699  -7.895 0.0000000000
16134  40.471  -50.566  -12.231 0.0000000000
16119  40.311  -49.706  -11.588 0.0000000000
18856  50.308  -48.579  -9.391 0.0000000000
18857  48.885  -48.097  -9.283 0.0000000000
114498  49.525  -48.797  -9.789 0.0000000000
14409  46.031  -53.174  -13.663 0.0000000000
15268  45.750  -52.373  -13.145 0.0000000000
15269  44.745  -52.073  -12.896 0.0000000000
14410  44.934  -52.821  -13.459 0.0000000000
11103  40.957  -56.525  -15.735 0.0000000000
19774  52.348  -46.432  -6.791 0.0000000000
18860  45.058  -47.385  -9.246 0.0000000000
109766  44.881  -46.288  -8.446 0.0000000000
19816  44.681  -46.890  -8.922 0.0000000000
22484  40.758  -43.646  -7.063 0.0000000000
15244  48.975  -51.110  -10.988 0.0000000000
14370  48.365  -52.091  -11.060 0.0000000000
117045  47.063  -53.687  -12.350 0.0000000000
13552  47.504  -53.156  -11.942 0.0000000000
13579  47.033  -53.395  -13.231 0.0000000000
13570  46.899  -54.066  -13.057 0.0000000000
16999  42.962  -49.104  -10.782 0.0000000000
18869  42.610  -47.897  -10.066 0.0000000000
17912  42.229  -48.566  -10.536 0.0000000000
18863  40.995  -47.230  -9.629 0.0000000000
18864  40.031  -47.173  -9.680 0.0000000000
19804  39.971  -45.944  -8.685 0.0000000000
19796  48.871  -46.923  -8.262 0.0000000000
18845  46.360  -47.222  -8.855 0.0000000000
17900  46.331  -48.180  -9.730 0.0000000000
17008  48.548  -50.465  -11.277 0.0000000000
16994  48.319  -49.714  -10.875 0.0000000000
17009  47.852  -50.045  -11.297 0.0000000000
17011  45.789  -49.827  -11.210 0.0000000000
16997  45.319  -49.171  -10.656 0.0000000000
17012  44.783  -49.679  -11.115 0.0000000000
16998  44.381  -49.033  -10.618 0.0000000000
16115  44.284  -50.230  -11.560 0.0000000000
15256  43.254  -51.307  -12.420 0.0000000000
116665  43.111  -50.696  -11.990 0.0000000000
15257  42.324  -51.468  -12.622 0.0000000000
15271  42.115  -52.081  -13.097 0.0000000000
9561  42.803  -58.541  -15.021 0.0000000000
11951  43.453  -56.440  -15.274 0.0000000000
11939  44.183  -55.814  -15.011 0.0000000000
12740  43.535  -54.830  -14.651 0.0000000000
12742  40.953  -54.471  -14.795 0.0000000000
13598  41.627  -54.106  -14.474 0.0000000000
13586  40.722  -53.605  -14.343 0.0000000000
14414  40.898  -52.761  -13.753 0.0000000000
110113  52.306  -40.362  -7.968 0.0000000000
110387  51.725  -42.097  -8.067 0.0000000000
122894  52.465  -42.051  -7.912 0.0000000000
21589  53.346  -44.193  -7.261 0.0000000000
22472  53.945  -43.190  -7.017 0.0000000000
21590  52.712  -44.597  -7.544 0.0000000000
111081  52.232  -44.020  -7.662 0.0000000000
21591  51.784  -45.004  -7.676 0.0000000000
124329  51.847  -45.905  -7.810 0.0000000000
19793  51.663  -47.022  -8.154 0.0000000000
18840  51.304  -47.799  -8.485 0.0000000000
18841  50.880  -48.211  -9.008 0.0000000000
17889  50.987  -48.555  -8.678 0.0000000000
16053  49.463  -50.199  -7.278 0.0000000000
16064  49.668  -50.342  -7.883 0.0000000000
16084  50.161  -49.939  -8.222 0.0000000000
19801  42.993  -46.209  -8.690 0.0000000000
20720  42.503  -45.531  -8.220 0.0000000000
22482  42.579  -43.508  -7.007 0.0000000000
111834  42.062  -49.908  -11.534 0.0000000000
17001  41.562  -48.937  -10.867 0.0000000000
19795  49.988  -47.148  -8.402 0.0000000000
18842  49.398  -47.647  -8.844 0.0000000000
16127  47.571  -51.339  -12.186 0.0000000000
114199  47.062  -50.753  -11.923 0.0000000000
16128  46.548  -51.262  -12.328 0.0000000000
16129  45.631  -50.870  -12.054 0.0000000000
16130  44.772  -50.852  -12.016 0.0000000000
15255  44.298  -51.400  -12.449 0.0000000000
118231  43.866  -51.959  -12.835 0.0000000000
110829  42.489  -54.503  -14.579 0.0000000000
11941  41.933  -55.498  -15.192 0.0000000000
12758  41.175  -55.186  -15.196 0.0000000000
113789  52.699  -45.092  -7.417 0.0000000000
20694  52.453  -45.762  -7.341 0.0000000000
19781  52.037  -46.698  -7.616 0.0000000000
18818  51.625  -47.537  -7.797 0.0000000000
20702  45.052  -45.512  -7.918 0.0000000000
20703  44.276  -45.275  -7.920 0.0000000000
20721  41.510  -45.475  -8.186 0.0000000000
20705  41.949  -44.924  -7.713 0.0000000000
21600  41.353  -44.292  -7.375 0.0000000000
22458  41.108  -42.982  -6.725 0.0000000000
16101  49.644  -50.266  -10.071 0.0000000000
16988  49.569  -49.631  -10.238 0.0000000000
16105  49.176  -50.473  -10.793 0.0000000000
16111  48.788  -50.983  -11.326 0.0000000000
15246  48.273  -51.290  -11.787 0.0000000000
15251  48.282  -51.909  -11.986 0.0000000000
15252  47.882  -51.970  -12.328 0.0000000000
14401  47.394  -52.663  -12.733 0.0000000000
14408  46.735  -52.735  -13.210 0.0000000000
17902  44.368  -47.719  -9.636 0.0000000000
113968  44.097  -47.045  -9.232 0.0000000000
122524  43.645  -47.350  -9.503 0.0000000000
19818  42.478  -46.756  -9.178 0.0000000000
18870  41.873  -47.949  -10.186 0.0000000000
19819  41.504  -46.693  -9.167 0.0000000000
19803  40.998  -46.037  -8.653 0.0000000000
21609  39.706  -44.715  -7.916 0.0000000000
121166  49.501  -44.510  -7.719 0.0000000000
21593  48.362  -44.565  -7.648 0.0000000000
17907  47.857  -49.024  -10.340 0.0000000000
17010  46.931  -50.039  -11.415 0.0000000000
17908  46.833  -48.803  -10.302 0.0000000000
17909  45.831  -48.645  -10.218 0.0000000000
17901  45.380  -47.991  -9.699 0.0000000000
17911  43.971  -48.409  -10.190 0.0000000000
121108  43.641  -48.904  -10.598 0.0000000000
16116  43.401  -50.221  -11.605 0.0000000000
16117  42.645  -50.320  -11.746 0.0000000000
116743  42.012  -50.442  -11.935 0.0000000000
16133  41.556  -50.926  -12.368 0.0000000000
12737  46.134  -54.676  -14.148 0.0000000000
11100  43.653  -57.215  -15.211 0.0000000000
13595  45.073  -54.339  -14.382 0.0000000000
13582  44.437  -53.510  -13.888 0.0000000000
13583  43.368  -53.390  -13.803 0.0000000000
14412  42.731  -52.685  -13.407 0.0000000000
13584  42.433  -53.336  -13.848 0.0000000000
14413  41.835  -52.707  -13.558 0.0000000000
15272  41.260  -52.087  -13.273 0.0000000000
15273  40.397  -52.118  -13.443 0.0000000000
14415  39.724  -52.362  -13.746 0.0000000000
24228  51.579  -40.083  -8.229 0.0000000000
23388  50.449  -41.042  -8.386 0.0000000000
109608  50.391  -42.266  -8.208 0.0000000000
23386  53.056  -42.148  -7.684 0.0000000000
22474  52.099  -42.978  -7.817 0.0000000000
110711  51.273  -44.010  -7.746 0.0000000000
110600  50.354  -43.997  -7.809 0.0000000000
20697  49.988  -45.588  -7.702 0.0000000000
19783  50.579  -46.501  -8.058 0.0000000000
20715  51.533  -46.561  -8.050 0.0000000000
114857  50.390  -47.917  -9.022 0.0000000000
120402  50.615  -49.302  -8.527 0.0000000000
16978  50.294  -49.745  -9.065 0.0000000000
16987  50.059  -49.608  -9.692 0.0000000000
19800  43.986  -46.381  -8.701 0.0000000000
20719  43.548  -45.551  -8.189 0.0000000000
116956  43.791  -44.756  -7.649 0.0000000000
21599  42.279  -44.233  -7.340 0.0000000000
21598  43.191  -44.114  -7.323 0.0000000000
14400  47.858  -52.519  -12.181 0.0000000000
15240  48.753  -51.536  -10.683 0.0000000000
15253  47.204  -52.035  -12.638 0.0000000000
17014  42.834  -49.720  -11.312 0.0000000000
18861  42.928  -47.336  -9.588 0.0000000000
20706  41.118  -44.886  -7.755 0.0000000000
20722  40.434  -45.263  -8.118 0.0000000000
22456  54.066  -42.449  -6.590 0.0000000000
110632  43.148  -48.444  -10.350 0.0000000000
115327  46.583  -53.500  -13.586 0.0000000000
116950  42.212  -53.847  -14.244 0.0000000000
117035  41.331  -47.709  -10.036 0.0000000000
123324  50.005  -50.021  -7.685 0.0000000000
123523  44.301  -52.363  -13.112 0.0000000000
123917  52.248  -45.617  -7.545 0.0000000000
