#!ascii label  , from subject sub-p012 vox2ras=TkReg
213
62583  31.174  1.666  -33.411 0.0000000000
106924  29.366  -4.508  -28.872 0.0000000000
65872  29.127  4.824  -33.766 0.0000000000
72097  28.134  13.520  -32.731 0.0000000000
55519  27.626  -6.568  -28.625 0.0000000000
66706  30.766  5.959  -36.599 0.0000000000
115965  29.723  8.945  -35.166 0.0000000000
60852  29.253  -0.440  -33.655 0.0000000000
59995  30.169  -1.469  -31.499 0.0000000000
61686  31.578  0.487  -30.810 0.0000000000
64199  32.153  3.575  -32.725 0.0000000000
63381  32.366  2.417  -30.625 0.0000000000
108616  30.727  3.127  -34.447 0.0000000000
65063  32.035  4.767  -35.520 0.0000000000
116550  27.675  10.928  -32.032 0.0000000000
70655  29.285  10.910  -34.679 0.0000000000
59067  30.582  -2.726  -28.751 0.0000000000
67529  29.254  7.988  -33.494 0.0000000000
122845  29.249  9.032  -33.814 0.0000000000
61713  30.327  0.413  -33.548 0.0000000000
60841  30.689  0.002  -32.047 0.0000000000
62565  31.407  1.267  -31.968 0.0000000000
55531  28.110  -5.921  -28.905 0.0000000000
65066  29.850  4.325  -34.428 0.0000000000
64227  31.149  3.854  -34.821 0.0000000000
106269  30.501  4.803  -35.135 0.0000000000
67559  31.081  6.675  -37.900 0.0000000000
114935  31.985  6.342  -37.439 0.0000000000
112610  26.728  13.110  -31.627 0.0000000000
70619  26.518  11.582  -31.631 0.0000000000
71353  27.862  12.288  -32.103 0.0000000000
72127  27.850  13.371  -36.418 0.0000000000
71385  28.470  12.528  -36.127 0.0000000000
70656  29.021  11.725  -34.873 0.0000000000
70676  29.263  11.219  -36.672 0.0000000000
69938  29.523  10.445  -36.273 0.0000000000
59988  31.042  -1.141  -30.133 0.0000000000
59083  30.189  -2.415  -30.283 0.0000000000
54567  26.591  -7.306  -28.503 0.0000000000
66707  30.394  5.951  -35.259 0.0000000000
66699  30.077  6.705  -34.585 0.0000000000
107382  30.067  7.521  -35.238 0.0000000000
68341  30.243  8.339  -36.782 0.0000000000
59100  28.838  -2.267  -32.452 0.0000000000
60003  29.998  -1.283  -32.459 0.0000000000
60821  30.744  -0.941  -30.921 0.0000000000
60810  31.537  -0.450  -29.659 0.0000000000
63404  31.854  2.972  -33.200 0.0000000000
62576  31.729  2.102  -32.096 0.0000000000
64191  32.268  3.453  -31.818 0.0000000000
62592  29.640  1.183  -34.338 0.0000000000
63413  29.159  1.959  -34.535 0.0000000000
63412  30.282  2.054  -34.336 0.0000000000
64211  31.693  3.195  -33.889 0.0000000000
105455  32.363  4.593  -34.233 0.0000000000
65871  32.503  5.261  -34.617 0.0000000000
65886  31.106  5.534  -36.757 0.0000000000
66705  32.431  5.797  -36.095 0.0000000000
69885  27.413  10.300  -32.271 0.0000000000
72107  28.605  12.997  -33.973 0.0000000000
71362  28.711  12.250  -33.468 0.0000000000
69902  28.903  10.669  -33.263 0.0000000000
69901  29.136  9.795  -33.581 0.0000000000
69133  29.600  9.611  -35.238 0.0000000000
111972  30.246  8.873  -37.274 0.0000000000
57320  28.717  -4.341  -30.350 0.0000000000
59091  29.155  -2.838  -31.642 0.0000000000
62554  32.248  1.621  -30.384 0.0000000000
61677  32.317  0.737  -29.302 0.0000000000
68309  29.056  8.538  -33.415 0.0000000000
114045  28.678  9.064  -33.250 0.0000000000
62584  30.669  1.078  -33.806 0.0000000000
61712  31.028  0.907  -33.050 0.0000000000
119247  26.137  -7.846  -28.096 0.0000000000
117027  26.765  -7.874  -28.073 0.0000000000
57314  28.694  -5.175  -29.166 0.0000000000
65881  30.144  5.141  -34.593 0.0000000000
67560  31.020  7.623  -37.993 0.0000000000
67554  31.550  7.066  -37.806 0.0000000000
72089  27.613  13.165  -32.005 0.0000000000
71341  27.079  12.355  -31.710 0.0000000000
124500  28.171  12.848  -32.492 0.0000000000
121738  28.950  11.828  -36.219 0.0000000000
59976  31.268  -1.283  -29.324 0.0000000000
56430  27.267  -5.693  -29.856 0.0000000000
67544  29.338  6.592  -33.466 0.0000000000
123399  28.723  7.344  -33.141 0.0000000000
68326  29.620  8.401  -34.368 0.0000000000
68335  30.024  8.301  -35.739 0.0000000000
67555  30.399  7.500  -36.747 0.0000000000
110123  27.644  14.079  -32.297 0.0000000000
60013  28.946  -1.062  -33.476 0.0000000000
60843  29.687  -0.927  -33.191 0.0000000000
60833  30.508  -0.758  -31.821 0.0000000000
60832  31.145  -0.179  -31.133 0.0000000000
60820  31.253  -0.544  -30.435 0.0000000000
61678  31.567  0.096  -30.292 0.0000000000
55520  27.025  -6.755  -28.926 0.0000000000
54566  27.257  -7.332  -28.244 0.0000000000
63395  31.986  2.835  -32.378 0.0000000000
61723  29.203  0.534  -34.115 0.0000000000
117793  29.376  3.569  -34.362 0.0000000000
104755  29.722  2.877  -34.448 0.0000000000
63411  31.133  2.669  -34.173 0.0000000000
65064  31.515  4.495  -35.356 0.0000000000
64218  31.878  4.121  -34.940 0.0000000000
65055  32.302  4.539  -34.974 0.0000000000
65880  30.742  5.411  -35.727 0.0000000000
66710  32.113  5.890  -36.873 0.0000000000
66698  32.563  6.161  -34.543 0.0000000000
69873  26.933  10.843  -31.793 0.0000000000
69874  26.019  10.812  -31.713 0.0000000000
69886  26.496  10.167  -32.194 0.0000000000
72117  27.597  13.798  -35.689 0.0000000000
111846  28.537  12.926  -34.719 0.0000000000
71370  28.797  12.311  -34.338 0.0000000000
70647  29.042  11.436  -33.897 0.0000000000
69915  29.429  10.106  -34.505 0.0000000000
69927  29.470  10.359  -35.360 0.0000000000
69155  30.190  9.491  -37.717 0.0000000000
69150  29.900  9.683  -36.780 0.0000000000
57321  28.097  -4.493  -30.719 0.0000000000
59996  29.562  -1.967  -32.044 0.0000000000
59090  29.818  -2.204  -31.115 0.0000000000
59076  30.445  -2.554  -29.501 0.0000000000
59077  29.930  -3.113  -29.895 0.0000000000
58177  30.230  -3.149  -29.235 0.0000000000
58178  29.716  -3.773  -29.315 0.0000000000
63388  32.126  2.657  -31.499 0.0000000000
62564  31.948  1.857  -31.232 0.0000000000
124465  28.653  8.049  -33.111 0.0000000000
61714  29.560  0.135  -33.811 0.0000000000
60851  29.970  -0.245  -33.369 0.0000000000
61705  30.572  0.143  -32.907 0.0000000000
61704  30.986  0.573  -32.320 0.0000000000
61697  31.273  0.545  -31.541 0.0000000000
55518  28.209  -6.283  -28.156 0.0000000000
56422  28.663  -5.593  -28.309 0.0000000000
56411  28.692  -5.928  -27.493 0.0000000000
65047  32.317  4.390  -33.270 0.0000000000
110004  32.371  4.236  -32.191 0.0000000000
64220  30.282  3.714  -34.527 0.0000000000
65065  30.757  4.353  -35.028 0.0000000000
119696  31.682  5.064  -35.887 0.0000000000
114072  30.767  6.592  -37.287 0.0000000000
66711  31.166  5.993  -37.487 0.0000000000
66715  31.443  6.275  -37.796 0.0000000000
70618  27.401  11.547  -31.826 0.0000000000
70632  28.119  11.521  -32.283 0.0000000000
113260  28.214  13.005  -36.986 0.0000000000
71377  28.687  12.444  -35.181 0.0000000000
70664  29.213  11.209  -35.651 0.0000000000
69945  29.764  10.366  -37.322 0.0000000000
59989  30.433  -1.660  -30.608 0.0000000000
59977  30.715  -1.844  -29.805 0.0000000000
59965  30.894  -2.000  -28.998 0.0000000000
55521  26.320  -6.621  -28.970 0.0000000000
55532  27.449  -6.149  -29.293 0.0000000000
56429  27.965  -5.578  -29.664 0.0000000000
66700  28.791  5.697  -33.302 0.0000000000
115420  29.767  5.802  -33.976 0.0000000000
67550  30.392  6.675  -36.059 0.0000000000
67543  29.684  7.466  -33.916 0.0000000000
119207  30.804  7.231  -37.685 0.0000000000
68340  30.607  8.045  -37.688 0.0000000000
72074  27.114  13.893  -31.676 0.0000000000
60004  29.297  -1.553  -32.851 0.0000000000
60842  30.292  -0.584  -32.730 0.0000000000
60801  31.710  -0.648  -28.761 0.0000000000
63396  31.589  2.281  -32.911 0.0000000000
62577  31.389  1.642  -32.704 0.0000000000
64180  32.414  3.282  -30.900 0.0000000000
64161  32.676  3.057  -30.008 0.0000000000
61722  29.979  0.667  -34.089 0.0000000000
62591  30.346  1.266  -34.190 0.0000000000
62590  30.878  1.804  -34.005 0.0000000000
63405  31.394  2.427  -33.632 0.0000000000
64210  32.058  3.591  -33.493 0.0000000000
64219  31.503  3.470  -34.459 0.0000000000
105070  32.093  3.925  -34.271 0.0000000000
111060  32.451  5.074  -33.753 0.0000000000
120394  31.146  5.068  -35.790 0.0000000000
65069  31.985  5.275  -36.193 0.0000000000
65890  31.428  5.654  -37.155 0.0000000000
114684  32.171  5.555  -36.374 0.0000000000
65879  32.322  5.214  -35.645 0.0000000000
117732  32.502  5.720  -35.307 0.0000000000
69101  27.027  9.610  -32.567 0.0000000000
72841  28.315  13.656  -33.628 0.0000000000
72096  28.477  12.944  -33.122 0.0000000000
71352  28.414  12.243  -32.694 0.0000000000
70631  28.676  11.478  -32.956 0.0000000000
69884  28.287  10.648  -32.504 0.0000000000
120233  28.648  10.052  -32.885 0.0000000000
69116  28.503  9.499  -32.958 0.0000000000
69115  29.450  9.317  -34.437 0.0000000000
116739  29.692  9.842  -35.941 0.0000000000
69143  29.906  9.082  -36.134 0.0000000000
105239  28.420  -4.946  -30.051 0.0000000000
57313  29.060  -4.450  -29.703 0.0000000000
58194  28.559  -3.480  -31.454 0.0000000000
59084  29.596  -2.981  -30.725 0.0000000000
58193  29.074  -3.425  -31.031 0.0000000000
58184  29.268  -3.733  -30.281 0.0000000000
62555  31.776  1.104  -30.995 0.0000000000
61685  31.953  0.859  -30.118 0.0000000000
112322  31.854  0.300  -29.659 0.0000000000
54568  25.794  -7.121  -28.447 0.0000000000
65884  31.823  5.606  -36.858 0.0000000000
65885  31.521  5.389  -36.560 0.0000000000
65889  31.646  5.891  -37.422 0.0000000000
69100  27.992  9.804  -32.563 0.0000000000
69916  29.253  10.592  -33.950 0.0000000000
