#!ascii label  , from subject sub-p006 vox2ras=TkReg
346
65971  -29.740  0.909  -28.935 0.0000000000
68974  -25.285  4.497  -32.752 0.0000000000
79938  -24.074  16.113  -34.489 0.0000000000
117954  -25.906  12.753  -32.963 0.0000000000
130188  -28.070  8.953  -31.454 0.0000000000
131514  -30.322  6.119  -28.787 0.0000000000
81622  -23.641  18.259  -35.205 0.0000000000
75560  -26.988  10.969  -32.308 0.0000000000
72747  -25.428  8.556  -33.772 0.0000000000
66974  -27.587  2.589  -31.163 0.0000000000
117844  -28.572  5.099  -30.497 0.0000000000
127240  -30.322  3.061  -28.752 0.0000000000
61185  -26.553  -3.760  -28.102 0.0000000000
63991  -27.128  0.149  -30.938 0.0000000000
85607  -23.722  23.637  -35.400 0.0000000000
84917  -24.369  22.364  -35.864 0.0000000000
83365  -25.338  20.375  -35.371 0.0000000000
81617  -25.870  19.180  -34.124 0.0000000000
81595  -26.752  17.925  -32.616 0.0000000000
78299  -24.943  14.626  -33.986 0.0000000000
79098  -26.923  15.659  -32.077 0.0000000000
77365  -27.642  13.782  -31.068 0.0000000000
76420  -28.777  12.247  -30.165 0.0000000000
73612  -29.667  10.052  -29.669 0.0000000000
71776  -26.850  7.085  -32.449 0.0000000000
71754  -29.053  7.435  -30.316 0.0000000000
73694  -24.139  9.177  -34.506 0.0000000000
72745  -23.220  8.412  -33.979 0.0000000000
65992  -29.066  1.794  -29.651 0.0000000000
67982  -28.868  3.210  -29.956 0.0000000000
66961  -29.889  2.353  -29.071 0.0000000000
57402  -26.385  -6.855  -24.325 0.0000000000
59278  -27.103  -5.674  -24.847 0.0000000000
59288  -27.468  -5.116  -25.313 0.0000000000
66020  -25.776  1.204  -31.988 0.0000000000
64000  -25.052  0.105  -31.402 0.0000000000
84196  -25.382  21.724  -35.767 0.0000000000
110945  -23.626  16.811  -34.761 0.0000000000
81616  -25.325  18.637  -34.515 0.0000000000
116289  -25.172  17.887  -34.320 0.0000000000
81606  -26.460  18.362  -33.068 0.0000000000
80754  -25.309  17.215  -33.831 0.0000000000
77388  -25.237  13.904  -33.679 0.0000000000
79104  -26.043  15.301  -32.953 0.0000000000
77374  -26.764  14.028  -32.277 0.0000000000
78255  -27.658  14.533  -31.061 0.0000000000
113881  -26.567  13.090  -32.291 0.0000000000
74584  -27.518  10.299  -31.910 0.0000000000
75541  -28.238  11.205  -31.057 0.0000000000
74568  -28.671  10.499  -30.698 0.0000000000
74569  -29.235  10.706  -30.090 0.0000000000
73634  -29.143  9.818  -30.347 0.0000000000
69864  -24.652  5.191  -32.987 0.0000000000
70804  -25.200  6.381  -33.283 0.0000000000
117322  -26.221  5.827  -32.804 0.0000000000
69837  -29.565  5.562  -29.505 0.0000000000
70773  -29.039  6.552  -30.206 0.0000000000
70760  -30.111  6.641  -29.052 0.0000000000
71736  -30.079  7.582  -29.150 0.0000000000
70743  -30.539  7.207  -28.527 0.0000000000
61173  -28.160  -3.325  -27.179 0.0000000000
62078  -26.556  -3.189  -28.944 0.0000000000
62066  -28.529  -2.657  -27.532 0.0000000000
62982  -28.768  -1.407  -28.704 0.0000000000
115120  -24.561  11.465  -34.521 0.0000000000
76463  -25.801  11.847  -33.313 0.0000000000
74610  -25.146  10.818  -34.165 0.0000000000
73668  -26.166  9.460  -33.280 0.0000000000
72739  -26.754  8.429  -32.693 0.0000000000
67994  -26.967  3.572  -32.109 0.0000000000
68962  -27.269  4.386  -31.852 0.0000000000
119415  -27.666  3.593  -31.311 0.0000000000
122140  -29.239  3.952  -29.700 0.0000000000
68943  -30.407  4.651  -28.640 0.0000000000
60268  -27.305  -4.319  -26.528 0.0000000000
124070  -25.017  2.957  -32.403 0.0000000000
66999  -25.866  2.137  -32.285 0.0000000000
66022  -27.006  1.330  -31.362 0.0000000000
63974  -28.374  0.182  -29.730 0.0000000000
86326  -23.657  24.456  -35.539 0.0000000000
84910  -23.019  22.782  -34.339 0.0000000000
84922  -24.120  23.097  -35.859 0.0000000000
84918  -25.388  22.455  -35.969 0.0000000000
84919  -26.096  22.367  -35.573 0.0000000000
84189  -26.439  21.264  -34.700 0.0000000000
131189  -24.303  19.209  -35.512 0.0000000000
82478  -25.800  19.999  -34.628 0.0000000000
83345  -26.471  20.650  -34.284 0.0000000000
82465  -27.030  19.719  -33.066 0.0000000000
82450  -27.509  19.575  -32.423 0.0000000000
81596  -27.353  18.103  -32.061 0.0000000000
79116  -24.558  15.366  -34.242 0.0000000000
132941  -25.940  15.913  -33.106 0.0000000000
79922  -26.702  16.470  -32.420 0.0000000000
80736  -28.177  17.368  -31.054 0.0000000000
79081  -28.116  15.800  -30.758 0.0000000000
77340  -28.695  14.081  -30.194 0.0000000000
76446  -27.201  12.500  -31.787 0.0000000000
131052  -28.346  12.734  -30.511 0.0000000000
71786  -24.475  7.203  -33.574 0.0000000000
116590  -26.324  7.628  -32.963 0.0000000000
71765  -27.140  7.899  -32.348 0.0000000000
69855  -27.296  5.799  -31.961 0.0000000000
71766  -27.936  7.207  -31.450 0.0000000000
72712  -28.527  8.632  -30.995 0.0000000000
127895  -29.514  9.031  -29.875 0.0000000000
72667  -30.569  8.968  -28.553 0.0000000000
63017  -27.253  -0.865  -30.209 0.0000000000
128707  -28.566  -0.526  -29.416 0.0000000000
63954  -30.145  -0.159  -28.147 0.0000000000
128157  -29.292  1.115  -29.392 0.0000000000
65993  -29.680  1.541  -29.135 0.0000000000
65972  -30.285  1.596  -28.531 0.0000000000
65956  -30.792  1.175  -27.846 0.0000000000
58322  -27.818  -6.907  -23.696 0.0000000000
58336  -26.736  -6.324  -24.542 0.0000000000
58337  -27.610  -6.221  -24.279 0.0000000000
80764  -24.520  17.183  -34.522 0.0000000000
76477  -24.672  12.321  -34.317 0.0000000000
126192  -24.835  13.143  -33.957 0.0000000000
132720  -25.420  13.230  -33.409 0.0000000000
77389  -26.032  13.786  -32.976 0.0000000000
73653  -27.839  9.613  -31.623 0.0000000000
74585  -28.112  10.375  -31.327 0.0000000000
73633  -28.513  9.564  -31.005 0.0000000000
69872  -25.258  5.588  -33.098 0.0000000000
69865  -25.790  5.270  -32.896 0.0000000000
69838  -30.024  5.878  -29.094 0.0000000000
115258  -29.562  6.239  -29.592 0.0000000000
128982  -30.585  6.412  -28.459 0.0000000000
70744  -30.977  6.881  -27.946 0.0000000000
70726  -31.024  6.076  -27.931 0.0000000000
62065  -27.900  -2.829  -27.931 0.0000000000
74624  -24.445  10.557  -34.648 0.0000000000
127709  -24.815  8.640  -34.151 0.0000000000
73683  -25.620  9.323  -33.728 0.0000000000
119296  -26.762  9.282  -32.699 0.0000000000
72738  -26.106  8.625  -33.265 0.0000000000
128181  -27.189  2.889  -31.740 0.0000000000
67981  -28.232  2.986  -30.674 0.0000000000
67969  -29.726  3.324  -29.307 0.0000000000
68942  -29.848  4.282  -29.207 0.0000000000
67970  -30.356  3.803  -28.708 0.0000000000
68926  -30.864  4.216  -28.155 0.0000000000
67957  -30.873  3.314  -28.183 0.0000000000
121938  -25.744  -7.153  -24.381 0.0000000000
57401  -25.518  -7.833  -23.834 0.0000000000
60257  -27.765  -4.530  -25.846 0.0000000000
60258  -28.578  -4.214  -25.706 0.0000000000
66998  -25.199  2.336  -32.327 0.0000000000
65023  -26.191  0.685  -31.662 0.0000000000
66021  -26.391  1.159  -31.799 0.0000000000
65011  -27.279  0.745  -30.860 0.0000000000
65012  -27.910  0.824  -30.320 0.0000000000
63992  -27.624  0.191  -30.362 0.0000000000
120453  -23.456  24.160  -34.648 0.0000000000
86340  -23.906  24.623  -36.653 0.0000000000
84194  -24.037  21.605  -35.592 0.0000000000
84916  -23.748  22.669  -35.228 0.0000000000
84923  -24.510  23.005  -36.175 0.0000000000
84924  -25.001  22.925  -36.255 0.0000000000
84203  -24.891  22.326  -36.057 0.0000000000
83366  -25.541  21.049  -35.498 0.0000000000
84197  -26.040  21.507  -35.299 0.0000000000
83354  -25.949  20.806  -34.990 0.0000000000
81623  -24.154  18.632  -35.355 0.0000000000
115679  -25.416  19.317  -34.754 0.0000000000
82464  -26.427  19.871  -33.805 0.0000000000
83346  -27.045  20.553  -33.480 0.0000000000
129357  -26.272  17.781  -33.054 0.0000000000
81607  -27.032  18.835  -32.638 0.0000000000
82436  -27.704  19.005  -31.912 0.0000000000
77404  -23.809  13.736  -34.629 0.0000000000
78298  -24.165  14.512  -34.499 0.0000000000
79103  -25.385  15.510  -33.570 0.0000000000
79097  -26.518  15.248  -32.494 0.0000000000
124000  -26.410  15.844  -32.680 0.0000000000
79923  -27.242  16.503  -31.833 0.0000000000
79916  -27.796  16.560  -31.199 0.0000000000
79091  -27.504  15.771  -31.426 0.0000000000
77353  -28.093  14.140  -30.692 0.0000000000
129776  -28.887  14.840  -30.077 0.0000000000
75559  -26.243  11.110  -33.025 0.0000000000
76445  -26.588  12.000  -32.497 0.0000000000
130532  -27.286  11.690  -31.928 0.0000000000
76434  -28.288  12.039  -30.778 0.0000000000
76407  -28.776  13.138  -30.082 0.0000000000
74543  -29.694  10.959  -29.403 0.0000000000
74544  -30.163  10.395  -28.980 0.0000000000
71785  -23.193  7.587  -33.624 0.0000000000
70792  -26.211  6.645  -32.908 0.0000000000
71788  -25.615  7.046  -33.290 0.0000000000
116842  -27.428  7.400  -31.967 0.0000000000
68963  -27.955  4.724  -31.157 0.0000000000
119618  -27.464  5.094  -31.699 0.0000000000
69856  -27.866  5.545  -31.286 0.0000000000
70772  -28.487  6.884  -30.828 0.0000000000
71753  -28.511  7.771  -30.933 0.0000000000
72713  -29.028  8.322  -30.402 0.0000000000
71735  -29.559  7.992  -29.776 0.0000000000
71720  -30.539  8.071  -28.575 0.0000000000
72690  -30.078  8.516  -29.202 0.0000000000
62983  -29.363  -1.130  -28.382 0.0000000000
63003  -28.373  -1.067  -29.295 0.0000000000
63953  -29.539  -0.523  -28.581 0.0000000000
63935  -29.954  -0.864  -27.957 0.0000000000
73695  -24.604  9.578  -34.461 0.0000000000
72753  -23.684  8.801  -34.314 0.0000000000
72754  -24.268  8.459  -34.157 0.0000000000
66975  -28.033  2.232  -30.728 0.0000000000
66976  -28.615  2.378  -30.218 0.0000000000
66960  -29.217  2.606  -29.633 0.0000000000
66944  -30.568  2.509  -28.398 0.0000000000
66926  -30.894  2.002  -27.910 0.0000000000
57387  -26.373  -7.372  -23.893 0.0000000000
133208  -26.766  -5.371  -25.444 0.0000000000
113767  -27.915  -5.469  -24.719 0.0000000000
66019  -25.180  1.434  -31.953 0.0000000000
65021  -24.676  0.894  -31.613 0.0000000000
65022  -25.509  0.783  -31.727 0.0000000000
64001  -25.890  0.112  -31.387 0.0000000000
85598  -23.309  23.545  -34.521 0.0000000000
84195  -24.677  21.580  -35.874 0.0000000000
83364  -24.288  20.769  -35.824 0.0000000000
112567  -24.978  20.867  -35.753 0.0000000000
82487  -24.529  19.897  -35.647 0.0000000000
81615  -24.654  18.213  -34.840 0.0000000000
117854  -26.431  19.043  -33.379 0.0000000000
81605  -25.832  18.177  -33.675 0.0000000000
80755  -25.897  17.222  -33.222 0.0000000000
77405  -24.541  13.835  -34.294 0.0000000000
78282  -25.668  14.639  -33.302 0.0000000000
78283  -26.341  14.637  -32.692 0.0000000000
78271  -26.842  14.810  -32.108 0.0000000000
113752  -27.301  15.024  -31.568 0.0000000000
78272  -27.243  14.271  -31.658 0.0000000000
77375  -27.186  13.432  -31.667 0.0000000000
75540  -27.657  11.068  -31.628 0.0000000000
75521  -28.746  11.377  -30.427 0.0000000000
75522  -29.259  11.615  -29.788 0.0000000000
69870  -24.277  6.014  -33.178 0.0000000000
69871  -24.869  5.964  -33.209 0.0000000000
70805  -25.708  6.117  -33.121 0.0000000000
70793  -26.756  6.275  -32.443 0.0000000000
69849  -29.056  5.711  -30.034 0.0000000000
69848  -28.443  5.935  -30.720 0.0000000000
70759  -29.572  7.074  -29.684 0.0000000000
71721  -30.978  7.676  -28.016 0.0000000000
119723  -31.409  8.067  -27.481 0.0000000000
71697  -31.344  7.345  -27.551 0.0000000000
61186  -27.383  -3.517  -27.657 0.0000000000
61204  -27.224  -3.118  -28.433 0.0000000000
62079  -27.725  -2.389  -28.677 0.0000000000
62981  -28.114  -1.709  -29.016 0.0000000000
62080  -28.491  -2.101  -28.230 0.0000000000
126523  -29.101  -1.629  -28.121 0.0000000000
131389  -25.304  12.506  -33.663 0.0000000000
75574  -25.647  11.125  -33.652 0.0000000000
73682  -25.146  9.935  -34.195 0.0000000000
116108  -25.881  10.256  -33.536 0.0000000000
127993  -26.520  10.474  -32.836 0.0000000000
74595  -26.985  10.104  -32.483 0.0000000000
73652  -27.359  9.637  -32.166 0.0000000000
72727  -27.438  8.849  -32.084 0.0000000000
68004  -26.269  3.659  -32.434 0.0000000000
68976  -26.632  4.360  -32.356 0.0000000000
68954  -28.539  4.051  -30.449 0.0000000000
68955  -29.240  4.832  -29.753 0.0000000000
115299  -29.941  5.130  -29.102 0.0000000000
126969  -30.534  5.570  -28.518 0.0000000000
69799  -31.036  5.393  -27.925 0.0000000000
117309  -30.837  4.919  -28.166 0.0000000000
67938  -31.380  3.108  -27.579 0.0000000000
56441  -24.993  -8.411  -23.693 0.0000000000
60281  -26.177  -4.384  -27.471 0.0000000000
60256  -26.938  -4.843  -25.930 0.0000000000
60282  -26.928  -4.112  -27.258 0.0000000000
60269  -28.137  -3.891  -26.451 0.0000000000
61159  -28.931  -3.507  -26.172 0.0000000000
128254  -25.289  3.581  -32.513 0.0000000000
68003  -25.680  3.009  -32.443 0.0000000000
67993  -26.555  2.705  -32.191 0.0000000000
66989  -27.066  2.137  -31.602 0.0000000000
66026  -25.981  1.529  -32.145 0.0000000000
66988  -26.498  1.780  -31.935 0.0000000000
66009  -27.513  1.822  -30.991 0.0000000000
66010  -28.213  1.587  -30.422 0.0000000000
65991  -28.646  0.997  -29.781 0.0000000000
64994  -29.190  0.484  -29.349 0.0000000000
86319  -23.485  24.748  -34.264 0.0000000000
85616  -24.608  23.583  -36.455 0.0000000000
84911  -26.639  21.961  -34.783 0.0000000000
81624  -24.808  19.075  -35.194 0.0000000000
82488  -25.197  19.710  -35.212 0.0000000000
84179  -27.029  21.433  -33.991 0.0000000000
84180  -27.619  21.229  -33.089 0.0000000000
83334  -27.665  20.409  -32.602 0.0000000000
79115  -23.701  15.185  -34.667 0.0000000000
79939  -24.902  16.304  -33.996 0.0000000000
79930  -25.598  16.438  -33.427 0.0000000000
79931  -26.157  16.497  -32.911 0.0000000000
80744  -26.445  17.187  -32.718 0.0000000000
80745  -27.016  17.246  -32.220 0.0000000000
80735  -27.572  17.339  -31.597 0.0000000000
128403  -27.707  15.179  -31.033 0.0000000000
79082  -28.779  15.504  -30.253 0.0000000000
123437  -27.732  12.833  -31.030 0.0000000000
76433  -27.783  11.887  -31.399 0.0000000000
128594  -28.202  13.455  -30.577 0.0000000000
71792  -23.936  7.875  -33.838 0.0000000000
72746  -24.647  7.817  -33.819 0.0000000000
70803  -24.675  6.563  -33.369 0.0000000000
71787  -25.001  7.087  -33.503 0.0000000000
121313  -25.734  7.898  -33.435 0.0000000000
117741  -26.344  5.094  -32.575 0.0000000000
128635  -26.700  5.604  -32.432 0.0000000000
70782  -27.886  6.356  -31.363 0.0000000000
70781  -27.353  6.693  -31.953 0.0000000000
72728  -27.884  8.101  -31.608 0.0000000000
116141  -28.942  9.072  -30.512 0.0000000000
73613  -30.116  9.468  -29.148 0.0000000000
63989  -26.287  -0.552  -30.967 0.0000000000
63990  -26.961  -0.449  -30.840 0.0000000000
63002  -27.672  -1.284  -29.599 0.0000000000
63973  -27.836  -0.500  -29.813 0.0000000000
128789  -27.359  -0.293  -30.483 0.0000000000
63975  -29.121  -0.231  -29.213 0.0000000000
64972  -29.657  0.176  -28.757 0.0000000000
56421  -25.655  -8.631  -23.328 0.0000000000
58321  -27.019  -6.863  -24.031 0.0000000000
62967  -29.669  -1.488  -27.773 0.0000000000
63952  -29.008  -0.846  -28.991 0.0000000000
64002  -26.596  0.128  -31.232 0.0000000000
65024  -26.771  0.701  -31.330 0.0000000000
66996  -24.558  3.048  -32.303 0.0000000000
68975  -25.994  4.464  -32.626 0.0000000000
69866  -26.970  5.041  -32.226 0.0000000000
74594  -26.478  9.908  -32.974 0.0000000000
75573  -25.198  11.664  -34.019 0.0000000000
111147  -25.214  7.799  -33.677 0.0000000000
115909  -24.869  3.656  -32.490 0.0000000000
116237  -25.692  3.852  -32.549 0.0000000000
116669  -27.559  -3.820  -27.000 0.0000000000
126741  -25.130  9.185  -34.154 0.0000000000
127337  -27.513  1.256  -30.783 0.0000000000
130118  -28.215  5.332  -30.905 0.0000000000
