#!ascii label  , from subject sub-p006 vox2ras=TkReg
355
115829  43.427  -59.003  -8.739 0.0000000000
8197  32.527  -61.440  -11.000 0.0000000000
4643  38.330  -66.532  -6.705 0.0000000000
8897  37.985  -60.548  -9.163 0.0000000000
4068  36.918  -68.606  -10.255 0.0000000000
4040  38.772  -67.592  -8.889 0.0000000000
3438  34.941  -68.627  -7.191 0.0000000000
113239  34.228  -60.958  -8.567 0.0000000000
12075  35.811  -56.398  -8.916 0.0000000000
7312  42.638  -62.402  -7.840 0.0000000000
118717  41.286  -63.316  -9.198 0.0000000000
6576  37.407  -63.971  -8.597 0.0000000000
5905  34.277  -64.699  -9.299 0.0000000000
108630  33.990  -68.338  -12.056 0.0000000000
10437  39.613  -58.421  -7.842 0.0000000000
8116  39.929  -62.280  -6.309 0.0000000000
5236  37.586  -65.599  -3.768 0.0000000000
109016  39.182  -56.690  -10.150 0.0000000000
3423  35.153  -68.492  -6.165 0.0000000000
8171  33.124  -61.493  -9.297 0.0000000000
9643  33.418  -59.375  -8.658 0.0000000000
5858  41.333  -64.036  -7.668 0.0000000000
5281  40.748  -64.877  -8.573 0.0000000000
123392  38.107  -67.900  -9.890 0.0000000000
5301  38.382  -65.721  -9.073 0.0000000000
4670  37.161  -66.492  -9.185 0.0000000000
5890  35.704  -64.736  -8.539 0.0000000000
5302  35.276  -66.314  -9.150 0.0000000000
128127  33.839  -66.394  -12.167 0.0000000000
6497  38.688  -63.551  -3.653 0.0000000000
6511  38.354  -63.906  -4.618 0.0000000000
5827  38.091  -64.904  -3.106 0.0000000000
108489  40.270  -59.922  -9.561 0.0000000000
10465  38.373  -58.496  -9.398 0.0000000000
13702  34.620  -54.249  -9.019 0.0000000000
13714  36.123  -54.548  -9.754 0.0000000000
108899  37.440  -67.911  -5.821 0.0000000000
4005  38.905  -66.969  -7.615 0.0000000000
119968  36.850  -68.564  -6.364 0.0000000000
2853  37.234  -68.767  -8.334 0.0000000000
114960  36.159  -69.708  -9.107 0.0000000000
110835  36.579  -60.577  -8.688 0.0000000000
10467  36.706  -58.417  -8.865 0.0000000000
10448  35.221  -58.684  -8.514 0.0000000000
12059  34.064  -56.653  -8.429 0.0000000000
126548  33.031  -60.897  -12.601 0.0000000000
9624  43.776  -60.378  -8.734 0.0000000000
8167  41.398  -61.445  -9.554 0.0000000000
8168  39.418  -61.868  -9.375 0.0000000000
5903  40.262  -65.133  -8.948 0.0000000000
6592  39.069  -63.699  -9.035 0.0000000000
8149  37.347  -61.794  -8.784 0.0000000000
6578  36.050  -63.076  -8.444 0.0000000000
6580  33.983  -62.996  -8.857 0.0000000000
115115  33.317  -63.388  -10.171 0.0000000000
4070  34.744  -68.179  -10.656 0.0000000000
4696  34.378  -67.030  -10.586 0.0000000000
5920  33.644  -64.708  -10.866 0.0000000000
7400  33.162  -63.082  -11.645 0.0000000000
12056  40.582  -56.618  -8.911 0.0000000000
11258  41.323  -58.225  -8.492 0.0000000000
129450  39.316  -59.857  -7.182 0.0000000000
9615  42.017  -60.665  -7.756 0.0000000000
8114  41.505  -61.993  -7.147 0.0000000000
6544  39.988  -63.886  -6.758 0.0000000000
5259  38.136  -65.559  -6.133 0.0000000000
3366  37.195  -68.383  -3.035 0.0000000000
3977  37.262  -68.214  -4.242 0.0000000000
12073  37.185  -56.865  -9.401 0.0000000000
115573  43.250  -57.663  -9.319 0.0000000000
12053  43.822  -57.179  -9.806 0.0000000000
11269  44.061  -57.928  -9.494 0.0000000000
8185  32.603  -61.293  -9.989 0.0000000000
8900  32.653  -59.936  -9.455 0.0000000000
5258  39.049  -65.677  -7.005 0.0000000000
5271  40.844  -64.973  -8.205 0.0000000000
4641  40.236  -65.762  -7.989 0.0000000000
4055  37.614  -67.912  -10.075 0.0000000000
120059  37.818  -67.224  -9.708 0.0000000000
4685  36.782  -67.220  -9.549 0.0000000000
4671  36.057  -66.463  -8.916 0.0000000000
4056  36.316  -67.953  -9.955 0.0000000000
123927  34.104  -66.573  -13.114 0.0000000000
5826  38.928  -64.281  -2.700 0.0000000000
8896  38.740  -60.224  -9.343 0.0000000000
126777  39.099  -58.909  -9.470 0.0000000000
9655  38.535  -59.381  -9.351 0.0000000000
14582  34.744  -53.423  -9.338 0.0000000000
130405  37.169  -68.336  -5.750 0.0000000000
117012  36.367  -68.720  -5.736 0.0000000000
3437  35.696  -69.034  -6.979 0.0000000000
2840  36.041  -69.373  -7.609 0.0000000000
2869  37.038  -69.187  -9.193 0.0000000000
2841  35.312  -69.563  -7.998 0.0000000000
8151  35.202  -61.127  -8.499 0.0000000000
9641  35.439  -59.552  -8.549 0.0000000000
8881  34.796  -60.243  -8.515 0.0000000000
111364  33.509  -58.023  -8.513 0.0000000000
12060  33.177  -56.246  -8.489 0.0000000000
12860  33.439  -55.318  -8.496 0.0000000000
8112  43.166  -61.599  -8.015 0.0000000000
8878  43.627  -60.890  -8.657 0.0000000000
8148  43.162  -61.844  -8.575 0.0000000000
110426  40.267  -61.577  -9.480 0.0000000000
113095  40.415  -62.491  -9.406 0.0000000000
4021  39.198  -67.117  -8.441 0.0000000000
4669  39.548  -66.606  -8.743 0.0000000000
4053  39.291  -66.703  -9.079 0.0000000000
5888  37.906  -64.956  -8.739 0.0000000000
115836  38.796  -65.181  -9.041 0.0000000000
123926  38.049  -63.445  -8.767 0.0000000000
7375  38.426  -62.767  -8.965 0.0000000000
129903  37.455  -63.303  -8.617 0.0000000000
7356  36.570  -62.307  -8.560 0.0000000000
122004  36.888  -63.188  -8.528 0.0000000000
5286  34.846  -65.048  -8.812 0.0000000000
116396  34.749  -64.264  -8.725 0.0000000000
6593  34.054  -63.835  -9.110 0.0000000000
6594  33.567  -63.253  -9.501 0.0000000000
5906  33.634  -64.164  -9.936 0.0000000000
2904  33.357  -70.593  -12.632 0.0000000000
3497  34.283  -69.659  -11.906 0.0000000000
110975  34.534  -68.774  -11.335 0.0000000000
4079  34.216  -67.729  -11.331 0.0000000000
4706  33.957  -66.841  -11.514 0.0000000000
5337  33.826  -64.741  -12.402 0.0000000000
5326  33.737  -65.146  -11.657 0.0000000000
5937  33.561  -64.399  -11.734 0.0000000000
6601  33.364  -63.800  -10.980 0.0000000000
6632  33.666  -64.043  -12.466 0.0000000000
12843  39.757  -56.317  -8.666 0.0000000000
129097  40.229  -57.502  -8.437 0.0000000000
12041  40.870  -57.407  -8.657 0.0000000000
11259  40.359  -57.989  -8.337 0.0000000000
8098  39.195  -61.955  -5.324 0.0000000000
8861  39.154  -60.586  -6.597 0.0000000000
8860  40.164  -61.140  -6.926 0.0000000000
9616  40.979  -60.085  -7.696 0.0000000000
8859  40.978  -60.838  -7.401 0.0000000000
8858  41.865  -61.388  -7.454 0.0000000000
8115  40.508  -61.832  -6.715 0.0000000000
5833  37.829  -64.690  -4.304 0.0000000000
6527  39.345  -63.373  -5.998 0.0000000000
5848  38.214  -64.568  -5.540 0.0000000000
5861  38.765  -64.928  -6.489 0.0000000000
5249  37.612  -65.481  -5.006 0.0000000000
2764  36.494  -69.323  -2.242 0.0000000000
128714  36.440  -69.233  -2.952 0.0000000000
3967  37.346  -68.040  -3.370 0.0000000000
12057  35.883  -57.297  -8.765 0.0000000000
11289  36.768  -57.631  -9.041 0.0000000000
12074  36.476  -56.886  -9.115 0.0000000000
13726  36.742  -54.530  -10.257 0.0000000000
8153  33.722  -61.632  -8.770 0.0000000000
109925  33.851  -60.145  -8.603 0.0000000000
6541  42.323  -62.987  -7.869 0.0000000000
7354  42.792  -62.417  -8.464 0.0000000000
127591  41.707  -63.845  -8.257 0.0000000000
5902  40.867  -64.287  -9.021 0.0000000000
117783  38.396  -68.031  -9.325 0.0000000000
4683  38.932  -66.798  -9.328 0.0000000000
4054  38.292  -67.423  -9.658 0.0000000000
5283  37.520  -65.719  -8.869 0.0000000000
5889  36.882  -64.818  -8.575 0.0000000000
6577  36.389  -63.897  -8.481 0.0000000000
5284  36.432  -65.692  -8.672 0.0000000000
5285  35.425  -65.688  -8.773 0.0000000000
5303  34.628  -65.674  -9.352 0.0000000000
112258  34.333  -65.521  -13.287 0.0000000000
108871  39.005  -62.527  -4.710 0.0000000000
7293  39.383  -62.701  -5.672 0.0000000000
6510  38.922  -63.168  -4.816 0.0000000000
6498  38.283  -64.185  -3.669 0.0000000000
5223  37.982  -65.798  -2.587 0.0000000000
10464  39.302  -58.128  -9.614 0.0000000000
11287  39.015  -57.361  -9.758 0.0000000000
124686  35.486  -55.576  -9.021 0.0000000000
131134  36.178  -55.788  -9.302 0.0000000000
13715  35.397  -54.796  -9.258 0.0000000000
14581  35.512  -53.255  -9.875 0.0000000000
4644  37.596  -67.224  -5.860 0.0000000000
4642  39.363  -66.308  -7.572 0.0000000000
4006  37.939  -67.421  -6.865 0.0000000000
3435  37.848  -67.917  -7.412 0.0000000000
121032  37.336  -68.397  -7.394 0.0000000000
3436  36.632  -68.881  -7.425 0.0000000000
3452  37.799  -68.548  -9.252 0.0000000000
3467  37.421  -68.752  -9.830 0.0000000000
8879  37.324  -60.940  -8.864 0.0000000000
8898  37.303  -59.990  -8.948 0.0000000000
9640  36.386  -59.753  -8.696 0.0000000000
10447  36.149  -58.936  -8.678 0.0000000000
11272  35.094  -57.818  -8.509 0.0000000000
9642  34.368  -59.308  -8.477 0.0000000000
11273  34.203  -57.499  -8.428 0.0000000000
12858  34.793  -56.116  -8.606 0.0000000000
116221  33.982  -55.907  -8.447 0.0000000000
13703  33.689  -54.472  -8.620 0.0000000000
128943  32.506  -60.817  -11.484 0.0000000000
10433  43.776  -59.717  -8.775 0.0000000000
9649  44.327  -58.945  -9.449 0.0000000000
9639  44.140  -59.640  -9.045 0.0000000000
110395  39.343  -61.002  -9.408 0.0000000000
110823  38.551  -60.915  -9.291 0.0000000000
112660  39.600  -65.351  -9.083 0.0000000000
110372  39.926  -64.504  -9.109 0.0000000000
118391  40.185  -63.551  -9.220 0.0000000000
7374  39.326  -62.725  -9.248 0.0000000000
112122  38.635  -62.041  -9.196 0.0000000000
8170  38.067  -61.393  -9.109 0.0000000000
8150  36.628  -61.386  -8.638 0.0000000000
113684  35.896  -61.691  -8.527 0.0000000000
112481  35.223  -61.906  -8.495 0.0000000000
121554  35.471  -63.722  -8.506 0.0000000000
108389  35.317  -63.029  -8.480 0.0000000000
8152  34.507  -61.759  -8.542 0.0000000000
7376  33.449  -62.360  -9.203 0.0000000000
7377  32.937  -62.008  -9.732 0.0000000000
7390  32.778  -62.115  -10.429 0.0000000000
2336  35.534  -70.107  -9.786 0.0000000000
121091  33.840  -70.039  -12.506 0.0000000000
3485  35.556  -69.526  -10.590 0.0000000000
4069  35.748  -68.698  -10.441 0.0000000000
4057  35.152  -67.616  -10.021 0.0000000000
4687  34.813  -66.651  -9.675 0.0000000000
5313  34.210  -66.005  -10.267 0.0000000000
5325  33.872  -66.018  -11.370 0.0000000000
5314  33.841  -65.417  -10.849 0.0000000000
5919  33.982  -65.143  -10.061 0.0000000000
7389  33.074  -62.912  -10.740 0.0000000000
7401  32.809  -62.252  -11.381 0.0000000000
7417  33.082  -62.373  -12.255 0.0000000000
13710  40.724  -55.016  -9.662 0.0000000000
12855  40.364  -55.772  -9.250 0.0000000000
12854  41.093  -56.219  -9.342 0.0000000000
12055  41.507  -56.879  -9.173 0.0000000000
11270  42.192  -57.709  -8.906 0.0000000000
11257  42.444  -58.594  -8.611 0.0000000000
8849  38.635  -61.040  -5.539 0.0000000000
10436  40.626  -58.781  -8.187 0.0000000000
10435  41.651  -59.070  -8.354 0.0000000000
10434  42.770  -59.451  -8.456 0.0000000000
9625  43.096  -60.442  -8.304 0.0000000000
8857  42.858  -61.242  -7.870 0.0000000000
7313  41.874  -62.582  -7.399 0.0000000000
7315  40.254  -63.028  -6.546 0.0000000000
130901  41.132  -62.981  -7.079 0.0000000000
6543  40.852  -63.588  -7.156 0.0000000000
5859  40.629  -64.376  -7.393 0.0000000000
5860  39.725  -64.848  -7.093 0.0000000000
4630  37.637  -66.391  -5.571 0.0000000000
4614  37.413  -67.451  -4.009 0.0000000000
131004  37.485  -67.137  -4.990 0.0000000000
4631  37.394  -67.788  -4.971 0.0000000000
10466  37.451  -58.307  -9.166 0.0000000000
130561  37.516  -57.516  -9.342 0.0000000000
12072  38.199  -56.965  -9.654 0.0000000000
12871  36.710  -55.562  -9.689 0.0000000000
12090  37.490  -55.989  -9.823 0.0000000000
2854  36.475  -69.343  -8.324 0.0000000000
2870  36.585  -69.408  -9.807 0.0000000000
3367  36.830  -68.835  -3.141 0.0000000000
3385  37.085  -68.518  -3.690 0.0000000000
3409  35.853  -68.844  -5.203 0.0000000000
3421  37.429  -68.109  -6.570 0.0000000000
3451  38.084  -68.166  -8.412 0.0000000000
3466  38.079  -68.158  -9.804 0.0000000000
3483  37.592  -68.332  -10.019 0.0000000000
4022  38.526  -67.564  -7.932 0.0000000000
4039  39.186  -67.121  -9.041 0.0000000000
4682  39.843  -66.060  -8.788 0.0000000000
4684  38.345  -66.597  -9.423 0.0000000000
4686  35.650  -67.032  -9.430 0.0000000000
5237  37.472  -66.456  -4.461 0.0000000000
5256  41.064  -64.630  -7.862 0.0000000000
5257  40.521  -65.120  -7.754 0.0000000000
5299  39.657  -66.002  -9.007 0.0000000000
5300  39.113  -66.085  -9.222 0.0000000000
5336  33.930  -65.573  -12.473 0.0000000000
5847  39.098  -64.198  -6.274 0.0000000000
5873  41.431  -64.302  -8.091 0.0000000000
5887  38.405  -64.304  -8.833 0.0000000000
5901  41.159  -64.317  -8.681 0.0000000000
5904  39.181  -64.619  -9.057 0.0000000000
6528  38.741  -63.782  -5.486 0.0000000000
6542  41.622  -63.314  -7.505 0.0000000000
6557  41.875  -63.670  -7.970 0.0000000000
6574  42.264  -63.151  -8.310 0.0000000000
6579  34.671  -63.416  -8.637 0.0000000000
6614  33.396  -63.745  -11.892 0.0000000000
7314  40.870  -62.456  -6.857 0.0000000000
7335  42.795  -62.474  -8.146 0.0000000000
7355  37.529  -62.689  -8.705 0.0000000000
7357  35.649  -62.415  -8.479 0.0000000000
7358  34.739  -62.558  -8.542 0.0000000000
7359  33.992  -62.296  -8.684 0.0000000000
8113  42.556  -61.918  -7.653 0.0000000000
8135  43.332  -61.553  -8.356 0.0000000000
8136  43.076  -62.024  -8.043 0.0000000000
8147  43.449  -61.310  -8.660 0.0000000000
8169  38.771  -61.437  -9.303 0.0000000000
8209  32.712  -61.454  -12.013 0.0000000000
8867  43.434  -61.072  -8.317 0.0000000000
8880  35.735  -60.375  -8.564 0.0000000000
8892  43.743  -60.672  -9.011 0.0000000000
8899  32.868  -60.699  -9.376 0.0000000000
8917  32.678  -60.535  -12.101 0.0000000000
9609  38.323  -60.237  -6.015 0.0000000000
9617  40.050  -60.328  -7.300 0.0000000000
9626  41.924  -59.898  -8.150 0.0000000000
9627  41.013  -59.465  -8.048 0.0000000000
9650  44.068  -59.503  -9.280 0.0000000000
9654  39.348  -59.608  -9.456 0.0000000000
9656  37.774  -59.189  -9.174 0.0000000000
9657  36.986  -59.093  -8.892 0.0000000000
10423  40.067  -59.413  -7.636 0.0000000000
10445  44.126  -58.958  -9.225 0.0000000000
10446  43.352  -58.340  -9.010 0.0000000000
10449  34.322  -58.352  -8.441 0.0000000000
10450  33.030  -58.619  -8.705 0.0000000000
11268  44.439  -58.520  -9.620 0.0000000000
11271  36.000  -58.127  -8.698 0.0000000000
11274  33.356  -57.173  -8.493 0.0000000000
11275  32.738  -56.882  -8.674 0.0000000000
11285  44.616  -58.071  -9.805 0.0000000000
11286  44.560  -57.515  -10.000 0.0000000000
11288  38.016  -57.800  -9.417 0.0000000000
12042  40.046  -57.054  -8.509 0.0000000000
12058  34.979  -56.958  -8.525 0.0000000000
12070  44.285  -56.670  -10.458 0.0000000000
12859  34.485  -55.201  -8.670 0.0000000000
12872  36.107  -55.203  -9.483 0.0000000000
12887  37.153  -55.166  -10.170 0.0000000000
13713  36.598  -54.997  -9.872 0.0000000000
14566  33.846  -53.607  -8.823 0.0000000000
14596  36.042  -53.102  -10.384 0.0000000000
109737  36.653  -56.243  -9.396 0.0000000000
111375  38.047  -59.863  -9.213 0.0000000000
112296  43.915  -60.177  -8.869 0.0000000000
113315  39.918  -65.708  -7.633 0.0000000000
113426  44.643  -57.677  -9.996 0.0000000000
113718  35.458  -54.010  -9.572 0.0000000000
115795  37.990  -62.124  -8.958 0.0000000000
117641  33.114  -62.702  -9.900 0.0000000000
120122  35.142  -69.109  -10.855 0.0000000000
120743  39.536  -61.514  -6.253 0.0000000000
121695  40.991  -61.498  -7.160 0.0000000000
122254  38.572  -57.744  -9.561 0.0000000000
122461  43.095  -62.040  -8.264 0.0000000000
122758  39.705  -57.613  -8.235 0.0000000000
124100  35.853  -69.700  -8.379 0.0000000000
124864  39.568  -60.295  -9.464 0.0000000000
125346  33.687  -58.745  -8.509 0.0000000000
125914  38.592  -67.459  -9.439 0.0000000000
126609  36.021  -61.033  -8.569 0.0000000000
