#!ascii label  , from subject sub-p006 vox2ras=TkReg
225
71279  27.068  3.273  -33.702 0.0000000000
61971  26.797  -5.785  -30.741 0.0000000000
74131  25.861  6.892  -36.431 0.0000000000
120738  25.747  15.585  -37.483 0.0000000000
60864  24.415  -7.452  -30.720 0.0000000000
76901  27.859  10.020  -35.273 0.0000000000
78682  27.716  11.578  -35.968 0.0000000000
68625  25.311  0.755  -34.244 0.0000000000
66793  27.089  -1.883  -32.957 0.0000000000
68608  28.100  0.630  -32.102 0.0000000000
73124  28.476  5.216  -32.900 0.0000000000
71218  29.780  3.327  -31.115 0.0000000000
73160  26.799  5.320  -34.915 0.0000000000
75079  28.041  7.900  -34.350 0.0000000000
81144  25.810  13.950  -37.380 0.0000000000
117632  27.621  14.137  -36.486 0.0000000000
63937  28.274  -3.894  -31.024 0.0000000000
77823  26.922  10.631  -36.638 0.0000000000
78695  26.695  11.267  -36.857 0.0000000000
69483  25.785  1.599  -34.309 0.0000000000
68624  26.308  0.530  -33.657 0.0000000000
69458  27.417  1.774  -32.897 0.0000000000
61972  25.617  -6.618  -30.770 0.0000000000
73176  25.734  6.132  -36.111 0.0000000000
119378  27.067  6.114  -34.991 0.0000000000
129063  26.961  7.486  -35.626 0.0000000000
78655  28.425  11.289  -34.569 0.0000000000
76869  28.586  9.864  -33.797 0.0000000000
82709  25.276  15.819  -36.858 0.0000000000
80335  24.442  13.202  -37.112 0.0000000000
119109  25.604  14.823  -37.428 0.0000000000
83568  28.452  17.534  -37.429 0.0000000000
83561  28.906  17.058  -36.809 0.0000000000
81925  28.064  15.643  -37.064 0.0000000000
82707  28.706  16.291  -36.479 0.0000000000
81908  28.622  15.284  -35.604 0.0000000000
66778  28.266  -1.310  -31.543 0.0000000000
65846  27.180  -2.558  -32.317 0.0000000000
59913  23.145  -8.182  -30.533 0.0000000000
112825  26.664  8.334  -36.332 0.0000000000
76909  26.827  9.486  -36.529 0.0000000000
78666  28.000  11.270  -35.430 0.0000000000
79474  28.388  12.184  -34.799 0.0000000000
66811  25.284  -1.043  -34.015 0.0000000000
67755  25.609  -0.490  -33.876 0.0000000000
124707  27.316  -0.600  -32.865 0.0000000000
67722  28.479  -0.456  -31.535 0.0000000000
72185  27.912  4.595  -33.288 0.0000000000
71259  28.293  3.269  -32.541 0.0000000000
71258  29.345  4.208  -31.913 0.0000000000
71294  25.496  2.910  -34.850 0.0000000000
71305  25.161  3.491  -35.358 0.0000000000
71292  26.748  4.040  -34.413 0.0000000000
73146  27.928  5.399  -33.567 0.0000000000
74062  28.605  6.741  -33.234 0.0000000000
75046  28.854  7.531  -33.177 0.0000000000
109626  28.194  8.703  -34.350 0.0000000000
75958  28.658  9.014  -33.570 0.0000000000
116095  25.752  12.139  -37.269 0.0000000000
130791  27.090  15.863  -38.249 0.0000000000
81927  26.890  14.960  -37.655 0.0000000000
81136  26.783  13.948  -37.123 0.0000000000
80325  27.331  13.155  -36.597 0.0000000000
80324  27.858  13.465  -35.906 0.0000000000
80317  28.336  13.847  -35.104 0.0000000000
63939  25.952  -5.099  -32.282 0.0000000000
65861  26.123  -2.599  -33.324 0.0000000000
69440  29.129  1.905  -31.489 0.0000000000
111904  29.272  1.110  -31.158 0.0000000000
77824  26.281  10.341  -37.211 0.0000000000
70356  26.488  2.362  -34.030 0.0000000000
69472  26.631  1.478  -33.617 0.0000000000
70355  27.153  2.414  -33.269 0.0000000000
58965  23.096  -9.173  -29.326 0.0000000000
59901  22.726  -8.718  -29.963 0.0000000000
62983  26.075  -6.089  -31.182 0.0000000000
74110  26.233  6.657  -36.083 0.0000000000
74109  26.862  6.853  -35.457 0.0000000000
75088  26.454  7.504  -36.217 0.0000000000
79467  28.687  11.923  -34.056 0.0000000000
78646  28.826  11.288  -33.763 0.0000000000
81929  24.724  14.943  -36.966 0.0000000000
81928  26.420  15.364  -37.879 0.0000000000
81915  29.043  16.055  -35.700 0.0000000000
65831  29.013  -1.780  -30.928 0.0000000000
65832  28.371  -2.259  -31.346 0.0000000000
61989  24.080  -6.437  -32.059 0.0000000000
75996  26.452  8.882  -36.681 0.0000000000
76910  26.195  9.293  -37.085 0.0000000000
78667  27.498  10.903  -36.100 0.0000000000
79483  28.005  12.024  -35.585 0.0000000000
82721  25.806  16.355  -37.649 0.0000000000
67768  25.069  -0.249  -34.008 0.0000000000
68626  25.214  0.126  -33.999 0.0000000000
68609  27.329  0.852  -32.928 0.0000000000
118943  26.935  -0.082  -33.240 0.0000000000
67739  27.594  0.023  -32.500 0.0000000000
67738  28.091  -0.030  -31.913 0.0000000000
68594  28.589  0.279  -31.563 0.0000000000
60865  23.641  -7.624  -31.015 0.0000000000
60851  23.901  -7.952  -30.233 0.0000000000
72163  28.583  4.224  -32.557 0.0000000000
116935  29.138  5.060  -32.248 0.0000000000
70367  25.169  2.132  -34.602 0.0000000000
72218  25.034  5.041  -35.907 0.0000000000
71304  25.533  4.522  -35.563 0.0000000000
71293  25.939  3.753  -35.040 0.0000000000
72202  26.350  4.565  -35.113 0.0000000000
72186  27.302  4.848  -34.099 0.0000000000
74095  27.897  7.202  -34.291 0.0000000000
74082  28.058  6.533  -33.868 0.0000000000
75067  28.399  7.335  -33.786 0.0000000000
75983  27.232  8.884  -36.022 0.0000000000
75978  27.649  8.421  -35.096 0.0000000000
76886  27.873  9.317  -35.113 0.0000000000
75957  29.234  8.978  -32.994 0.0000000000
118729  25.312  13.116  -37.363 0.0000000000
79504  24.887  12.249  -37.264 0.0000000000
80334  26.199  13.018  -37.252 0.0000000000
83569  27.634  17.031  -37.953 0.0000000000
83574  27.804  17.897  -38.042 0.0000000000
81926  27.324  15.479  -37.719 0.0000000000
81135  28.101  14.981  -36.430 0.0000000000
81143  27.473  14.830  -37.149 0.0000000000
80333  26.810  12.879  -36.953 0.0000000000
81130  28.208  14.423  -35.738 0.0000000000
81907  29.389  15.532  -34.996 0.0000000000
81129  28.714  14.720  -34.949 0.0000000000
80316  28.766  14.156  -34.430 0.0000000000
63954  25.408  -4.624  -32.796 0.0000000000
113725  25.845  -1.319  -33.856 0.0000000000
65862  25.462  -2.146  -33.878 0.0000000000
66810  26.341  -1.920  -33.482 0.0000000000
124452  27.853  -3.432  -31.491 0.0000000000
64921  27.200  -3.314  -32.032 0.0000000000
114904  27.530  -4.033  -31.493 0.0000000000
63938  27.079  -4.706  -31.477 0.0000000000
71235  28.990  3.462  -32.055 0.0000000000
70339  28.667  2.609  -32.072 0.0000000000
70321  29.312  2.905  -31.560 0.0000000000
77812  26.569  9.897  -36.911 0.0000000000
78683  27.298  11.452  -36.408 0.0000000000
124493  25.699  0.577  -34.012 0.0000000000
69473  25.928  0.944  -34.080 0.0000000000
69441  28.205  1.610  -32.232 0.0000000000
61973  24.916  -6.938  -31.120 0.0000000000
60863  25.147  -7.134  -30.334 0.0000000000
61962  25.871  -6.769  -29.957 0.0000000000
61961  26.640  -6.447  -29.645 0.0000000000
73123  28.919  6.077  -32.594 0.0000000000
73104  29.584  5.828  -31.887 0.0000000000
72217  25.431  5.402  -35.881 0.0000000000
73161  26.054  5.307  -35.595 0.0000000000
73175  26.448  6.045  -35.560 0.0000000000
75080  27.411  7.531  -34.994 0.0000000000
77797  28.099  10.593  -34.981 0.0000000000
76885  28.184  9.969  -34.609 0.0000000000
77770  28.512  10.587  -34.179 0.0000000000
77769  29.112  10.550  -33.315 0.0000000000
81145  24.933  14.067  -37.257 0.0000000000
130576  26.271  14.617  -37.512 0.0000000000
116060  28.208  16.830  -37.408 0.0000000000
82720  27.647  16.224  -37.725 0.0000000000
81916  28.518  15.665  -36.254 0.0000000000
66792  27.357  -1.217  -32.598 0.0000000000
66779  27.540  -1.863  -31.932 0.0000000000
65833  27.739  -2.752  -31.688 0.0000000000
127776  22.866  -7.635  -31.071 0.0000000000
60879  24.203  -7.106  -31.451 0.0000000000
61988  24.701  -6.636  -31.693 0.0000000000
61987  25.339  -6.403  -31.507 0.0000000000
62997  25.688  -5.786  -31.891 0.0000000000
75107  25.716  7.599  -36.580 0.0000000000
75106  26.075  8.298  -36.665 0.0000000000
76902  27.484  9.726  -35.873 0.0000000000
77811  27.187  10.169  -36.320 0.0000000000
77798  27.708  10.442  -35.697 0.0000000000
79473  28.895  12.763  -33.885 0.0000000000
81936  26.406  16.084  -38.154 0.0000000000
66809  26.663  -0.987  -33.455 0.0000000000
67754  26.189  -0.166  -33.643 0.0000000000
66791  27.735  -0.669  -32.031 0.0000000000
66777  29.050  -0.918  -31.067 0.0000000000
71260  27.584  3.068  -32.946 0.0000000000
71278  27.790  3.772  -33.076 0.0000000000
71234  29.465  3.597  -31.587 0.0000000000
72146  29.749  4.943  -31.594 0.0000000000
71233  29.875  4.095  -31.230 0.0000000000
124175  25.036  1.442  -34.475 0.0000000000
70366  25.854  2.410  -34.480 0.0000000000
71280  26.276  3.121  -34.432 0.0000000000
112152  27.392  4.102  -33.719 0.0000000000
73147  27.524  5.827  -34.233 0.0000000000
130629  27.975  5.936  -33.720 0.0000000000
112220  28.345  5.979  -33.303 0.0000000000
74061  29.025  6.957  -32.699 0.0000000000
75029  29.403  7.678  -32.485 0.0000000000
114722  27.114  8.036  -35.783 0.0000000000
129630  28.302  9.380  -34.285 0.0000000000
118544  28.575  8.121  -33.728 0.0000000000
75938  29.073  8.316  -33.096 0.0000000000
79503  26.475  12.091  -37.040 0.0000000000
125949  26.747  16.424  -38.553 0.0000000000
81935  26.829  15.929  -38.368 0.0000000000
79493  27.094  12.179  -36.686 0.0000000000
79492  27.660  12.360  -36.123 0.0000000000
122037  28.115  12.847  -35.348 0.0000000000
80306  28.578  13.291  -34.512 0.0000000000
63013  25.229  -5.419  -32.472 0.0000000000
62996  26.493  -5.373  -31.516 0.0000000000
64948  25.664  -2.997  -33.373 0.0000000000
65847  26.706  -2.545  -32.925 0.0000000000
64933  26.386  -3.328  -32.743 0.0000000000
64934  25.539  -3.761  -33.114 0.0000000000
63953  26.110  -4.297  -32.530 0.0000000000
127653  26.501  -4.729  -31.992 0.0000000000
70340  27.880  2.468  -32.625 0.0000000000
116244  28.717  1.024  -31.599 0.0000000000
68593  29.067  0.566  -31.236 0.0000000000
67721  29.085  -0.087  -31.125 0.0000000000
74096  27.490  6.669  -34.626 0.0000000000
117768  25.608  0.203  -33.892 0.0000000000
129397  27.644  -1.247  -31.948 0.0000000000
130381  26.881  -2.948  -32.507 0.0000000000
130454  26.789  4.689  -34.628 0.0000000000
