#!ascii label  , from subject sub-p007 vox2ras=TkReg
398
70217  -21.344  6.143  -32.225 0.0000000000
66009  -18.358  2.210  -30.185 0.0000000000
66821  -24.422  2.051  -32.707 0.0000000000
62552  -21.242  -2.669  -30.795 0.0000000000
79447  -21.710  17.827  -32.542 0.0000000000
120852  -23.355  15.119  -34.007 0.0000000000
72698  -18.522  10.296  -31.709 0.0000000000
59268  -19.947  -6.576  -28.163 0.0000000000
64310  -19.615  -0.589  -30.432 0.0000000000
62534  -18.150  -2.325  -28.363 0.0000000000
78016  -22.348  16.575  -33.302 0.0000000000
76619  -20.433  14.086  -32.863 0.0000000000
114699  -17.193  6.572  -30.085 0.0000000000
117503  -16.083  8.389  -29.548 0.0000000000
71854  -19.181  8.766  -31.727 0.0000000000
73544  -22.209  11.010  -33.572 0.0000000000
71876  -23.013  8.770  -33.371 0.0000000000
70221  -24.287  6.293  -32.436 0.0000000000
67695  -15.806  4.276  -28.762 0.0000000000
67726  -19.230  3.693  -30.927 0.0000000000
68570  -22.721  4.183  -32.669 0.0000000000
66809  -20.677  2.144  -31.833 0.0000000000
63438  -22.887  -0.997  -31.852 0.0000000000
61765  -24.560  -3.241  -30.821 0.0000000000
75117  -17.868  12.002  -31.205 0.0000000000
75141  -21.104  12.704  -33.324 0.0000000000
75918  -23.882  13.460  -33.633 0.0000000000
61723  -18.006  -3.817  -27.692 0.0000000000
60953  -21.211  -4.460  -29.473 0.0000000000
64294  -17.930  -0.958  -28.712 0.0000000000
63380  -17.320  -2.082  -27.780 0.0000000000
77282  -19.795  14.992  -32.356 0.0000000000
76611  -18.948  14.016  -31.699 0.0000000000
70208  -18.742  6.355  -30.858 0.0000000000
112251  -18.520  7.301  -30.932 0.0000000000
71033  -19.907  7.011  -31.681 0.0000000000
71865  -21.151  8.544  -32.834 0.0000000000
71045  -22.451  7.347  -32.887 0.0000000000
71046  -23.441  7.438  -32.824 0.0000000000
70219  -23.062  6.613  -32.806 0.0000000000
66779  -17.009  2.967  -29.359 0.0000000000
67714  -17.517  4.171  -29.985 0.0000000000
66797  -18.785  3.065  -30.593 0.0000000000
108098  -19.781  3.167  -31.295 0.0000000000
66011  -19.551  1.705  -31.011 0.0000000000
63414  -20.262  -1.470  -30.594 0.0000000000
64320  -21.176  -0.502  -31.524 0.0000000000
62560  -21.587  -2.061  -31.217 0.0000000000
62572  -24.126  -1.763  -31.203 0.0000000000
61763  -22.849  -3.146  -31.067 0.0000000000
79436  -20.557  18.180  -31.073 0.0000000000
79425  -19.769  18.655  -30.324 0.0000000000
79438  -21.876  18.666  -32.527 0.0000000000
105954  -22.178  19.872  -32.795 0.0000000000
79451  -22.930  18.201  -34.402 0.0000000000
116793  -22.727  15.943  -33.654 0.0000000000
72676  -17.113  9.239  -30.547 0.0000000000
73508  -16.646  10.646  -30.313 0.0000000000
74335  -18.111  11.169  -31.482 0.0000000000
75130  -19.501  12.418  -32.525 0.0000000000
74345  -19.429  11.448  -32.453 0.0000000000
73545  -23.245  10.886  -33.551 0.0000000000
75144  -23.115  12.212  -33.708 0.0000000000
75132  -24.273  12.614  -33.273 0.0000000000
107232  -23.295  2.962  -32.899 0.0000000000
68572  -24.271  4.483  -32.518 0.0000000000
60110  -18.644  -5.800  -27.492 0.0000000000
60119  -19.036  -5.060  -27.927 0.0000000000
60941  -19.154  -4.327  -28.295 0.0000000000
60121  -20.743  -5.157  -28.929 0.0000000000
65173  -17.651  0.468  -29.053 0.0000000000
65183  -18.868  0.766  -30.262 0.0000000000
64302  -18.285  -0.325  -29.282 0.0000000000
63404  -19.331  -1.621  -29.479 0.0000000000
62542  -19.543  -2.379  -29.276 0.0000000000
78734  -21.156  17.203  -32.225 0.0000000000
117692  -22.345  17.331  -33.223 0.0000000000
78015  -21.484  16.319  -32.764 0.0000000000
77284  -21.385  15.343  -33.120 0.0000000000
77294  -21.899  14.815  -33.756 0.0000000000
70180  -15.893  6.525  -29.326 0.0000000000
118170  -16.527  7.252  -29.714 0.0000000000
71841  -17.242  8.429  -30.443 0.0000000000
72689  -18.741  9.575  -31.698 0.0000000000
73542  -20.466  11.014  -32.970 0.0000000000
71874  -20.553  9.468  -32.756 0.0000000000
114437  -22.684  10.316  -33.588 0.0000000000
73534  -24.037  10.337  -33.136 0.0000000000
71866  -24.198  8.824  -32.662 0.0000000000
58445  -21.272  -7.434  -28.437 0.0000000000
105335  -21.521  -6.615  -28.817 0.0000000000
68532  -16.492  5.422  -29.543 0.0000000000
69354  -18.069  5.436  -30.477 0.0000000000
69364  -20.224  5.170  -31.516 0.0000000000
68569  -21.536  4.785  -32.135 0.0000000000
116349  -20.299  3.879  -31.553 0.0000000000
66818  -21.751  2.937  -32.308 0.0000000000
66037  -22.878  1.573  -32.590 0.0000000000
65191  -19.963  0.923  -31.218 0.0000000000
65203  -21.614  0.745  -32.079 0.0000000000
122172  -23.408  0.535  -32.309 0.0000000000
64336  -24.845  -0.320  -31.644 0.0000000000
63428  -25.576  -1.610  -31.137 0.0000000000
79452  -23.591  18.103  -34.407 0.0000000000
75895  -18.678  13.137  -31.716 0.0000000000
75907  -20.752  13.240  -33.136 0.0000000000
75915  -22.187  13.426  -33.789 0.0000000000
74355  -21.766  11.618  -33.512 0.0000000000
75143  -22.588  12.740  -33.743 0.0000000000
113464  -23.618  14.101  -33.851 0.0000000000
69376  -23.461  5.702  -32.642 0.0000000000
69378  -24.769  5.707  -32.262 0.0000000000
61722  -17.273  -3.448  -27.268 0.0000000000
105862  -18.419  -3.238  -28.235 0.0000000000
61736  -19.745  -3.174  -29.020 0.0000000000
61746  -21.282  -3.698  -29.866 0.0000000000
59279  -21.862  -6.036  -29.186 0.0000000000
60954  -22.072  -4.891  -29.764 0.0000000000
61755  -22.538  -3.783  -30.751 0.0000000000
76610  -18.316  14.005  -31.087 0.0000000000
70209  -19.634  6.072  -31.364 0.0000000000
114505  -19.135  6.920  -31.171 0.0000000000
121810  -20.826  6.750  -32.083 0.0000000000
71043  -20.707  7.656  -32.321 0.0000000000
113732  -21.568  6.999  -32.483 0.0000000000
70218  -22.211  6.378  -32.602 0.0000000000
65999  -16.882  2.041  -28.933 0.0000000000
106437  -17.568  2.371  -29.598 0.0000000000
66796  -17.820  3.189  -29.994 0.0000000000
66798  -19.161  2.391  -30.783 0.0000000000
62559  -20.823  -2.048  -30.962 0.0000000000
63424  -20.903  -1.365  -31.181 0.0000000000
62561  -22.531  -2.332  -31.269 0.0000000000
61762  -21.977  -3.011  -31.130 0.0000000000
120300  -21.018  17.841  -31.810 0.0000000000
79437  -21.379  18.457  -31.703 0.0000000000
80182  -22.288  18.842  -33.613 0.0000000000
80190  -22.665  18.846  -35.185 0.0000000000
79448  -22.391  18.001  -33.384 0.0000000000
77296  -23.288  15.765  -33.826 0.0000000000
78021  -23.788  16.302  -33.798 0.0000000000
77297  -23.829  15.548  -33.832 0.0000000000
118251  -17.495  9.933  -30.934 0.0000000000
111355  -16.931  9.935  -30.517 0.0000000000
73509  -17.303  10.547  -30.758 0.0000000000
73524  -18.295  10.681  -31.599 0.0000000000
74336  -18.560  11.218  -31.829 0.0000000000
73531  -18.638  10.886  -31.866 0.0000000000
110992  -23.912  11.144  -33.326 0.0000000000
74347  -24.348  11.659  -33.082 0.0000000000
66820  -23.684  2.348  -32.875 0.0000000000
67739  -23.852  3.043  -32.965 0.0000000000
67740  -24.416  2.797  -32.843 0.0000000000
59258  -19.169  -6.572  -27.628 0.0000000000
60120  -19.477  -5.810  -28.100 0.0000000000
112318  -19.827  -4.960  -28.560 0.0000000000
109406  -20.275  -5.860  -28.596 0.0000000000
65163  -17.090  0.316  -28.471 0.0000000000
64301  -17.499  -0.278  -28.633 0.0000000000
63394  -18.246  -1.615  -28.673 0.0000000000
63403  -18.628  -1.238  -29.136 0.0000000000
63395  -18.831  -1.991  -28.922 0.0000000000
78007  -19.743  16.684  -31.436 0.0000000000
78014  -20.569  16.585  -32.131 0.0000000000
77283  -20.594  15.096  -32.779 0.0000000000
76620  -21.215  14.487  -33.284 0.0000000000
69352  -16.783  6.213  -29.765 0.0000000000
70198  -16.870  7.060  -29.904 0.0000000000
71032  -18.914  7.844  -31.367 0.0000000000
71030  -17.568  7.878  -30.524 0.0000000000
71853  -18.393  8.768  -31.314 0.0000000000
71852  -17.830  8.679  -30.877 0.0000000000
71864  -19.558  9.527  -32.227 0.0000000000
116452  -22.211  8.435  -33.229 0.0000000000
112544  -22.492  9.485  -33.496 0.0000000000
72712  -23.114  9.581  -33.487 0.0000000000
73546  -23.561  10.253  -33.385 0.0000000000
72713  -23.475  9.625  -33.327 0.0000000000
72714  -23.851  9.619  -33.075 0.0000000000
71878  -23.680  9.062  -32.999 0.0000000000
110194  -24.060  7.146  -32.572 0.0000000000
71048  -24.423  7.797  -32.426 0.0000000000
70222  -24.740  6.718  -32.200 0.0000000000
57593  -21.034  -8.154  -28.022 0.0000000000
114290  -21.770  -8.147  -28.087 0.0000000000
68531  -15.941  5.226  -29.147 0.0000000000
111378  -16.283  4.673  -29.272 0.0000000000
67715  -18.335  3.929  -30.405 0.0000000000
68549  -17.718  4.876  -30.274 0.0000000000
68558  -18.627  4.619  -30.653 0.0000000000
69362  -18.714  5.393  -30.758 0.0000000000
68559  -19.336  4.462  -31.080 0.0000000000
68560  -19.957  4.415  -31.410 0.0000000000
67727  -19.805  3.781  -31.331 0.0000000000
124001  -20.213  2.649  -31.560 0.0000000000
66817  -20.833  2.828  -31.845 0.0000000000
66035  -21.345  2.130  -32.135 0.0000000000
107556  -22.093  2.125  -32.485 0.0000000000
109178  -19.313  0.198  -30.492 0.0000000000
65184  -19.408  0.866  -30.747 0.0000000000
64319  -19.815  0.114  -30.928 0.0000000000
64321  -22.075  -0.762  -31.799 0.0000000000
64332  -21.812  0.024  -31.980 0.0000000000
106646  -22.378  0.662  -32.237 0.0000000000
64333  -22.679  -0.190  -32.073 0.0000000000
64335  -24.198  0.036  -32.026 0.0000000000
64334  -23.535  -0.473  -32.000 0.0000000000
111858  -24.165  -2.591  -30.912 0.0000000000
62573  -25.038  -1.569  -31.171 0.0000000000
62563  -25.075  -2.413  -30.943 0.0000000000
62565  -26.116  -2.241  -31.119 0.0000000000
125575  -22.742  16.992  -33.501 0.0000000000
78751  -23.057  17.420  -33.821 0.0000000000
71000  -15.837  7.634  -29.379 0.0000000000
75104  -16.990  12.046  -30.437 0.0000000000
75887  -17.400  12.988  -30.493 0.0000000000
75894  -18.090  13.036  -31.129 0.0000000000
75118  -18.506  12.301  -31.701 0.0000000000
110196  -20.340  12.612  -32.968 0.0000000000
75914  -21.497  13.290  -33.475 0.0000000000
73543  -21.396  11.040  -33.400 0.0000000000
75145  -23.487  12.804  -33.687 0.0000000000
108039  -23.031  12.998  -33.881 0.0000000000
75917  -23.268  13.569  -33.911 0.0000000000
76621  -24.304  14.239  -33.441 0.0000000000
123090  -21.977  4.380  -32.371 0.0000000000
116067  -22.346  4.919  -32.492 0.0000000000
114406  -23.118  4.961  -32.680 0.0000000000
60930  -17.905  -4.611  -27.377 0.0000000000
115827  -17.459  -4.115  -27.198 0.0000000000
62525  -17.679  -2.935  -27.788 0.0000000000
61734  -18.651  -3.889  -28.120 0.0000000000
60952  -20.454  -4.419  -28.977 0.0000000000
60942  -19.839  -3.990  -28.739 0.0000000000
61745  -20.548  -3.631  -29.376 0.0000000000
111377  -22.167  -6.506  -28.993 0.0000000000
60962  -22.746  -4.536  -30.225 0.0000000000
125758  -17.340  -0.869  -28.297 0.0000000000
64281  -17.037  -1.258  -27.811 0.0000000000
63393  -17.643  -1.539  -28.298 0.0000000000
77277  -19.356  15.814  -31.543 0.0000000000
125119  -19.003  15.418  -31.286 0.0000000000
112492  -19.216  14.874  -31.731 0.0000000000
76618  -19.574  14.045  -32.313 0.0000000000
70200  -17.861  6.318  -30.465 0.0000000000
70199  -17.363  7.145  -30.287 0.0000000000
127148  -19.723  7.978  -31.865 0.0000000000
71042  -20.118  8.641  -32.315 0.0000000000
71044  -21.651  7.775  -32.815 0.0000000000
71056  -22.976  7.933  -33.101 0.0000000000
71057  -23.331  8.283  -33.029 0.0000000000
125504  -23.036  7.335  -32.938 0.0000000000
70220  -23.764  6.450  -32.621 0.0000000000
66778  -16.306  2.807  -28.806 0.0000000000
67696  -16.438  3.766  -29.154 0.0000000000
68533  -16.833  4.572  -29.657 0.0000000000
67697  -17.113  3.720  -29.630 0.0000000000
120860  -19.413  2.987  -30.976 0.0000000000
66808  -19.719  2.492  -31.227 0.0000000000
66024  -20.198  1.763  -31.529 0.0000000000
64311  -20.317  -0.649  -31.067 0.0000000000
63425  -21.616  -1.239  -31.432 0.0000000000
63426  -22.314  -1.516  -31.511 0.0000000000
63439  -23.617  -1.161  -31.651 0.0000000000
63427  -23.157  -1.698  -31.450 0.0000000000
62562  -23.399  -2.457  -31.118 0.0000000000
61764  -23.659  -3.198  -30.878 0.0000000000
126084  -19.640  18.106  -30.655 0.0000000000
79426  -20.975  18.835  -30.762 0.0000000000
80168  -22.042  19.423  -32.314 0.0000000000
80194  -22.960  19.126  -35.979 0.0000000000
78020  -23.146  16.579  -33.671 0.0000000000
78752  -23.742  17.103  -33.931 0.0000000000
73492  -15.989  10.867  -29.630 0.0000000000
74321  -17.005  11.153  -30.537 0.0000000000
116906  -18.419  11.640  -31.690 0.0000000000
117338  -19.312  11.795  -32.416 0.0000000000
75131  -20.006  11.977  -32.810 0.0000000000
73554  -22.789  11.043  -33.611 0.0000000000
74365  -22.639  11.645  -33.627 0.0000000000
74357  -23.402  11.407  -33.557 0.0000000000
74358  -23.734  11.951  -33.519 0.0000000000
109844  -22.648  3.322  -32.685 0.0000000000
68571  -23.605  4.275  -32.680 0.0000000000
67738  -23.423  3.548  -32.834 0.0000000000
112356  -24.238  3.603  -32.732 0.0000000000
118063  -18.389  -5.074  -27.531 0.0000000000
60940  -18.540  -4.461  -27.813 0.0000000000
65986  -17.052  1.079  -28.678 0.0000000000
66000  -17.749  1.444  -29.466 0.0000000000
66001  -18.459  1.336  -30.025 0.0000000000
65174  -18.326  0.609  -29.677 0.0000000000
64309  -18.917  -0.053  -30.002 0.0000000000
64303  -19.124  -0.850  -29.695 0.0000000000
63413  -19.699  -1.277  -29.993 0.0000000000
62550  -20.006  -1.943  -29.838 0.0000000000
62551  -20.620  -2.302  -30.309 0.0000000000
111076  -17.911  18.021  -30.361 0.0000000000
78717  -19.183  17.619  -30.700 0.0000000000
78733  -20.281  17.449  -31.408 0.0000000000
78745  -21.815  17.065  -32.789 0.0000000000
77278  -20.108  15.853  -32.183 0.0000000000
121255  -20.844  15.833  -32.571 0.0000000000
77285  -22.083  15.686  -33.519 0.0000000000
77295  -22.689  15.137  -33.973 0.0000000000
71001  -16.384  7.736  -29.663 0.0000000000
71021  -17.144  7.652  -30.200 0.0000000000
71020  -16.814  7.749  -29.959 0.0000000000
71827  -16.657  8.548  -30.036 0.0000000000
72677  -17.651  9.317  -30.918 0.0000000000
73532  -18.968  10.905  -32.126 0.0000000000
72699  -19.142  10.308  -32.148 0.0000000000
72700  -20.011  10.311  -32.637 0.0000000000
72710  -20.988  10.291  -33.171 0.0000000000
71875  -21.560  9.398  -33.277 0.0000000000
72719  -23.176  10.292  -33.535 0.0000000000
120823  -23.604  10.793  -33.420 0.0000000000
118023  -24.469  10.858  -32.827 0.0000000000
73535  -24.570  10.186  -32.612 0.0000000000
72701  -24.351  9.608  -32.694 0.0000000000
71047  -23.754  8.223  -32.795 0.0000000000
66039  -24.497  1.356  -32.394 0.0000000000
126440  -20.417  -7.176  -28.187 0.0000000000
59269  -20.742  -6.620  -28.561 0.0000000000
69336  -16.207  6.053  -29.427 0.0000000000
124465  -17.238  4.758  -29.964 0.0000000000
68548  -17.020  5.343  -29.883 0.0000000000
69353  -17.407  5.836  -30.166 0.0000000000
69363  -19.433  5.236  -31.188 0.0000000000
69373  -21.042  5.303  -31.898 0.0000000000
68568  -20.748  4.443  -31.719 0.0000000000
123859  -21.389  4.211  -32.047 0.0000000000
67728  -20.262  3.328  -31.559 0.0000000000
67736  -20.977  3.639  -31.848 0.0000000000
67737  -21.888  3.793  -32.352 0.0000000000
66819  -22.722  2.549  -32.719 0.0000000000
66010  -18.945  1.564  -30.532 0.0000000000
65192  -20.534  0.921  -31.590 0.0000000000
108919  -20.478  0.186  -31.353 0.0000000000
65193  -21.074  0.417  -31.815 0.0000000000
122079  -21.003  1.346  -31.953 0.0000000000
66036  -21.870  1.412  -32.282 0.0000000000
66038  -23.893  1.441  -32.610 0.0000000000
114163  -24.168  0.793  -32.335 0.0000000000
65204  -24.650  0.603  -31.973 0.0000000000
63440  -24.367  -0.894  -31.628 0.0000000000
63441  -25.059  -1.059  -31.355 0.0000000000
79457  -23.112  18.604  -35.260 0.0000000000
109868  -24.075  17.529  -34.170 0.0000000000
75119  -18.937  12.526  -32.138 0.0000000000
75906  -19.952  13.224  -32.723 0.0000000000
76629  -21.150  13.774  -33.313 0.0000000000
76630  -21.730  13.988  -33.702 0.0000000000
76631  -22.418  14.224  -34.006 0.0000000000
74346  -20.045  11.483  -32.786 0.0000000000
74354  -20.818  11.699  -33.236 0.0000000000
110976  -21.424  12.193  -33.444 0.0000000000
75151  -22.719  12.046  -33.670 0.0000000000
74364  -22.221  12.078  -33.609 0.0000000000
75142  -21.869  12.738  -33.564 0.0000000000
75916  -22.794  13.572  -33.968 0.0000000000
76632  -23.129  14.369  -34.087 0.0000000000
76633  -23.771  14.781  -33.892 0.0000000000
77286  -24.342  15.212  -33.441 0.0000000000
69374  -21.872  5.522  -32.379 0.0000000000
69375  -22.716  5.684  -32.648 0.0000000000
123913  -23.748  4.975  -32.558 0.0000000000
69377  -24.176  5.474  -32.447 0.0000000000
62524  -16.983  -2.666  -27.267 0.0000000000
62535  -18.994  -2.781  -28.713 0.0000000000
61735  -19.125  -3.574  -28.522 0.0000000000
62543  -20.272  -2.728  -29.617 0.0000000000
61753  -20.962  -3.052  -30.060 0.0000000000
60122  -21.092  -5.956  -28.919 0.0000000000
60131  -21.530  -5.347  -29.296 0.0000000000
120847  -22.220  -5.556  -29.539 0.0000000000
60961  -21.940  -4.101  -30.075 0.0000000000
61754  -21.659  -3.389  -30.504 0.0000000000
122642  -23.235  -3.712  -30.812 0.0000000000
62564  -25.669  -2.062  -31.062 0.0000000000
70207  -17.946  7.205  -30.645 0.0000000000
70210  -20.510  6.024  -31.737 0.0000000000
71031  -18.132  7.998  -30.893 0.0000000000
71877  -23.404  8.936  -33.190 0.0000000000
72688  -18.136  9.480  -31.325 0.0000000000
72711  -21.937  10.297  -33.531 0.0000000000
73523  -17.811  10.569  -31.257 0.0000000000
73533  -19.609  10.960  -32.529 0.0000000000
74322  -17.567  11.202  -30.969 0.0000000000
74344  -18.923  11.339  -32.140 0.0000000000
74356  -22.364  11.499  -33.595 0.0000000000
74366  -22.981  11.537  -33.652 0.0000000000
75129  -18.858  11.842  -32.121 0.0000000000
75896  -19.245  13.183  -32.241 0.0000000000
111844  -21.991  -6.991  -28.749 0.0000000000
117774  -17.968  10.048  -31.363 0.0000000000
119178  -20.723  12.248  -33.210 0.0000000000
123871  -16.645  9.360  -30.232 0.0000000000
