#!ascii label  , from subject sub-p007 vox2ras=TkReg
411
116684  -50.460  -59.383  -17.715 0.0000000000
17852  -44.420  -55.898  -22.768 0.0000000000
19498  -47.781  -53.474  -18.131 0.0000000000
14739  -45.813  -59.588  -19.875 0.0000000000
19475  -42.528  -53.696  -17.498 0.0000000000
18605  -51.602  -54.169  -15.957 0.0000000000
22821  -50.396  -49.098  -18.989 0.0000000000
22763  -45.269  -49.530  -15.734 0.0000000000
22004  -46.910  -50.454  -18.777 0.0000000000
109435  -45.039  -53.218  -17.462 0.0000000000
21980  -43.648  -50.551  -17.587 0.0000000000
21180  -52.015  -51.581  -18.212 0.0000000000
21156  -49.040  -51.242  -16.564 0.0000000000
118213  -44.800  -46.972  -16.490 0.0000000000
24350  -47.285  -46.811  -17.423 0.0000000000
11841  -49.659  -62.709  -19.264 0.0000000000
15532  -44.624  -58.737  -21.626 0.0000000000
14035  -48.206  -60.564  -22.582 0.0000000000
15545  -48.013  -58.818  -23.261 0.0000000000
17826  -48.939  -55.625  -18.417 0.0000000000
14724  -48.417  -59.652  -18.727 0.0000000000
17036  -44.074  -56.272  -18.826 0.0000000000
17837  -42.360  -55.682  -20.538 0.0000000000
19501  -50.709  -53.693  -18.833 0.0000000000
21208  -50.043  -50.596  -20.107 0.0000000000
23611  -49.072  -48.033  -19.924 0.0000000000
21129  -47.562  -51.369  -14.731 0.0000000000
22797  -48.150  -49.024  -17.404 0.0000000000
24373  -48.996  -46.814  -18.642 0.0000000000
117861  -47.347  -46.434  -19.304 0.0000000000
13272  -48.789  -62.188  -21.474 0.0000000000
21234  -40.627  -51.275  -22.383 0.0000000000
19538  -44.467  -53.265  -23.223 0.0000000000
19552  -48.029  -52.744  -24.506 0.0000000000
22818  -45.668  -49.430  -18.632 0.0000000000
21982  -45.286  -50.943  -17.910 0.0000000000
13974  -50.365  -61.272  -18.187 0.0000000000
16314  -44.269  -57.563  -22.329 0.0000000000
15537  -46.062  -58.660  -22.715 0.0000000000
16329  -45.779  -56.952  -23.176 0.0000000000
17085  -48.030  -56.842  -23.560 0.0000000000
17083  -45.786  -56.068  -23.292 0.0000000000
17825  -48.069  -55.081  -18.338 0.0000000000
18642  -47.015  -55.013  -18.058 0.0000000000
125163  -43.660  -53.418  -17.395 0.0000000000
17801  -44.491  -55.114  -17.878 0.0000000000
108697  -43.225  -55.229  -18.317 0.0000000000
17049  -43.473  -56.542  -19.545 0.0000000000
119173  -42.121  -54.720  -18.431 0.0000000000
18620  -50.999  -55.157  -18.011 0.0000000000
18621  -51.397  -54.330  -18.015 0.0000000000
21984  -50.989  -50.436  -18.656 0.0000000000
21210  -51.362  -50.903  -19.846 0.0000000000
108120  -50.578  -49.923  -20.150 0.0000000000
22013  -48.588  -49.694  -19.837 0.0000000000
23603  -50.018  -48.497  -19.936 0.0000000000
21954  -46.171  -50.481  -15.472 0.0000000000
120321  -47.311  -50.482  -16.349 0.0000000000
22778  -46.546  -49.279  -16.558 0.0000000000
25110  -47.417  -45.754  -17.643 0.0000000000
24372  -48.341  -46.800  -17.891 0.0000000000
25853  -48.445  -45.776  -18.663 0.0000000000
25134  -48.938  -46.399  -19.082 0.0000000000
14740  -46.657  -59.903  -19.500 0.0000000000
13987  -48.186  -61.087  -19.590 0.0000000000
14007  -47.731  -61.235  -20.325 0.0000000000
13298  -48.281  -61.674  -23.419 0.0000000000
22856  -40.130  -49.751  -23.060 0.0000000000
21236  -42.200  -51.815  -22.927 0.0000000000
20401  -45.489  -51.578  -24.206 0.0000000000
20335  -47.158  -52.105  -18.180 0.0000000000
117063  -46.392  -53.417  -17.728 0.0000000000
21175  -45.504  -51.612  -17.756 0.0000000000
120801  -44.644  -52.492  -17.447 0.0000000000
107700  -43.111  -52.433  -17.193 0.0000000000
116467  -52.243  -52.493  -17.178 0.0000000000
21178  -50.646  -50.944  -17.829 0.0000000000
21983  -50.175  -50.121  -18.200 0.0000000000
23557  -44.911  -48.145  -16.227 0.0000000000
108717  -46.527  -48.281  -16.853 0.0000000000
115795  -45.512  -46.727  -16.804 0.0000000000
25109  -46.663  -45.542  -17.454 0.0000000000
25851  -47.330  -44.831  -17.842 0.0000000000
14762  -44.951  -59.359  -21.046 0.0000000000
14022  -46.890  -60.710  -21.444 0.0000000000
14780  -46.157  -59.463  -22.330 0.0000000000
14782  -48.149  -59.644  -22.953 0.0000000000
14789  -48.598  -59.636  -23.821 0.0000000000
15562  -48.865  -58.767  -24.042 0.0000000000
16333  -49.260  -57.519  -24.116 0.0000000000
115682  -49.961  -55.934  -24.660 0.0000000000
122566  -50.079  -57.872  -18.146 0.0000000000
14725  -49.487  -60.029  -18.546 0.0000000000
114498  -47.014  -57.727  -18.590 0.0000000000
15488  -46.122  -58.031  -18.907 0.0000000000
17803  -46.137  -55.100  -17.903 0.0000000000
17038  -45.620  -56.553  -18.535 0.0000000000
16292  -45.311  -57.993  -19.287 0.0000000000
16298  -44.157  -57.968  -20.295 0.0000000000
17053  -43.086  -56.913  -20.948 0.0000000000
17847  -42.986  -55.758  -21.688 0.0000000000
17041  -50.405  -56.415  -18.114 0.0000000000
113467  -49.327  -54.840  -18.474 0.0000000000
19499  -48.772  -53.206  -18.544 0.0000000000
20339  -51.962  -51.875  -19.101 0.0000000000
126593  -50.381  -52.398  -19.411 0.0000000000
106431  -48.166  -51.496  -18.922 0.0000000000
22005  -47.791  -50.533  -19.204 0.0000000000
22819  -47.370  -49.661  -19.263 0.0000000000
23609  -46.710  -48.352  -19.222 0.0000000000
21143  -48.391  -51.431  -15.562 0.0000000000
21965  -48.979  -50.546  -17.317 0.0000000000
22798  -49.258  -49.311  -17.940 0.0000000000
23578  -47.578  -47.717  -17.403 0.0000000000
23579  -48.676  -47.510  -17.995 0.0000000000
23602  -49.782  -47.930  -19.440 0.0000000000
24389  -49.546  -47.897  -19.682 0.0000000000
118863  -48.455  -47.507  -19.627 0.0000000000
13988  -49.438  -61.435  -19.233 0.0000000000
12554  -49.496  -62.598  -19.950 0.0000000000
124298  -48.386  -61.616  -21.532 0.0000000000
12571  -48.547  -62.587  -22.478 0.0000000000
18638  -40.922  -54.164  -18.962 0.0000000000
18653  -42.000  -55.046  -20.927 0.0000000000
110118  -43.255  -55.267  -22.128 0.0000000000
19521  -42.698  -53.360  -22.327 0.0000000000
18668  -44.562  -54.581  -22.989 0.0000000000
18685  -46.155  -54.700  -23.486 0.0000000000
18687  -47.964  -54.610  -23.926 0.0000000000
23601  -45.850  -48.733  -18.849 0.0000000000
13227  -50.365  -61.558  -17.820 0.0000000000
107217  -50.464  -60.577  -18.044 0.0000000000
17071  -44.279  -56.824  -22.556 0.0000000000
16315  -44.984  -57.470  -22.728 0.0000000000
17072  -45.024  -56.487  -22.997 0.0000000000
17853  -45.128  -55.619  -23.166 0.0000000000
18619  -47.444  -54.274  -18.065 0.0000000000
19476  -43.132  -53.217  -17.313 0.0000000000
18614  -43.447  -53.985  -17.500 0.0000000000
18640  -42.751  -54.589  -17.941 0.0000000000
17790  -51.109  -55.349  -15.834 0.0000000000
17793  -51.256  -54.993  -16.612 0.0000000000
17805  -51.164  -55.161  -17.418 0.0000000000
18607  -51.619  -54.200  -17.151 0.0000000000
22007  -50.936  -49.869  -19.303 0.0000000000
22015  -51.164  -50.266  -19.926 0.0000000000
105778  -50.613  -49.276  -19.918 0.0000000000
125185  -50.208  -49.197  -20.119 0.0000000000
116342  -50.185  -48.565  -19.551 0.0000000000
22753  -44.905  -49.902  -15.199 0.0000000000
21953  -45.487  -50.190  -15.297 0.0000000000
22764  -45.920  -49.820  -15.987 0.0000000000
21963  -46.609  -50.123  -16.195 0.0000000000
22777  -45.789  -49.010  -16.316 0.0000000000
25852  -48.015  -45.339  -18.243 0.0000000000
25111  -48.158  -46.028  -17.979 0.0000000000
25876  -48.542  -45.762  -18.896 0.0000000000
25861  -48.197  -45.386  -18.745 0.0000000000
13986  -47.099  -60.678  -19.887 0.0000000000
14764  -46.285  -60.238  -20.146 0.0000000000
21251  -42.593  -51.260  -23.529 0.0000000000
21252  -44.673  -51.579  -23.970 0.0000000000
21264  -44.163  -51.049  -24.132 0.0000000000
21200  -47.047  -51.205  -18.540 0.0000000000
21176  -46.295  -51.786  -17.953 0.0000000000
21199  -46.114  -50.873  -18.255 0.0000000000
21981  -44.591  -50.543  -17.852 0.0000000000
21174  -44.713  -51.577  -17.584 0.0000000000
113388  -43.993  -51.255  -17.500 0.0000000000
20314  -43.900  -52.049  -17.348 0.0000000000
21173  -43.127  -51.471  -17.259 0.0000000000
21177  -49.706  -50.969  -17.355 0.0000000000
24336  -44.403  -47.631  -16.155 0.0000000000
24348  -45.221  -47.515  -16.514 0.0000000000
11856  -48.964  -63.739  -19.871 0.0000000000
14775  -45.500  -59.625  -21.614 0.0000000000
15536  -45.275  -58.903  -22.245 0.0000000000
15544  -47.002  -58.200  -23.175 0.0000000000
15538  -47.084  -59.131  -22.806 0.0000000000
14788  -48.552  -59.316  -23.591 0.0000000000
17086  -48.988  -56.856  -23.824 0.0000000000
17087  -49.540  -56.758  -24.404 0.0000000000
17873  -49.280  -56.055  -24.124 0.0000000000
109113  -49.580  -57.295  -18.354 0.0000000000
115016  -49.173  -57.982  -18.418 0.0000000000
15489  -46.920  -58.462  -18.767 0.0000000000
16275  -46.281  -57.157  -18.597 0.0000000000
19477  -45.693  -53.765  -17.594 0.0000000000
18618  -46.456  -54.259  -17.793 0.0000000000
18617  -45.574  -54.512  -17.673 0.0000000000
17822  -44.875  -55.894  -18.347 0.0000000000
17037  -44.823  -56.737  -18.852 0.0000000000
16274  -45.473  -57.332  -18.878 0.0000000000
16291  -44.639  -57.528  -19.428 0.0000000000
15506  -44.787  -58.418  -19.883 0.0000000000
17834  -42.501  -55.682  -19.567 0.0000000000
111285  -43.333  -56.933  -20.255 0.0000000000
17063  -43.276  -56.613  -21.637 0.0000000000
17062  -42.743  -56.186  -21.108 0.0000000000
18644  -50.836  -54.535  -18.422 0.0000000000
119097  -50.206  -55.028  -18.474 0.0000000000
18643  -50.191  -54.416  -18.618 0.0000000000
19500  -49.661  -53.811  -18.716 0.0000000000
20318  -52.204  -52.245  -18.088 0.0000000000
127256  -51.908  -52.689  -18.689 0.0000000000
21209  -50.949  -50.752  -20.115 0.0000000000
20343  -51.294  -51.601  -19.743 0.0000000000
21202  -50.238  -51.483  -19.767 0.0000000000
20336  -49.174  -52.231  -19.099 0.0000000000
21201  -49.285  -51.294  -19.571 0.0000000000
22006  -48.916  -50.571  -19.728 0.0000000000
22825  -49.493  -48.810  -20.126 0.0000000000
22824  -48.314  -48.841  -19.812 0.0000000000
22823  -47.343  -48.856  -19.395 0.0000000000
23610  -47.891  -48.156  -19.645 0.0000000000
22779  -47.308  -49.606  -16.785 0.0000000000
21155  -48.104  -50.954  -16.472 0.0000000000
21964  -48.108  -50.015  -17.092 0.0000000000
124628  -46.846  -47.575  -17.165 0.0000000000
23580  -49.401  -47.548  -18.763 0.0000000000
24388  -49.292  -47.131  -19.198 0.0000000000
25133  -48.331  -45.847  -19.114 0.0000000000
24399  -48.367  -46.747  -19.405 0.0000000000
24398  -47.326  -47.461  -19.413 0.0000000000
13973  -50.024  -60.829  -18.548 0.0000000000
13972  -48.884  -60.624  -18.945 0.0000000000
13257  -49.216  -62.314  -20.410 0.0000000000
13239  -48.862  -61.717  -20.006 0.0000000000
121480  -48.901  -63.191  -21.280 0.0000000000
12563  -48.792  -62.622  -21.713 0.0000000000
14034  -47.297  -60.520  -22.029 0.0000000000
13271  -47.836  -61.106  -21.799 0.0000000000
14023  -48.502  -61.490  -22.342 0.0000000000
121257  -47.821  -62.434  -23.513 0.0000000000
113750  -48.588  -62.019  -22.868 0.0000000000
19497  -41.208  -53.964  -18.292 0.0000000000
19496  -40.573  -53.530  -18.325 0.0000000000
18661  -41.781  -54.295  -21.195 0.0000000000
18662  -42.576  -54.785  -21.694 0.0000000000
19517  -42.240  -53.835  -21.787 0.0000000000
20368  -43.264  -52.932  -22.770 0.0000000000
20367  -42.518  -52.591  -22.593 0.0000000000
19537  -43.820  -53.312  -22.910 0.0000000000
19522  -43.342  -53.679  -22.531 0.0000000000
19523  -44.063  -54.034  -22.803 0.0000000000
18669  -45.264  -54.747  -23.262 0.0000000000
18684  -44.902  -53.957  -23.210 0.0000000000
19541  -47.139  -53.254  -24.085 0.0000000000
117589  -47.379  -54.048  -23.893 0.0000000000
19542  -48.201  -53.734  -24.261 0.0000000000
110897  -46.323  -49.968  -18.710 0.0000000000
22003  -45.458  -50.230  -18.301 0.0000000000
22002  -44.847  -49.646  -18.318 0.0000000000
22796  -44.073  -49.780  -17.997 0.0000000000
25089  -44.788  -46.166  -16.680 0.0000000000
25838  -45.166  -45.269  -17.082 0.0000000000
13240  -50.007  -62.199  -18.859 0.0000000000
15535  -44.645  -58.217  -22.280 0.0000000000
108899  -45.322  -58.245  -22.597 0.0000000000
16316  -45.924  -57.819  -22.985 0.0000000000
114076  -48.005  -58.122  -23.425 0.0000000000
16330  -46.638  -57.303  -23.311 0.0000000000
112932  -47.208  -56.850  -23.463 0.0000000000
17084  -47.373  -56.190  -23.548 0.0000000000
121324  -47.396  -55.614  -18.309 0.0000000000
17824  -46.655  -55.694  -18.237 0.0000000000
114350  -44.236  -53.572  -17.438 0.0000000000
122332  -44.916  -54.663  -17.655 0.0000000000
18615  -44.276  -54.382  -17.596 0.0000000000
18641  -43.674  -54.838  -17.854 0.0000000000
17821  -43.924  -55.558  -18.317 0.0000000000
17050  -44.189  -56.856  -19.299 0.0000000000
17835  -43.223  -55.846  -18.937 0.0000000000
17820  -42.591  -55.238  -18.678 0.0000000000
17819  -41.930  -55.079  -19.110 0.0000000000
19502  -51.377  -53.504  -18.583 0.0000000000
21179  -51.435  -51.038  -18.450 0.0000000000
21203  -51.707  -51.221  -19.149 0.0000000000
21211  -51.448  -50.853  -19.637 0.0000000000
22014  -49.742  -49.748  -20.207 0.0000000000
126970  -49.633  -48.261  -19.978 0.0000000000
122730  -45.838  -50.635  -14.696 0.0000000000
21128  -46.661  -51.008  -14.902 0.0000000000
122889  -47.407  -51.098  -15.627 0.0000000000
126167  -46.780  -50.698  -15.720 0.0000000000
25112  -48.629  -46.278  -18.486 0.0000000000
25120  -48.917  -46.235  -18.976 0.0000000000
14741  -47.673  -60.291  -19.222 0.0000000000
13256  -48.552  -61.763  -20.836 0.0000000000
14036  -48.569  -60.924  -22.971 0.0000000000
22056  -40.800  -50.071  -23.369 0.0000000000
22044  -41.062  -50.821  -23.011 0.0000000000
21235  -41.383  -51.560  -22.673 0.0000000000
20383  -43.119  -52.078  -23.233 0.0000000000
112942  -43.913  -52.651  -23.238 0.0000000000
19539  -45.307  -53.222  -23.514 0.0000000000
20385  -45.777  -52.515  -23.909 0.0000000000
20403  -47.202  -52.275  -24.435 0.0000000000
120610  -47.112  -52.981  -17.933 0.0000000000
20316  -46.373  -52.641  -17.779 0.0000000000
20315  -45.531  -52.427  -17.601 0.0000000000
127094  -45.089  -52.050  -17.555 0.0000000000
109091  -43.868  -52.902  -17.331 0.0000000000
19466  -52.076  -53.193  -16.674 0.0000000000
21158  -51.411  -51.519  -17.202 0.0000000000
23543  -44.398  -48.499  -15.793 0.0000000000
23544  -45.057  -48.815  -16.056 0.0000000000
23558  -45.593  -48.205  -16.504 0.0000000000
24349  -46.178  -47.377  -16.926 0.0000000000
25091  -46.435  -46.378  -17.244 0.0000000000
25090  -45.763  -45.881  -17.137 0.0000000000
26633  -47.713  -44.833  -18.535 0.0000000000
14763  -45.660  -59.955  -20.738 0.0000000000
14005  -46.115  -60.298  -21.289 0.0000000000
14776  -46.425  -60.152  -21.892 0.0000000000
14781  -47.203  -59.927  -22.427 0.0000000000
117175  -48.513  -60.293  -23.635 0.0000000000
16332  -48.645  -57.655  -23.672 0.0000000000
15563  -49.151  -58.029  -24.343 0.0000000000
15579  -49.243  -57.861  -24.897 0.0000000000
16356  -49.572  -57.210  -25.226 0.0000000000
15492  -50.227  -58.715  -18.034 0.0000000000
14726  -50.266  -59.821  -18.137 0.0000000000
15491  -49.347  -59.102  -18.425 0.0000000000
15490  -47.969  -58.480  -18.581 0.0000000000
14723  -47.280  -59.285  -18.924 0.0000000000
15508  -46.360  -58.983  -19.222 0.0000000000
17802  -45.303  -55.205  -17.893 0.0000000000
17823  -45.831  -55.814  -18.215 0.0000000000
15507  -45.541  -58.712  -19.528 0.0000000000
15524  -45.109  -59.196  -20.315 0.0000000000
15523  -44.480  -58.723  -20.777 0.0000000000
15522  -43.962  -58.120  -21.217 0.0000000000
16290  -43.843  -57.268  -19.869 0.0000000000
16297  -43.578  -57.491  -20.691 0.0000000000
16308  -44.044  -57.924  -21.934 0.0000000000
16313  -43.756  -57.147  -22.115 0.0000000000
17070  -43.639  -56.128  -22.257 0.0000000000
16277  -50.446  -58.078  -17.730 0.0000000000
107241  -50.249  -57.268  -18.096 0.0000000000
108139  -49.445  -56.467  -18.394 0.0000000000
17828  -50.607  -55.513  -18.224 0.0000000000
17827  -49.863  -55.664  -18.436 0.0000000000
114196  -48.482  -54.128  -18.346 0.0000000000
19479  -51.943  -53.218  -17.857 0.0000000000
20338  -51.308  -52.715  -19.216 0.0000000000
20344  -51.611  -51.252  -19.556 0.0000000000
126347  -50.417  -53.147  -19.092 0.0000000000
20337  -49.663  -52.981  -18.970 0.0000000000
20317  -48.006  -52.576  -18.386 0.0000000000
118868  -46.531  -49.180  -18.985 0.0000000000
23559  -47.332  -48.706  -17.110 0.0000000000
113428  -48.136  -48.246  -17.543 0.0000000000
108306  -48.951  -48.288  -18.062 0.0000000000
22820  -49.837  -48.325  -18.821 0.0000000000
24400  -49.076  -47.287  -19.476 0.0000000000
124981  -46.455  -47.802  -19.209 0.0000000000
13989  -50.082  -61.691  -18.759 0.0000000000
117801  -49.713  -62.152  -19.500 0.0000000000
11857  -49.414  -63.120  -19.961 0.0000000000
11875  -48.948  -63.481  -20.580 0.0000000000
14006  -46.666  -60.677  -20.699 0.0000000000
13255  -47.590  -61.279  -21.061 0.0000000000
116474  -48.672  -62.031  -22.345 0.0000000000
22817  -44.276  -49.091  -18.384 0.0000000000
21172  -42.439  -52.028  -17.065 0.0000000000
20313  -42.275  -52.800  -17.230 0.0000000000
112123  -41.825  -53.381  -17.480 0.0000000000
18613  -41.848  -54.101  -17.906 0.0000000000
18639  -41.545  -54.487  -18.665 0.0000000000
17833  -41.864  -55.185  -20.018 0.0000000000
19504  -40.418  -53.657  -19.248 0.0000000000
18647  -40.913  -54.127  -19.853 0.0000000000
17846  -42.493  -55.503  -21.235 0.0000000000
20366  -41.709  -52.315  -22.356 0.0000000000
19520  -41.982  -53.081  -22.068 0.0000000000
18666  -42.825  -54.023  -22.139 0.0000000000
111205  -43.959  -55.083  -22.606 0.0000000000
17870  -46.601  -55.540  -23.486 0.0000000000
17871  -47.646  -55.399  -23.682 0.0000000000
18686  -47.043  -54.701  -23.651 0.0000000000
17872  -48.647  -55.321  -23.988 0.0000000000
17884  -49.607  -55.229  -24.421 0.0000000000
12553  -49.167  -62.756  -20.750 0.0000000000
12582  -48.247  -62.512  -23.104 0.0000000000
13226  -50.195  -61.915  -18.337 0.0000000000
13286  -48.572  -61.471  -22.887 0.0000000000
14727  -50.522  -60.049  -17.691 0.0000000000
15547  -49.084  -58.137  -23.981 0.0000000000
16307  -43.576  -57.397  -21.495 0.0000000000
16331  -47.573  -57.485  -23.433 0.0000000000
16346  -49.439  -57.346  -24.635 0.0000000000
17052  -42.849  -56.342  -20.226 0.0000000000
17869  -45.777  -55.324  -23.352 0.0000000000
18616  -44.956  -54.029  -17.506 0.0000000000
18648  -41.414  -54.630  -19.508 0.0000000000
18651  -41.141  -53.882  -20.703 0.0000000000
18652  -41.481  -54.545  -20.412 0.0000000000
18667  -43.305  -54.480  -22.333 0.0000000000
19478  -47.016  -53.685  -17.887 0.0000000000
20386  -46.522  -52.660  -24.108 0.0000000000
20402  -46.405  -51.876  -24.346 0.0000000000
22008  -51.329  -50.587  -19.304 0.0000000000
22855  -39.475  -49.381  -22.693 0.0000000000
107716  -46.542  -56.480  -23.403 0.0000000000
110165  -45.796  -53.109  -17.595 0.0000000000
111850  -45.728  -53.969  -23.477 0.0000000000
122329  -44.655  -55.174  -22.975 0.0000000000
123754  -49.330  -63.331  -19.413 0.0000000000
126115  -44.443  -53.054  -17.399 0.0000000000
126811  -42.985  -56.121  -19.560 0.0000000000
