#!ascii label  , from subject sub-p007 vox2ras=TkReg
348
62544  -26.881  -2.870  -30.640 0.0000000000
66821  -24.422  2.051  -32.707 0.0000000000
120852  -23.355  15.119  -34.007 0.0000000000
74348  -24.983  11.415  -32.445 0.0000000000
71025  -26.260  7.701  -30.603 0.0000000000
67686  -27.723  3.347  -28.697 0.0000000000
78016  -22.348  16.575  -33.302 0.0000000000
72690  -25.607  9.736  -31.464 0.0000000000
70221  -24.287  6.293  -32.436 0.0000000000
64323  -25.733  -0.637  -31.073 0.0000000000
118686  -26.238  2.343  -30.756 0.0000000000
65165  -26.833  0.238  -28.849 0.0000000000
59270  -22.708  -6.723  -28.853 0.0000000000
61765  -24.560  -3.241  -30.821 0.0000000000
81639  -22.551  21.300  -32.578 0.0000000000
81671  -22.045  20.564  -36.421 0.0000000000
123611  -23.597  19.201  -35.678 0.0000000000
79449  -24.928  18.383  -32.984 0.0000000000
78017  -25.385  16.271  -32.069 0.0000000000
75918  -23.882  13.460  -33.633 0.0000000000
76601  -26.436  14.365  -30.632 0.0000000000
75099  -26.883  12.714  -29.920 0.0000000000
73500  -27.081  10.228  -29.393 0.0000000000
71815  -27.863  8.344  -27.882 0.0000000000
68561  -25.519  4.612  -31.978 0.0000000000
69342  -27.469  5.523  -29.477 0.0000000000
71046  -23.441  7.438  -32.824 0.0000000000
70219  -23.062  6.613  -32.806 0.0000000000
63415  -26.122  -1.471  -30.881 0.0000000000
65175  -26.248  -0.069  -29.679 0.0000000000
64295  -26.642  -0.904  -29.101 0.0000000000
55892  -22.998  -10.386  -25.829 0.0000000000
56727  -23.321  -9.521  -26.216 0.0000000000
57571  -23.603  -8.772  -26.592 0.0000000000
62572  -24.126  -1.763  -31.203 0.0000000000
61763  -22.849  -3.146  -31.067 0.0000000000
80200  -22.854  19.522  -36.376 0.0000000000
116793  -22.727  15.943  -33.654 0.0000000000
109868  -24.075  17.529  -34.170 0.0000000000
78753  -24.201  16.889  -33.747 0.0000000000
78747  -25.142  17.672  -32.526 0.0000000000
77287  -24.858  15.743  -32.793 0.0000000000
75132  -24.273  12.614  -33.273 0.0000000000
76612  -25.465  14.343  -32.043 0.0000000000
75897  -25.708  12.891  -31.738 0.0000000000
75892  -26.583  13.394  -30.490 0.0000000000
75121  -26.039  12.095  -31.268 0.0000000000
71856  -25.802  8.329  -30.996 0.0000000000
72682  -26.649  9.889  -30.073 0.0000000000
71833  -26.784  8.503  -29.660 0.0000000000
117265  -27.255  8.772  -29.115 0.0000000000
71009  -26.914  7.683  -29.516 0.0000000000
107232  -23.295  2.962  -32.899 0.0000000000
68572  -24.271  4.483  -32.518 0.0000000000
67741  -25.014  3.296  -32.521 0.0000000000
66783  -27.375  2.982  -29.333 0.0000000000
67716  -26.822  3.695  -30.728 0.0000000000
68540  -27.522  4.642  -29.565 0.0000000000
69325  -27.715  5.907  -28.615 0.0000000000
68520  -28.093  5.049  -28.134 0.0000000000
58448  -23.912  -6.862  -28.268 0.0000000000
59281  -23.382  -6.137  -29.240 0.0000000000
60123  -24.679  -5.698  -28.931 0.0000000000
60144  -25.087  -4.502  -30.125 0.0000000000
73534  -24.037  10.337  -33.136 0.0000000000
73525  -25.183  10.509  -32.104 0.0000000000
71866  -24.198  8.824  -32.662 0.0000000000
71048  -24.423  7.797  -32.426 0.0000000000
70211  -25.462  6.752  -31.590 0.0000000000
66040  -24.929  1.284  -32.000 0.0000000000
117261  -25.192  1.988  -32.103 0.0000000000
66026  -25.924  1.473  -30.884 0.0000000000
66012  -26.353  1.656  -30.087 0.0000000000
65992  -27.526  1.872  -28.309 0.0000000000
58436  -23.495  -7.673  -27.753 0.0000000000
122172  -23.408  0.535  -32.309 0.0000000000
64336  -24.845  -0.320  -31.644 0.0000000000
63428  -25.576  -1.610  -31.137 0.0000000000
122191  -26.548  -2.838  -31.196 0.0000000000
107171  -21.272  22.570  -34.480 0.0000000000
80903  -22.534  20.630  -32.027 0.0000000000
105996  -21.523  21.180  -35.685 0.0000000000
110608  -22.081  21.261  -36.463 0.0000000000
81662  -23.479  21.257  -35.037 0.0000000000
81663  -24.153  20.898  -34.068 0.0000000000
79452  -23.591  18.103  -34.407 0.0000000000
125238  -24.381  19.416  -34.069 0.0000000000
108853  -24.763  19.748  -33.346 0.0000000000
110737  -25.890  19.976  -31.795 0.0000000000
79440  -26.266  18.397  -31.276 0.0000000000
78736  -26.423  17.527  -30.912 0.0000000000
113464  -23.618  14.101  -33.851 0.0000000000
76622  -24.897  14.792  -32.752 0.0000000000
78009  -25.946  15.866  -31.180 0.0000000000
77265  -26.751  16.014  -30.376 0.0000000000
76602  -27.009  15.009  -30.031 0.0000000000
75083  -27.569  12.739  -28.768 0.0000000000
73526  -25.907  10.500  -31.278 0.0000000000
74317  -26.892  11.060  -29.633 0.0000000000
69376  -23.461  5.702  -32.642 0.0000000000
69378  -24.769  5.707  -32.262 0.0000000000
69366  -25.914  5.989  -31.288 0.0000000000
67729  -25.649  3.490  -31.952 0.0000000000
68550  -26.321  5.221  -31.081 0.0000000000
69355  -26.585  6.058  -30.597 0.0000000000
70167  -27.511  6.819  -28.854 0.0000000000
117250  -27.880  6.765  -28.032 0.0000000000
60964  -24.253  -4.402  -30.535 0.0000000000
60965  -26.329  -4.208  -30.801 0.0000000000
60956  -26.671  -3.920  -30.387 0.0000000000
108036  -26.439  -2.125  -30.666 0.0000000000
64304  -26.018  -1.198  -30.079 0.0000000000
63405  -26.423  -1.934  -29.780 0.0000000000
63396  -26.756  -1.744  -28.997 0.0000000000
62536  -26.644  -2.512  -29.401 0.0000000000
55893  -23.789  -10.776  -25.355 0.0000000000
56711  -23.883  -9.929  -25.648 0.0000000000
77296  -23.288  15.765  -33.826 0.0000000000
78021  -23.788  16.302  -33.798 0.0000000000
77297  -23.829  15.548  -33.832 0.0000000000
78022  -24.284  16.082  -33.458 0.0000000000
110992  -23.912  11.144  -33.326 0.0000000000
74347  -24.348  11.659  -33.082 0.0000000000
75133  -24.776  12.135  -32.683 0.0000000000
75120  -25.381  12.131  -32.059 0.0000000000
113278  -26.428  8.468  -30.425 0.0000000000
71008  -26.648  7.903  -30.044 0.0000000000
66820  -23.684  2.348  -32.875 0.0000000000
67739  -23.852  3.043  -32.965 0.0000000000
67740  -24.416  2.797  -32.843 0.0000000000
67704  -27.510  3.775  -29.484 0.0000000000
122706  -27.843  4.238  -28.676 0.0000000000
125412  -28.101  3.587  -28.087 0.0000000000
67669  -28.351  4.205  -27.717 0.0000000000
59272  -24.462  -6.285  -28.487 0.0000000000
72713  -23.475  9.625  -33.327 0.0000000000
72714  -23.851  9.619  -33.075 0.0000000000
71878  -23.680  9.062  -32.999 0.0000000000
110194  -24.060  7.146  -32.572 0.0000000000
71034  -25.049  7.548  -31.885 0.0000000000
70222  -24.740  6.718  -32.200 0.0000000000
65194  -25.253  0.280  -31.506 0.0000000000
66025  -25.458  1.306  -31.540 0.0000000000
65195  -25.780  0.484  -31.066 0.0000000000
65185  -26.056  0.723  -30.284 0.0000000000
114605  -26.501  0.953  -29.446 0.0000000000
121463  -26.735  1.765  -29.380 0.0000000000
65991  -27.097  1.269  -28.705 0.0000000000
65166  -27.413  0.501  -28.179 0.0000000000
55082  -22.354  -10.959  -25.706 0.0000000000
55081  -21.624  -11.045  -25.905 0.0000000000
57587  -23.946  -8.073  -27.036 0.0000000000
58437  -24.324  -7.348  -27.476 0.0000000000
64335  -24.198  0.036  -32.026 0.0000000000
111858  -24.165  -2.591  -30.912 0.0000000000
62573  -25.038  -1.569  -31.171 0.0000000000
62563  -25.075  -2.413  -30.943 0.0000000000
62565  -26.116  -2.241  -31.119 0.0000000000
111114  -25.991  -2.683  -31.129 0.0000000000
82418  -22.262  22.205  -33.184 0.0000000000
124830  -21.451  21.719  -34.745 0.0000000000
80916  -22.210  19.512  -34.429 0.0000000000
110961  -22.192  20.439  -33.450 0.0000000000
81661  -21.903  20.273  -35.244 0.0000000000
80195  -23.204  19.330  -36.094 0.0000000000
80934  -23.056  19.770  -36.362 0.0000000000
80927  -23.524  20.311  -35.461 0.0000000000
80928  -24.184  19.932  -34.398 0.0000000000
125575  -22.742  16.992  -33.501 0.0000000000
78746  -24.531  17.652  -33.577 0.0000000000
79453  -24.159  18.273  -34.422 0.0000000000
80183  -24.565  18.903  -33.700 0.0000000000
80184  -25.313  19.300  -32.507 0.0000000000
118278  -25.361  17.056  -32.084 0.0000000000
78735  -25.727  17.667  -31.667 0.0000000000
78008  -25.816  16.849  -31.396 0.0000000000
75145  -23.487  12.804  -33.687 0.0000000000
108039  -23.031  12.998  -33.881 0.0000000000
76621  -24.304  14.239  -33.441 0.0000000000
76613  -25.920  14.793  -31.302 0.0000000000
77264  -26.372  15.201  -30.671 0.0000000000
77254  -27.533  15.898  -29.765 0.0000000000
75109  -26.506  12.449  -30.570 0.0000000000
76585  -26.926  14.109  -30.066 0.0000000000
75878  -27.105  13.492  -29.726 0.0000000000
75879  -27.560  13.520  -29.032 0.0000000000
127758  -27.254  12.933  -29.392 0.0000000000
72702  -24.964  9.661  -32.172 0.0000000000
73499  -26.690  10.546  -29.977 0.0000000000
118607  -27.422  11.860  -28.877 0.0000000000
74318  -27.333  11.064  -29.078 0.0000000000
117266  -27.693  8.966  -28.398 0.0000000000
116067  -22.346  4.919  -32.492 0.0000000000
115250  -24.801  3.988  -32.503 0.0000000000
68573  -24.884  4.738  -32.293 0.0000000000
69365  -25.317  5.918  -31.907 0.0000000000
117551  -25.707  5.237  -31.666 0.0000000000
117042  -25.664  2.165  -31.457 0.0000000000
66810  -25.384  2.762  -32.063 0.0000000000
66811  -25.938  2.968  -31.379 0.0000000000
68539  -27.195  4.137  -30.258 0.0000000000
108989  -26.541  4.348  -31.022 0.0000000000
68551  -27.032  5.143  -30.294 0.0000000000
70201  -27.129  6.143  -29.888 0.0000000000
70189  -27.172  6.905  -29.440 0.0000000000
115267  -27.413  6.252  -29.288 0.0000000000
69297  -28.357  5.952  -27.469 0.0000000000
70144  -28.460  6.860  -27.198 0.0000000000
60943  -25.593  -4.760  -29.065 0.0000000000
60955  -25.740  -4.285  -29.868 0.0000000000
60944  -26.156  -4.219  -28.956 0.0000000000
71057  -23.331  8.283  -33.029 0.0000000000
125504  -23.036  7.335  -32.938 0.0000000000
70220  -23.764  6.450  -32.621 0.0000000000
64312  -25.915  -0.349  -30.618 0.0000000000
63397  -27.188  -1.266  -28.395 0.0000000000
57586  -23.123  -8.419  -27.294 0.0000000000
56728  -24.092  -9.161  -25.976 0.0000000000
63439  -23.617  -1.161  -31.651 0.0000000000
63427  -23.157  -1.698  -31.450 0.0000000000
62562  -23.399  -2.457  -31.118 0.0000000000
61764  -23.659  -3.198  -30.878 0.0000000000
80926  -22.484  19.632  -35.980 0.0000000000
80190  -22.665  18.846  -35.185 0.0000000000
80194  -22.960  19.126  -35.979 0.0000000000
79457  -23.112  18.604  -35.260 0.0000000000
78752  -23.742  17.103  -33.931 0.0000000000
120375  -24.816  16.767  -32.922 0.0000000000
75908  -24.483  13.428  -33.147 0.0000000000
118634  -25.031  12.943  -32.544 0.0000000000
119988  -25.452  13.550  -32.078 0.0000000000
113279  -25.960  13.732  -31.339 0.0000000000
75898  -26.198  12.909  -31.113 0.0000000000
118338  -26.437  11.751  -30.619 0.0000000000
71855  -25.344  8.909  -31.665 0.0000000000
72691  -26.254  9.797  -30.780 0.0000000000
117546  -25.991  9.075  -30.866 0.0000000000
71845  -26.568  9.165  -30.242 0.0000000000
117584  -26.899  9.332  -29.517 0.0000000000
72656  -27.437  9.545  -28.900 0.0000000000
119129  -27.166  8.156  -29.208 0.0000000000
71814  -27.476  8.211  -28.772 0.0000000000
68571  -23.605  4.275  -32.680 0.0000000000
67738  -23.423  3.548  -32.834 0.0000000000
112356  -24.238  3.603  -32.732 0.0000000000
117041  -25.341  4.003  -32.255 0.0000000000
66782  -26.828  2.524  -29.925 0.0000000000
66799  -26.618  3.108  -30.752 0.0000000000
67703  -27.178  3.355  -30.151 0.0000000000
109277  -27.732  5.069  -28.923 0.0000000000
68495  -28.568  4.983  -27.097 0.0000000000
69298  -29.128  5.689  -26.408 0.0000000000
59271  -23.402  -6.622  -28.762 0.0000000000
59282  -23.999  -6.129  -29.018 0.0000000000
126098  -23.827  -5.799  -29.452 0.0000000000
60134  -24.345  -5.348  -29.623 0.0000000000
60143  -24.330  -4.794  -30.215 0.0000000000
60135  -25.083  -4.991  -29.435 0.0000000000
60124  -25.303  -5.380  -28.659 0.0000000000
120823  -23.604  10.793  -33.420 0.0000000000
118023  -24.469  10.858  -32.827 0.0000000000
73535  -24.570  10.186  -32.612 0.0000000000
72701  -24.351  9.608  -32.694 0.0000000000
124858  -24.737  9.065  -32.327 0.0000000000
71047  -23.754  8.223  -32.795 0.0000000000
123515  -25.347  8.141  -31.598 0.0000000000
71035  -25.656  7.553  -31.237 0.0000000000
66039  -24.497  1.356  -32.394 0.0000000000
66822  -24.907  2.468  -32.558 0.0000000000
66002  -27.152  2.218  -28.990 0.0000000000
66769  -27.604  2.605  -28.550 0.0000000000
67668  -28.012  2.884  -27.991 0.0000000000
66753  -27.846  2.249  -27.972 0.0000000000
55067  -22.058  -11.697  -25.476 0.0000000000
58447  -23.082  -7.281  -28.422 0.0000000000
59259  -24.709  -6.655  -27.851 0.0000000000
66038  -23.893  1.441  -32.610 0.0000000000
114163  -24.168  0.793  -32.335 0.0000000000
65204  -24.650  0.603  -31.973 0.0000000000
63440  -24.367  -0.894  -31.628 0.0000000000
63441  -25.059  -1.059  -31.355 0.0000000000
64322  -25.386  -0.879  -31.275 0.0000000000
63429  -25.942  -1.633  -31.073 0.0000000000
62553  -26.579  -2.453  -31.025 0.0000000000
83148  -22.002  23.344  -33.044 0.0000000000
81651  -21.872  21.108  -34.159 0.0000000000
82430  -21.026  22.041  -35.800 0.0000000000
81672  -22.683  20.573  -36.223 0.0000000000
82432  -23.700  22.295  -34.473 0.0000000000
82419  -24.373  21.809  -33.684 0.0000000000
81652  -24.824  21.339  -33.146 0.0000000000
79458  -23.543  18.872  -35.417 0.0000000000
80191  -24.052  19.082  -34.932 0.0000000000
80917  -24.790  20.577  -33.244 0.0000000000
115951  -25.469  21.182  -32.483 0.0000000000
80918  -25.416  20.292  -32.461 0.0000000000
80170  -26.563  20.036  -31.247 0.0000000000
79439  -25.539  18.458  -32.026 0.0000000000
80169  -26.070  19.241  -31.547 0.0000000000
76632  -23.129  14.369  -34.087 0.0000000000
76633  -23.771  14.781  -33.892 0.0000000000
77286  -24.342  15.212  -33.441 0.0000000000
114339  -24.939  13.876  -32.676 0.0000000000
77279  -25.446  15.299  -32.045 0.0000000000
119774  -26.336  16.654  -30.806 0.0000000000
77995  -26.963  16.980  -30.396 0.0000000000
76587  -28.163  14.766  -29.035 0.0000000000
76570  -28.239  14.125  -28.696 0.0000000000
74337  -25.617  11.302  -31.685 0.0000000000
74338  -26.203  11.211  -30.984 0.0000000000
73513  -26.412  10.502  -30.593 0.0000000000
74327  -26.567  11.146  -30.290 0.0000000000
118339  -26.775  11.842  -29.951 0.0000000000
75100  -27.166  12.259  -29.400 0.0000000000
72657  -28.219  9.824  -28.249 0.0000000000
69375  -22.716  5.684  -32.648 0.0000000000
123913  -23.748  4.975  -32.558 0.0000000000
69377  -24.176  5.474  -32.447 0.0000000000
70212  -26.074  6.843  -30.859 0.0000000000
116412  -25.907  4.099  -31.750 0.0000000000
67730  -26.290  3.624  -31.323 0.0000000000
68562  -26.010  4.670  -31.545 0.0000000000
70188  -26.714  7.045  -30.117 0.0000000000
70984  -27.335  7.557  -29.068 0.0000000000
70985  -27.629  7.538  -28.415 0.0000000000
60971  -23.988  -3.854  -30.709 0.0000000000
60972  -24.926  -3.940  -30.773 0.0000000000
109546  -25.181  -4.309  -30.563 0.0000000000
60973  -25.959  -4.058  -31.015 0.0000000000
60974  -26.868  -4.046  -31.130 0.0000000000
61747  -27.118  -3.674  -30.860 0.0000000000
109945  -26.538  -3.243  -30.004 0.0000000000
60966  -27.088  -4.031  -31.033 0.0000000000
61756  -27.076  -3.471  -31.069 0.0000000000
61766  -25.512  -3.317  -31.014 0.0000000000
61767  -26.407  -3.426  -31.198 0.0000000000
62564  -25.669  -2.062  -31.062 0.0000000000
63438  -22.887  -0.997  -31.852 0.0000000000
71867  -24.837  8.374  -32.131 0.0000000000
73546  -23.561  10.253  -33.385 0.0000000000
78020  -23.146  16.579  -33.671 0.0000000000
80196  -23.577  19.522  -35.656 0.0000000000
80933  -22.662  19.916  -36.352 0.0000000000
116531  -24.800  1.855  -32.430 0.0000000000
118606  -27.120  11.591  -29.406 0.0000000000
122642  -23.235  -3.712  -30.812 0.0000000000
123327  -25.228  5.210  -32.054 0.0000000000
125507  -24.542  18.269  -33.714 0.0000000000
