#!ascii label  , from subject sub-p007 vox2ras=TkReg
287
108632  41.242  -48.143  -15.252 0.0000000000
109581  44.272  -51.376  -21.345 0.0000000000
23389  48.267  -49.803  -13.601 0.0000000000
26244  43.519  -47.489  -18.146 0.0000000000
20649  45.079  -53.561  -15.707 0.0000000000
22490  48.511  -50.821  -15.532 0.0000000000
18797  46.997  -55.147  -14.499 0.0000000000
24413  43.982  -49.472  -20.149 0.0000000000
24418  38.821  -49.121  -20.558 0.0000000000
24360  44.208  -49.316  -14.443 0.0000000000
26204  46.865  -47.616  -15.821 0.0000000000
24383  45.275  -49.275  -17.071 0.0000000000
22514  43.512  -51.246  -17.725 0.0000000000
19737  42.336  -54.583  -16.826 0.0000000000
25264  38.262  -49.051  -14.147 0.0000000000
23367  43.063  -50.597  -12.080 0.0000000000
108974  45.764  -50.696  -10.908 0.0000000000
26241  38.093  -47.103  -18.031 0.0000000000
19712  48.188  -54.047  -13.633 0.0000000000
23451  44.575  -49.963  -20.435 0.0000000000
23453  41.902  -50.713  -20.655 0.0000000000
24338  46.598  -49.570  -13.749 0.0000000000
24357  47.644  -48.903  -14.466 0.0000000000
119539  46.671  -51.751  -15.696 0.0000000000
117677  47.433  -49.858  -16.122 0.0000000000
22492  45.677  -51.362  -16.026 0.0000000000
23428  44.501  -50.232  -17.014 0.0000000000
21590  43.939  -51.945  -16.467 0.0000000000
20679  41.854  -53.791  -18.610 0.0000000000
23312  43.629  -50.370  -10.366 0.0000000000
111157  44.452  -50.583  -11.035 0.0000000000
23295  44.842  -50.245  -9.201 0.0000000000
27139  43.337  -46.653  -16.903 0.0000000000
26247  40.372  -47.975  -18.255 0.0000000000
27172  39.276  -46.547  -21.859 0.0000000000
27160  38.041  -46.516  -20.779 0.0000000000
23362  49.332  -50.962  -12.578 0.0000000000
24335  49.143  -49.842  -14.513 0.0000000000
124919  49.217  -52.167  -14.132 0.0000000000
125961  48.312  -52.955  -14.550 0.0000000000
19724  46.577  -54.607  -15.044 0.0000000000
25331  43.736  -48.474  -19.203 0.0000000000
25334  40.313  -48.973  -19.096 0.0000000000
24416  40.297  -50.132  -20.273 0.0000000000
25369  39.358  -49.025  -21.931 0.0000000000
21626  45.745  -52.002  -21.415 0.0000000000
25278  42.951  -48.595  -15.150 0.0000000000
27095  44.462  -47.003  -15.767 0.0000000000
26235  44.644  -47.282  -17.414 0.0000000000
24380  48.031  -48.782  -15.941 0.0000000000
25303  46.297  -47.747  -16.796 0.0000000000
25321  44.726  -47.802  -17.893 0.0000000000
121008  44.643  -48.949  -18.381 0.0000000000
23443  44.561  -49.420  -18.863 0.0000000000
22517  44.580  -50.136  -19.132 0.0000000000
20660  43.378  -53.625  -16.320 0.0000000000
126656  42.665  -52.708  -17.398 0.0000000000
21610  43.534  -51.944  -19.052 0.0000000000
21609  45.459  -51.298  -19.959 0.0000000000
26196  38.610  -46.872  -14.797 0.0000000000
25281  39.565  -48.464  -14.742 0.0000000000
23396  40.777  -50.292  -13.168 0.0000000000
128169  41.573  -49.550  -14.543 0.0000000000
24341  43.416  -49.994  -13.938 0.0000000000
23392  45.164  -50.376  -13.096 0.0000000000
23335  47.164  -50.602  -11.901 0.0000000000
23308  47.989  -50.927  -9.766 0.0000000000
122735  48.585  -51.045  -11.228 0.0000000000
26253  38.071  -48.016  -19.623 0.0000000000
112969  40.159  -46.766  -15.288 0.0000000000
27079  39.913  -46.017  -15.503 0.0000000000
26194  40.766  -47.345  -15.311 0.0000000000
23461  45.026  -50.458  -20.594 0.0000000000
23463  42.435  -51.188  -21.165 0.0000000000
24337  47.462  -49.523  -13.785 0.0000000000
120803  47.034  -49.070  -14.236 0.0000000000
128448  48.072  -49.289  -14.188 0.0000000000
119850  45.717  -53.129  -15.623 0.0000000000
21577  45.597  -52.195  -15.797 0.0000000000
22493  44.799  -51.611  -16.197 0.0000000000
21578  44.662  -52.662  -15.974 0.0000000000
18864  41.569  -55.034  -19.307 0.0000000000
119936  44.511  -50.381  -10.120 0.0000000000
26236  42.947  -47.027  -17.545 0.0000000000
26237  41.962  -47.071  -17.557 0.0000000000
26246  41.469  -47.713  -18.186 0.0000000000
28063  39.316  -45.728  -21.670 0.0000000000
21561  49.500  -51.617  -13.731 0.0000000000
21551  49.143  -52.482  -13.417 0.0000000000
19713  47.623  -54.576  -14.147 0.0000000000
20634  48.028  -53.720  -14.357 0.0000000000
19723  47.321  -54.183  -14.714 0.0000000000
24406  43.273  -49.104  -19.677 0.0000000000
24407  42.014  -49.406  -19.645 0.0000000000
24415  41.355  -50.172  -20.145 0.0000000000
23455  39.951  -50.340  -21.102 0.0000000000
24442  40.084  -49.587  -22.465 0.0000000000
26282  39.426  -47.981  -22.192 0.0000000000
24361  43.166  -49.349  -14.641 0.0000000000
25277  43.932  -48.639  -14.994 0.0000000000
27138  44.222  -46.802  -16.888 0.0000000000
26220  45.930  -47.290  -16.550 0.0000000000
23414  49.215  -50.052  -15.120 0.0000000000
24371  48.726  -49.462  -15.265 0.0000000000
23415  48.737  -49.933  -15.523 0.0000000000
114425  46.339  -49.557  -16.508 0.0000000000
24381  47.418  -48.799  -16.339 0.0000000000
24382  46.407  -48.487  -16.823 0.0000000000
24398  45.666  -48.156  -17.360 0.0000000000
114433  45.096  -48.039  -17.741 0.0000000000
24401  44.566  -48.387  -18.340 0.0000000000
24399  44.945  -48.644  -17.788 0.0000000000
23429  43.988  -50.682  -17.360 0.0000000000
126455  44.426  -49.511  -18.217 0.0000000000
23444  44.078  -50.177  -18.126 0.0000000000
22518  43.805  -51.005  -18.534 0.0000000000
16007  43.135  -58.343  -16.572 0.0000000000
18849  41.952  -55.490  -17.017 0.0000000000
17858  42.837  -56.434  -16.461 0.0000000000
18837  42.876  -55.366  -16.390 0.0000000000
19736  43.127  -54.493  -16.311 0.0000000000
20661  42.628  -53.773  -16.780 0.0000000000
116249  42.135  -53.986  -17.254 0.0000000000
20687  42.277  -53.405  -19.069 0.0000000000
21611  42.668  -52.632  -18.666 0.0000000000
20686  43.021  -52.966  -19.373 0.0000000000
20685  44.625  -51.880  -19.653 0.0000000000
25283  38.065  -48.011  -14.478 0.0000000000
128556  38.818  -48.495  -14.530 0.0000000000
25282  39.088  -47.683  -14.793 0.0000000000
24365  39.120  -49.192  -14.312 0.0000000000
23368  42.086  -50.514  -12.213 0.0000000000
23369  41.175  -50.450  -12.268 0.0000000000
23395  41.701  -50.369  -13.199 0.0000000000
24343  41.242  -50.036  -13.989 0.0000000000
23394  42.690  -50.424  -13.177 0.0000000000
24342  42.282  -49.950  -14.123 0.0000000000
23336  45.261  -50.641  -11.508 0.0000000000
116954  44.628  -50.600  -12.126 0.0000000000
23366  45.652  -50.532  -12.421 0.0000000000
23365  46.596  -50.403  -12.604 0.0000000000
107923  46.175  -50.646  -11.764 0.0000000000
23291  48.881  -51.260  -8.340 0.0000000000
23307  48.912  -51.353  -9.293 0.0000000000
121274  48.704  -51.274  -10.338 0.0000000000
24410  39.179  -49.311  -19.929 0.0000000000
25335  39.353  -48.968  -19.356 0.0000000000
25336  38.666  -48.783  -19.757 0.0000000000
28052  37.828  -45.730  -20.471 0.0000000000
24414  42.629  -49.873  -20.160 0.0000000000
24359  45.276  -49.204  -14.349 0.0000000000
25276  44.941  -48.550  -14.863 0.0000000000
24358  46.286  -49.058  -14.299 0.0000000000
25289  47.271  -48.040  -15.483 0.0000000000
124845  47.906  -51.729  -15.449 0.0000000000
22491  47.555  -50.846  -15.778 0.0000000000
22500  46.444  -50.660  -16.096 0.0000000000
22501  45.211  -50.520  -16.468 0.0000000000
22502  44.215  -51.069  -16.727 0.0000000000
121185  43.556  -51.523  -17.057 0.0000000000
19743  41.791  -54.568  -17.494 0.0000000000
19748  41.571  -54.527  -18.430 0.0000000000
19755  41.865  -54.181  -19.276 0.0000000000
112736  43.098  -50.490  -11.059 0.0000000000
23337  43.776  -50.561  -11.489 0.0000000000
23311  45.356  -50.490  -10.087 0.0000000000
26238  40.940  -47.217  -17.590 0.0000000000
26248  39.334  -48.035  -18.261 0.0000000000
25355  38.855  -48.323  -21.545 0.0000000000
26274  38.352  -47.884  -21.071 0.0000000000
27173  38.666  -46.508  -21.398 0.0000000000
28904  38.952  -45.147  -21.280 0.0000000000
23363  48.589  -50.455  -12.780 0.0000000000
24336  48.626  -49.537  -14.298 0.0000000000
112691  49.488  -50.887  -13.579 0.0000000000
22473  49.500  -50.811  -14.338 0.0000000000
22474  49.326  -51.393  -14.636 0.0000000000
21562  48.834  -52.279  -14.611 0.0000000000
20645  48.227  -52.460  -15.010 0.0000000000
21575  47.335  -52.636  -15.331 0.0000000000
20647  46.765  -53.568  -15.261 0.0000000000
25324  43.136  -48.009  -18.733 0.0000000000
25325  42.041  -48.217  -18.671 0.0000000000
25333  41.459  -48.871  -19.157 0.0000000000
24408  40.828  -49.593  -19.632 0.0000000000
24417  39.526  -49.721  -20.438 0.0000000000
23454  40.827  -50.716  -20.798 0.0000000000
123840  38.902  -48.960  -21.268 0.0000000000
27183  39.647  -47.021  -22.275 0.0000000000
22534  45.421  -51.163  -20.774 0.0000000000
25279  42.013  -48.379  -15.238 0.0000000000
26193  41.738  -47.421  -15.401 0.0000000000
26203  47.318  -47.874  -16.033 0.0000000000
23427  48.134  -49.380  -15.871 0.0000000000
26219  46.690  -47.561  -16.279 0.0000000000
25320  45.430  -47.593  -17.230 0.0000000000
26243  44.233  -47.503  -17.976 0.0000000000
25323  44.137  -47.969  -18.573 0.0000000000
25330  44.308  -48.571  -19.002 0.0000000000
24405  44.244  -49.008  -19.540 0.0000000000
23441  44.494  -49.652  -17.675 0.0000000000
24404  44.498  -49.104  -19.165 0.0000000000
24412  44.814  -49.514  -19.934 0.0000000000
23450  45.255  -49.977  -20.180 0.0000000000
23447  45.339  -50.231  -20.162 0.0000000000
19725  45.831  -54.958  -15.285 0.0000000000
16904  42.582  -57.372  -16.779 0.0000000000
19727  44.003  -54.403  -15.919 0.0000000000
20650  44.264  -53.561  -15.962 0.0000000000
21579  43.679  -52.790  -16.361 0.0000000000
21591  42.897  -52.874  -16.868 0.0000000000
21602  43.002  -52.136  -17.418 0.0000000000
20678  42.175  -53.216  -18.275 0.0000000000
21603  42.547  -52.593  -17.889 0.0000000000
22515  43.031  -51.886  -18.180 0.0000000000
22522  44.557  -50.995  -19.364 0.0000000000
22525  45.554  -51.083  -20.387 0.0000000000
27080  38.141  -46.029  -14.847 0.0000000000
118579  37.562  -47.032  -14.566 0.0000000000
113748  39.918  -47.572  -15.072 0.0000000000
25280  40.492  -48.487  -15.011 0.0000000000
23370  40.293  -50.347  -12.297 0.0000000000
111187  39.534  -49.820  -13.854 0.0000000000
24364  39.970  -49.276  -14.494 0.0000000000
122603  40.820  -49.430  -14.573 0.0000000000
24363  41.363  -48.930  -15.024 0.0000000000
24362  42.214  -49.209  -14.877 0.0000000000
24340  44.529  -49.985  -13.715 0.0000000000
122460  43.873  -50.546  -12.345 0.0000000000
127943  44.357  -50.462  -12.923 0.0000000000
23391  46.102  -50.182  -13.194 0.0000000000
23390  46.889  -49.991  -13.259 0.0000000000
23364  47.583  -50.248  -12.892 0.0000000000
107920  47.776  -50.951  -10.971 0.0000000000
23334  48.131  -50.649  -11.948 0.0000000000
120922  40.325  -48.485  -18.677 0.0000000000
25328  38.752  -48.385  -18.919 0.0000000000
26249  38.099  -47.614  -18.704 0.0000000000
26261  37.914  -47.377  -20.398 0.0000000000
26250  37.602  -47.096  -19.518 0.0000000000
20646  47.722  -53.300  -14.875 0.0000000000
20671  41.852  -53.843  -17.892 0.0000000000
21576  46.406  -52.678  -15.555 0.0000000000
21592  42.349  -53.258  -17.444 0.0000000000
22488  49.374  -50.586  -14.841 0.0000000000
22489  49.151  -50.701  -15.206 0.0000000000
22521  45.305  -50.410  -19.854 0.0000000000
22526  45.376  -50.425  -20.296 0.0000000000
23387  49.372  -50.362  -14.215 0.0000000000
23388  49.081  -50.187  -13.661 0.0000000000
23393  43.644  -50.437  -13.100 0.0000000000
23406  49.346  -50.203  -14.720 0.0000000000
23416  48.180  -50.129  -15.783 0.0000000000
23426  48.390  -49.283  -15.630 0.0000000000
23448  45.020  -49.767  -19.820 0.0000000000
23462  43.800  -50.829  -20.999 0.0000000000
24339  45.660  -49.732  -13.747 0.0000000000
24344  40.365  -49.954  -13.956 0.0000000000
24370  49.143  -49.744  -14.939 0.0000000000
24372  48.271  -48.956  -15.579 0.0000000000
24409  39.837  -49.547  -19.748 0.0000000000
24425  39.280  -49.589  -21.174 0.0000000000
24426  38.548  -48.570  -21.010 0.0000000000
25273  47.801  -48.493  -15.054 0.0000000000
25288  47.809  -48.458  -15.687 0.0000000000
25301  47.613  -48.289  -16.132 0.0000000000
25302  47.068  -48.015  -16.440 0.0000000000
25326  40.989  -48.382  -18.665 0.0000000000
25327  39.698  -48.536  -18.722 0.0000000000
25332  42.640  -48.626  -19.236 0.0000000000
26221  45.088  -47.033  -16.770 0.0000000000
26239  39.883  -47.414  -17.645 0.0000000000
26245  42.515  -47.563  -18.176 0.0000000000
26273  38.884  -47.351  -21.667 0.0000000000
27078  40.668  -46.398  -15.545 0.0000000000
27119  44.484  -46.741  -16.247 0.0000000000
28064  38.483  -45.770  -21.098 0.0000000000
110155  38.288  -47.144  -21.098 0.0000000000
110168  38.313  -48.330  -20.419 0.0000000000
110739  43.846  -47.078  -17.518 0.0000000000
114640  48.785  -51.593  -15.144 0.0000000000
118428  49.416  -52.094  -12.937 0.0000000000
122529  45.039  -50.568  -10.722 0.0000000000
124153  39.670  -49.883  -21.740 0.0000000000
125983  43.342  -52.221  -16.816 0.0000000000
126874  43.802  -52.565  -19.571 0.0000000000
127839  38.697  -47.945  -18.419 0.0000000000
