#!ascii label  , from subject sub-p007 vox2ras=TkReg
214
72420  28.145  6.751  -30.560 0.0000000000
115393  26.656  -1.891  -28.668 0.0000000000
76304  27.572  11.726  -32.937 0.0000000000
82401  25.479  19.287  -35.975 0.0000000000
63481  24.962  -4.104  -29.314 0.0000000000
78571  28.581  14.184  -31.610 0.0000000000
80175  28.356  16.891  -31.921 0.0000000000
70620  25.823  4.837  -32.272 0.0000000000
68916  27.199  2.527  -30.343 0.0000000000
70589  28.709  4.887  -29.570 0.0000000000
74826  29.265  9.385  -29.215 0.0000000000
73251  29.790  7.518  -28.136 0.0000000000
125810  27.498  9.191  -31.766 0.0000000000
76287  29.148  11.584  -30.194 0.0000000000
80908  26.173  17.139  -36.339 0.0000000000
81633  27.595  18.548  -33.741 0.0000000000
67339  28.021  0.260  -28.838 0.0000000000
79428  28.120  15.062  -32.948 0.0000000000
119465  27.913  15.743  -33.410 0.0000000000
71505  27.002  5.917  -31.643 0.0000000000
70598  27.704  4.642  -30.561 0.0000000000
71493  28.233  5.925  -30.397 0.0000000000
64996  25.604  -2.989  -29.524 0.0000000000
75597  28.028  10.544  -31.848 0.0000000000
75585  28.528  10.630  -30.925 0.0000000000
77001  28.598  11.965  -31.451 0.0000000000
79418  28.869  15.679  -30.979 0.0000000000
78562  29.500  14.288  -30.277 0.0000000000
82394  24.749  19.100  -35.144 0.0000000000
80195  25.670  16.773  -36.015 0.0000000000
81640  26.010  17.933  -36.420 0.0000000000
84577  27.614  21.864  -34.793 0.0000000000
83128  28.035  20.862  -34.063 0.0000000000
126876  27.415  19.257  -34.184 0.0000000000
83121  28.604  20.336  -33.317 0.0000000000
81626  29.116  18.974  -32.033 0.0000000000
68905  28.498  2.357  -29.049 0.0000000000
68123  27.208  1.280  -29.911 0.0000000000
63483  23.425  -4.840  -30.048 0.0000000000
77011  28.493  12.798  -31.810 0.0000000000
78579  28.225  14.273  -32.604 0.0000000000
79419  28.395  14.982  -31.811 0.0000000000
80167  28.807  16.713  -31.278 0.0000000000
68929  25.805  2.704  -31.611 0.0000000000
69745  26.390  3.378  -31.402 0.0000000000
69725  27.631  3.810  -30.316 0.0000000000
69712  28.753  3.256  -29.033 0.0000000000
115954  28.679  8.588  -29.891 0.0000000000
73267  28.940  7.134  -29.637 0.0000000000
74055  29.440  8.663  -28.816 0.0000000000
121797  27.162  7.386  -31.823 0.0000000000
73315  26.933  7.980  -32.195 0.0000000000
73299  27.751  8.132  -31.158 0.0000000000
74836  28.422  9.193  -30.481 0.0000000000
118003  28.967  10.846  -30.059 0.0000000000
76982  29.749  12.111  -29.170 0.0000000000
77010  28.848  12.756  -30.917 0.0000000000
77745  29.621  13.283  -29.853 0.0000000000
80193  27.026  16.031  -35.539 0.0000000000
82393  26.054  19.370  -35.905 0.0000000000
82392  26.830  19.560  -35.066 0.0000000000
81634  27.143  17.743  -34.879 0.0000000000
80900  27.361  16.992  -34.607 0.0000000000
80893  28.214  17.450  -32.367 0.0000000000
80887  28.775  17.541  -31.600 0.0000000000
65773  25.556  -1.121  -30.681 0.0000000000
67375  26.175  1.035  -30.938 0.0000000000
72387  29.507  6.070  -28.678 0.0000000000
71464  29.581  5.187  -28.527 0.0000000000
126201  27.937  15.044  -34.043 0.0000000000
119345  27.575  15.488  -34.668 0.0000000000
72421  27.567  6.151  -31.031 0.0000000000
61783  22.725  -6.063  -29.189 0.0000000000
62612  23.551  -5.902  -29.001 0.0000000000
65002  25.966  -2.236  -29.383 0.0000000000
75606  27.498  10.964  -32.686 0.0000000000
76296  28.449  11.182  -31.440 0.0000000000
76303  28.118  11.419  -32.154 0.0000000000
80166  29.538  16.568  -30.730 0.0000000000
79409  29.765  15.747  -30.368 0.0000000000
82402  25.134  18.931  -35.835 0.0000000000
81635  24.972  18.128  -35.080 0.0000000000
81646  25.464  18.172  -36.165 0.0000000000
119976  25.724  18.673  -36.213 0.0000000000
83113  29.394  20.162  -32.715 0.0000000000
68110  28.571  1.500  -28.787 0.0000000000
65009  24.446  -2.759  -31.268 0.0000000000
118318  28.166  12.911  -32.640 0.0000000000
77773  27.917  13.504  -33.345 0.0000000000
119478  28.259  15.962  -32.074 0.0000000000
83131  24.573  20.178  -34.878 0.0000000000
69746  25.645  3.440  -31.859 0.0000000000
70609  26.270  4.313  -31.751 0.0000000000
69732  28.215  4.331  -29.942 0.0000000000
69724  28.160  3.438  -29.679 0.0000000000
70574  28.704  4.079  -29.351 0.0000000000
63482  24.244  -4.585  -29.805 0.0000000000
63475  24.646  -4.793  -28.909 0.0000000000
119931  29.070  8.783  -29.396 0.0000000000
119146  29.146  7.984  -29.363 0.0000000000
72434  26.555  6.289  -32.182 0.0000000000
74858  27.137  9.369  -32.226 0.0000000000
74091  27.318  8.629  -31.829 0.0000000000
74090  27.879  9.021  -31.239 0.0000000000
75584  28.788  11.388  -30.772 0.0000000000
76276  29.405  11.471  -29.568 0.0000000000
118591  29.401  12.128  -29.884 0.0000000000
77763  28.718  13.478  -31.265 0.0000000000
78552  29.832  13.962  -29.815 0.0000000000
77744  30.102  13.456  -29.335 0.0000000000
80206  25.871  16.864  -36.319 0.0000000000
80194  26.167  16.390  -36.153 0.0000000000
80907  26.764  16.921  -35.877 0.0000000000
116482  27.647  21.223  -34.631 0.0000000000
83130  26.408  20.280  -35.461 0.0000000000
82386  28.038  19.471  -33.358 0.0000000000
81628  27.551  17.718  -33.828 0.0000000000
80894  27.765  17.199  -33.362 0.0000000000
81627  27.956  18.042  -32.899 0.0000000000
81622  28.602  18.245  -32.065 0.0000000000
81621  29.472  18.262  -31.513 0.0000000000
65780  24.931  -1.228  -31.399 0.0000000000
68917  26.517  2.563  -31.026 0.0000000000
68149  25.854  1.823  -31.366 0.0000000000
68135  26.711  1.747  -30.548 0.0000000000
67349  27.598  0.760  -29.390 0.0000000000
67350  26.959  0.559  -29.878 0.0000000000
66521  27.243  -0.111  -29.326 0.0000000000
73252  29.462  7.071  -28.903 0.0000000000
72405  29.090  6.320  -29.370 0.0000000000
78580  27.938  14.372  -33.822 0.0000000000
71506  26.431  5.366  -31.955 0.0000000000
70608  27.180  5.108  -31.285 0.0000000000
115968  27.800  5.391  -30.680 0.0000000000
70597  28.279  5.133  -30.189 0.0000000000
64275  25.198  -3.558  -29.687 0.0000000000
64269  25.566  -3.549  -28.967 0.0000000000
64264  26.534  -3.220  -27.771 0.0000000000
125300  29.441  10.008  -29.034 0.0000000000
74819  29.562  9.539  -28.595 0.0000000000
75598  27.192  10.207  -32.548 0.0000000000
74847  27.665  9.702  -31.789 0.0000000000
74846  28.224  9.840  -31.116 0.0000000000
77000  29.056  12.083  -30.588 0.0000000000
120012  28.787  14.772  -31.077 0.0000000000
78570  29.008  14.173  -30.826 0.0000000000
119074  29.327  14.916  -30.533 0.0000000000
78561  30.046  14.915  -29.895 0.0000000000
80909  25.636  17.446  -36.178 0.0000000000
83892  28.301  21.556  -34.333 0.0000000000
83122  27.649  20.037  -34.052 0.0000000000
114879  28.346  18.856  -32.692 0.0000000000
82381  28.862  19.603  -32.643 0.0000000000
68906  27.851  2.565  -29.676 0.0000000000
114569  27.365  1.954  -29.954 0.0000000000
68122  27.886  1.629  -29.375 0.0000000000
67348  28.160  0.965  -28.962 0.0000000000
62621  23.106  -5.489  -29.643 0.0000000000
63490  22.939  -4.338  -30.544 0.0000000000
64283  24.147  -3.518  -30.985 0.0000000000
64282  25.032  -3.150  -30.412 0.0000000000
65003  25.527  -2.526  -30.044 0.0000000000
65764  25.704  -1.801  -30.167 0.0000000000
77019  28.149  12.219  -32.408 0.0000000000
77764  28.369  13.520  -32.206 0.0000000000
82395  24.849  19.683  -35.366 0.0000000000
112881  25.087  19.790  -35.672 0.0000000000
69733  27.072  3.240  -30.703 0.0000000000
69744  27.045  4.079  -31.010 0.0000000000
125334  27.590  3.115  -30.131 0.0000000000
127484  28.337  2.901  -29.372 0.0000000000
68892  29.143  2.640  -28.583 0.0000000000
73283  28.168  7.576  -30.604 0.0000000000
73268  28.540  7.146  -30.173 0.0000000000
74065  28.612  7.811  -30.018 0.0000000000
124913  29.515  7.880  -28.721 0.0000000000
74054  29.768  8.929  -28.059 0.0000000000
125191  29.710  8.224  -28.253 0.0000000000
72433  27.130  6.688  -31.711 0.0000000000
73284  27.582  7.232  -31.178 0.0000000000
73300  27.358  7.870  -31.645 0.0000000000
74076  28.276  8.389  -30.569 0.0000000000
74827  28.804  9.336  -29.769 0.0000000000
75574  28.635  9.990  -30.300 0.0000000000
114383  29.095  10.047  -29.588 0.0000000000
75568  29.439  10.725  -29.192 0.0000000000
76270  29.702  11.413  -28.859 0.0000000000
77755  29.259  13.515  -30.436 0.0000000000
118711  29.320  12.746  -30.202 0.0000000000
76993  29.715  12.757  -29.546 0.0000000000
83136  25.649  20.009  -35.744 0.0000000000
118918  26.361  18.631  -35.968 0.0000000000
81639  26.608  17.773  -35.999 0.0000000000
82387  26.927  18.582  -34.940 0.0000000000
80184  27.656  16.348  -34.062 0.0000000000
80176  27.997  16.608  -32.805 0.0000000000
80886  29.490  17.399  -31.071 0.0000000000
128778  25.249  -1.725  -30.916 0.0000000000
65763  26.325  -1.462  -29.475 0.0000000000
67376  25.442  0.954  -31.484 0.0000000000
68124  26.698  1.012  -30.345 0.0000000000
67363  25.754  0.303  -31.087 0.0000000000
66531  26.040  -0.395  -30.432 0.0000000000
66522  26.542  -0.692  -29.678 0.0000000000
72406  28.624  6.494  -29.981 0.0000000000
71480  28.669  5.703  -29.761 0.0000000000
71479  29.155  5.460  -29.176 0.0000000000
70588  29.170  4.634  -28.989 0.0000000000
121692  29.124  3.931  -28.839 0.0000000000
61784  22.074  -6.140  -29.110 0.0000000000
64268  25.940  -3.556  -28.281 0.0000000000
64276  24.590  -3.900  -30.172 0.0000000000
65772  26.034  -1.102  -30.058 0.0000000000
119747  25.314  2.229  -31.672 0.0000000000
