#!ascii label  , from subject sub-s017 vox2ras=TkReg
401
73758  -19.433  11.508  -31.394 0.0000000000
70234  -17.682  6.931  -29.676 0.0000000000
130027  -23.639  7.008  -31.533 0.0000000000
65852  -21.577  2.875  -31.338 0.0000000000
83969  -19.190  23.665  -31.985 0.0000000000
80540  -20.195  19.960  -31.868 0.0000000000
77120  -15.221  15.779  -28.870 0.0000000000
62135  -20.615  -1.167  -29.854 0.0000000000
68494  -19.870  4.917  -30.560 0.0000000000
118004  -18.412  2.933  -29.638 0.0000000000
122666  -19.785  21.472  -32.307 0.0000000000
80507  -17.203  19.986  -30.385 0.0000000000
72878  -16.293  11.199  -29.288 0.0000000000
75396  -14.125  13.521  -28.225 0.0000000000
75426  -17.182  13.419  -30.426 0.0000000000
77167  -19.289  15.680  -32.267 0.0000000000
75462  -20.756  13.424  -32.255 0.0000000000
73762  -21.974  11.478  -31.636 0.0000000000
71137  -15.438  8.159  -29.030 0.0000000000
72031  -18.019  9.473  -30.053 0.0000000000
72040  -21.379  9.753  -31.585 0.0000000000
69383  -20.330  6.985  -31.033 0.0000000000
68505  -22.544  5.317  -31.649 0.0000000000
64927  -24.718  2.854  -31.244 0.0000000000
79655  -14.137  18.533  -27.630 0.0000000000
78834  -17.535  17.810  -31.157 0.0000000000
78842  -21.718  17.881  -32.171 0.0000000000
64905  -18.529  1.491  -29.585 0.0000000000
123869  -20.265  1.463  -30.486 0.0000000000
67567  -17.698  4.278  -29.396 0.0000000000
65836  -17.526  2.647  -29.307 0.0000000000
81329  -16.921  20.535  -29.639 0.0000000000
81312  -15.353  19.590  -28.201 0.0000000000
73740  -17.531  11.860  -30.313 0.0000000000
74568  -16.767  12.702  -29.993 0.0000000000
74570  -18.091  12.341  -30.749 0.0000000000
75446  -18.999  13.913  -31.793 0.0000000000
74592  -20.540  12.276  -31.845 0.0000000000
74594  -21.998  12.320  -31.634 0.0000000000
117597  -21.055  11.801  -31.751 0.0000000000
70233  -16.614  7.824  -29.169 0.0000000000
71155  -16.792  8.803  -29.268 0.0000000000
71156  -17.352  8.222  -29.532 0.0000000000
116796  -19.631  8.592  -30.857 0.0000000000
70235  -18.507  6.977  -30.056 0.0000000000
131227  -20.878  3.775  -30.909 0.0000000000
67581  -21.124  4.780  -31.215 0.0000000000
112047  -21.909  4.164  -31.637 0.0000000000
111490  -23.600  4.054  -31.790 0.0000000000
130895  -22.718  2.705  -31.927 0.0000000000
83936  -18.139  23.504  -30.605 0.0000000000
83927  -18.134  23.566  -29.866 0.0000000000
84799  -18.687  24.418  -31.250 0.0000000000
84815  -19.336  25.007  -31.492 0.0000000000
115843  -21.168  23.868  -31.625 0.0000000000
81356  -19.932  20.804  -31.967 0.0000000000
76228  -14.692  14.221  -28.630 0.0000000000
77118  -13.518  15.241  -27.847 0.0000000000
77956  -14.808  16.768  -28.582 0.0000000000
78813  -15.841  17.601  -29.303 0.0000000000
77966  -16.234  16.795  -29.715 0.0000000000
77170  -21.422  15.654  -32.542 0.0000000000
78852  -20.940  17.452  -32.460 0.0000000000
123535  -22.976  17.004  -31.392 0.0000000000
71175  -22.607  8.567  -31.552 0.0000000000
119401  -22.842  9.731  -31.573 0.0000000000
62133  -19.250  -0.652  -29.477 0.0000000000
63074  -19.443  0.287  -29.798 0.0000000000
63981  -19.315  1.016  -29.913 0.0000000000
62150  -20.653  -0.194  -30.237 0.0000000000
69365  -17.128  6.124  -29.291 0.0000000000
69366  -18.217  6.209  -29.883 0.0000000000
115672  -18.457  4.637  -29.798 0.0000000000
67573  -19.124  3.928  -30.083 0.0000000000
65843  -19.637  2.809  -30.303 0.0000000000
83082  -17.872  22.456  -30.603 0.0000000000
83102  -19.759  22.907  -32.293 0.0000000000
82177  -18.184  21.811  -31.391 0.0000000000
81354  -18.280  20.863  -31.665 0.0000000000
80539  -18.664  20.152  -31.868 0.0000000000
72854  -15.093  11.176  -28.490 0.0000000000
74545  -15.400  12.527  -29.078 0.0000000000
75403  -15.820  13.300  -29.494 0.0000000000
131943  -16.646  14.427  -30.225 0.0000000000
117234  -17.037  15.532  -30.617 0.0000000000
76267  -17.904  14.664  -31.058 0.0000000000
76282  -19.988  14.378  -32.454 0.0000000000
76271  -22.190  14.782  -31.886 0.0000000000
75448  -22.877  13.683  -31.363 0.0000000000
126059  -22.019  -2.438  -29.622 0.0000000000
62136  -22.216  -1.693  -29.874 0.0000000000
72856  -16.040  10.346  -28.892 0.0000000000
72880  -17.461  10.437  -29.911 0.0000000000
72891  -18.443  10.433  -30.601 0.0000000000
72901  -20.040  10.836  -31.492 0.0000000000
72033  -20.077  9.458  -31.278 0.0000000000
70252  -21.180  8.366  -31.440 0.0000000000
70253  -21.774  7.775  -31.504 0.0000000000
69375  -19.849  5.956  -30.687 0.0000000000
126245  -21.414  6.124  -31.407 0.0000000000
69386  -22.560  6.210  -31.585 0.0000000000
126370  -24.076  4.675  -31.712 0.0000000000
110701  -25.088  4.028  -31.463 0.0000000000
83084  -21.923  22.613  -31.292 0.0000000000
80487  -15.311  19.172  -28.307 0.0000000000
80523  -17.109  19.146  -30.452 0.0000000000
79708  -19.065  19.291  -31.937 0.0000000000
77996  -18.344  16.850  -31.834 0.0000000000
78851  -20.136  17.920  -32.404 0.0000000000
123276  -21.983  19.221  -31.679 0.0000000000
72903  -21.711  10.659  -31.606 0.0000000000
72905  -22.960  10.324  -31.537 0.0000000000
65823  -16.900  2.024  -28.838 0.0000000000
65837  -18.423  2.193  -29.598 0.0000000000
64913  -19.546  2.062  -30.199 0.0000000000
64922  -20.627  2.038  -30.695 0.0000000000
63086  -22.022  -0.301  -30.500 0.0000000000
63999  -22.830  0.664  -30.922 0.0000000000
64925  -22.871  1.446  -31.299 0.0000000000
81282  -14.059  19.771  -27.020 0.0000000000
73741  -18.431  11.459  -30.813 0.0000000000
121507  -18.838  12.072  -31.248 0.0000000000
74590  -18.688  12.771  -31.313 0.0000000000
116182  -19.678  12.348  -31.684 0.0000000000
73759  -20.471  11.526  -31.670 0.0000000000
115681  -16.981  7.037  -29.299 0.0000000000
115152  -16.243  6.909  -28.978 0.0000000000
126124  -17.315  7.546  -29.502 0.0000000000
70243  -17.957  7.675  -29.808 0.0000000000
66743  -21.094  3.318  -31.022 0.0000000000
114515  -21.318  4.107  -31.252 0.0000000000
66744  -21.726  3.557  -31.545 0.0000000000
112713  -22.194  3.108  -31.847 0.0000000000
83950  -18.513  23.590  -31.375 0.0000000000
123349  -19.500  24.312  -31.799 0.0000000000
83970  -20.146  23.729  -32.002 0.0000000000
81357  -20.845  20.407  -31.806 0.0000000000
82195  -21.727  20.950  -31.550 0.0000000000
80542  -21.803  19.994  -31.613 0.0000000000
123616  -15.149  14.846  -28.904 0.0000000000
77119  -14.440  15.210  -28.396 0.0000000000
121492  -13.977  15.878  -28.089 0.0000000000
123300  -14.501  16.079  -28.417 0.0000000000
77965  -15.529  16.748  -29.120 0.0000000000
123975  -15.959  15.897  -29.585 0.0000000000
77997  -22.505  16.308  -31.944 0.0000000000
78004  -21.894  16.387  -32.394 0.0000000000
111026  -23.048  7.664  -31.553 0.0000000000
71176  -23.233  8.443  -31.567 0.0000000000
111025  -23.804  7.676  -31.562 0.0000000000
61242  -19.822  -1.366  -29.523 0.0000000000
118533  -18.828  -0.113  -29.422 0.0000000000
62134  -19.944  -0.444  -29.893 0.0000000000
63084  -20.075  0.314  -30.151 0.0000000000
68486  -16.605  5.358  -28.857 0.0000000000
127969  -18.038  5.491  -29.702 0.0000000000
68487  -17.495  5.095  -29.347 0.0000000000
67568  -18.439  3.726  -29.707 0.0000000000
66736  -19.087  3.199  -29.950 0.0000000000
66737  -19.603  3.451  -30.309 0.0000000000
83069  -17.687  22.450  -29.688 0.0000000000
81314  -17.309  21.614  -29.701 0.0000000000
81330  -17.395  20.954  -30.375 0.0000000000
81343  -17.651  20.444  -31.098 0.0000000000
126133  -18.886  20.818  -32.088 0.0000000000
72855  -15.647  11.093  -28.781 0.0000000000
73719  -15.831  11.847  -29.252 0.0000000000
74546  -16.159  12.608  -29.619 0.0000000000
75404  -16.517  13.335  -29.969 0.0000000000
76237  -16.239  14.133  -29.854 0.0000000000
76238  -16.826  14.007  -30.298 0.0000000000
77147  -16.956  14.698  -30.513 0.0000000000
76254  -17.349  14.283  -30.665 0.0000000000
75461  -20.283  13.745  -32.360 0.0000000000
75460  -19.667  13.812  -32.183 0.0000000000
76283  -20.615  14.204  -32.493 0.0000000000
76285  -21.571  14.805  -32.355 0.0000000000
76270  -21.712  13.994  -31.945 0.0000000000
112567  -22.334  14.082  -31.612 0.0000000000
74595  -22.769  12.723  -31.410 0.0000000000
73764  -23.831  11.450  -31.190 0.0000000000
60342  -21.383  -2.803  -29.453 0.0000000000
114466  -23.230  -3.015  -29.398 0.0000000000
127612  -15.745  9.394  -28.879 0.0000000000
123097  -17.117  9.634  -29.505 0.0000000000
72892  -19.546  10.195  -31.199 0.0000000000
72032  -19.039  9.488  -30.741 0.0000000000
70245  -19.699  7.664  -30.797 0.0000000000
70251  -20.414  8.004  -31.184 0.0000000000
125987  -20.998  7.593  -31.334 0.0000000000
116797  -18.963  5.427  -30.170 0.0000000000
69374  -18.977  6.288  -30.265 0.0000000000
67582  -21.769  4.857  -31.536 0.0000000000
68503  -21.273  5.445  -31.330 0.0000000000
68504  -21.896  5.747  -31.552 0.0000000000
111038  -23.214  5.773  -31.627 0.0000000000
111045  -23.257  4.837  -31.725 0.0000000000
114362  -23.843  3.400  -31.783 0.0000000000
66747  -24.347  3.945  -31.690 0.0000000000
117778  -24.635  3.464  -31.502 0.0000000000
66748  -25.265  3.413  -31.153 0.0000000000
82193  -19.389  22.087  -32.448 0.0000000000
83103  -20.898  22.915  -31.883 0.0000000000
82194  -20.236  22.093  -32.222 0.0000000000
74531  -14.442  12.559  -28.331 0.0000000000
79654  -13.214  18.641  -27.138 0.0000000000
80486  -14.612  19.098  -27.720 0.0000000000
79664  -14.861  18.434  -28.252 0.0000000000
78814  -16.520  17.622  -29.899 0.0000000000
79678  -16.242  18.397  -29.439 0.0000000000
79695  -17.297  18.531  -30.855 0.0000000000
119226  -18.257  19.382  -31.681 0.0000000000
79706  -18.455  18.553  -31.802 0.0000000000
124086  -18.177  16.126  -31.636 0.0000000000
117235  -17.613  16.122  -31.133 0.0000000000
78001  -18.794  16.351  -32.081 0.0000000000
79722  -20.764  18.295  -32.252 0.0000000000
79721  -20.113  18.696  -32.194 0.0000000000
79711  -22.275  18.536  -31.745 0.0000000000
79712  -23.039  18.520  -31.357 0.0000000000
130052  -20.650  10.141  -31.548 0.0000000000
72902  -21.332  10.403  -31.614 0.0000000000
72041  -21.878  9.925  -31.586 0.0000000000
63979  -18.321  0.795  -29.405 0.0000000000
128354  -17.876  1.134  -29.270 0.0000000000
115281  -17.744  1.770  -29.306 0.0000000000
122116  -19.691  1.489  -30.213 0.0000000000
64914  -20.041  1.893  -30.471 0.0000000000
64915  -20.962  1.536  -30.752 0.0000000000
62152  -22.490  -0.921  -30.217 0.0000000000
67566  -17.055  4.023  -28.975 0.0000000000
66730  -17.694  3.484  -29.387 0.0000000000
81313  -17.080  21.495  -29.366 0.0000000000
132392  -16.033  20.813  -28.469 0.0000000000
80488  -16.046  19.600  -28.899 0.0000000000
73720  -17.022  11.357  -29.771 0.0000000000
124157  -16.501  11.997  -29.668 0.0000000000
73739  -17.016  12.150  -29.955 0.0000000000
74569  -17.347  12.619  -30.356 0.0000000000
74589  -17.891  13.113  -30.824 0.0000000000
120445  -17.832  13.889  -30.939 0.0000000000
75445  -18.494  13.538  -31.358 0.0000000000
74591  -19.314  13.242  -31.764 0.0000000000
74602  -20.217  13.052  -32.086 0.0000000000
74604  -21.359  13.069  -31.922 0.0000000000
74603  -20.903  12.594  -31.969 0.0000000000
74593  -21.431  12.056  -31.731 0.0000000000
70220  -15.671  7.593  -28.918 0.0000000000
71138  -16.021  8.557  -29.013 0.0000000000
127632  -17.458  8.941  -29.620 0.0000000000
71163  -18.051  8.500  -29.897 0.0000000000
71164  -18.670  8.782  -30.393 0.0000000000
70244  -18.805  7.867  -30.348 0.0000000000
111300  -19.355  6.936  -30.527 0.0000000000
67575  -20.607  4.318  -30.826 0.0000000000
67583  -22.465  4.516  -31.709 0.0000000000
66745  -22.347  3.800  -31.801 0.0000000000
66746  -23.019  3.387  -31.905 0.0000000000
65853  -23.512  2.634  -31.837 0.0000000000
83063  -17.995  22.947  -29.330 0.0000000000
83937  -18.215  24.100  -30.456 0.0000000000
82178  -21.250  21.921  -31.655 0.0000000000
122794  -20.566  21.263  -31.943 0.0000000000
77106  -12.460  15.448  -27.435 0.0000000000
77954  -13.296  16.125  -27.756 0.0000000000
77943  -13.261  16.958  -27.672 0.0000000000
78802  -14.435  17.640  -28.173 0.0000000000
78803  -15.167  17.603  -28.714 0.0000000000
77985  -16.763  16.899  -30.390 0.0000000000
77169  -20.734  15.789  -32.606 0.0000000000
78002  -19.534  16.588  -32.408 0.0000000000
78003  -21.154  16.546  -32.543 0.0000000000
78853  -22.276  17.112  -32.107 0.0000000000
78843  -22.632  17.855  -31.707 0.0000000000
112351  -21.801  9.273  -31.570 0.0000000000
125688  -22.360  9.694  -31.566 0.0000000000
72042  -22.740  9.158  -31.560 0.0000000000
72043  -23.389  9.110  -31.581 0.0000000000
63073  -18.199  -0.007  -29.153 0.0000000000
63980  -18.834  0.551  -29.582 0.0000000000
126348  -18.859  1.099  -29.701 0.0000000000
63989  -19.868  0.929  -30.209 0.0000000000
63990  -20.611  0.776  -30.496 0.0000000000
115682  -19.256  4.583  -30.231 0.0000000000
67574  -19.814  4.079  -30.448 0.0000000000
118003  -20.325  3.376  -30.656 0.0000000000
127614  -20.659  2.938  -30.783 0.0000000000
83057  -16.611  23.897  -26.921 0.0000000000
129507  -17.710  22.585  -28.971 0.0000000000
83070  -17.935  23.064  -30.177 0.0000000000
83083  -18.263  22.808  -31.285 0.0000000000
83101  -18.908  22.882  -32.166 0.0000000000
83100  -18.781  22.046  -32.143 0.0000000000
124338  -17.777  21.198  -31.049 0.0000000000
82192  -18.720  21.369  -32.053 0.0000000000
125564  -19.266  21.174  -32.280 0.0000000000
131555  -19.619  20.388  -31.947 0.0000000000
81355  -19.241  20.279  -31.975 0.0000000000
75397  -15.008  13.336  -28.845 0.0000000000
76229  -15.456  14.105  -29.236 0.0000000000
77127  -15.731  14.960  -29.467 0.0000000000
77128  -16.458  15.079  -30.099 0.0000000000
77148  -17.482  15.108  -30.859 0.0000000000
77161  -18.603  15.532  -31.810 0.0000000000
76268  -18.432  14.273  -31.446 0.0000000000
76269  -19.128  14.685  -32.041 0.0000000000
121304  -19.767  15.101  -32.415 0.0000000000
121731  -20.383  15.009  -32.556 0.0000000000
77171  -22.079  15.577  -32.255 0.0000000000
77162  -22.645  15.517  -31.662 0.0000000000
76272  -22.929  14.673  -31.353 0.0000000000
75427  -23.589  14.152  -30.986 0.0000000000
75447  -22.111  13.278  -31.629 0.0000000000
61243  -20.484  -2.219  -29.408 0.0000000000
114879  -21.377  -1.863  -29.702 0.0000000000
62151  -21.519  -0.873  -30.172 0.0000000000
116357  -15.536  10.444  -28.672 0.0000000000
72024  -16.356  9.537  -29.090 0.0000000000
72879  -16.700  10.443  -29.384 0.0000000000
122242  -17.703  11.121  -30.286 0.0000000000
126255  -19.151  10.871  -31.160 0.0000000000
72039  -20.888  9.492  -31.526 0.0000000000
71172  -20.634  8.858  -31.352 0.0000000000
71173  -21.335  9.117  -31.543 0.0000000000
126121  -21.687  8.689  -31.541 0.0000000000
111027  -22.410  8.009  -31.548 0.0000000000
111034  -22.506  7.173  -31.543 0.0000000000
68495  -20.612  5.231  -30.963 0.0000000000
69376  -20.784  6.070  -31.165 0.0000000000
69384  -21.210  6.851  -31.347 0.0000000000
69385  -21.893  6.641  -31.524 0.0000000000
111033  -23.143  6.672  -31.558 0.0000000000
111032  -23.803  6.244  -31.578 0.0000000000
132781  -24.505  5.191  -31.605 0.0000000000
126303  -24.812  4.641  -31.566 0.0000000000
80475  -14.695  19.561  -27.566 0.0000000000
80506  -16.656  19.312  -29.636 0.0000000000
79665  -15.556  18.386  -28.832 0.0000000000
80505  -15.978  19.013  -28.984 0.0000000000
80524  -17.552  19.472  -31.147 0.0000000000
80549  -19.733  19.507  -31.958 0.0000000000
123974  -16.602  16.068  -30.198 0.0000000000
77986  -17.298  16.977  -30.935 0.0000000000
77995  -17.842  17.120  -31.479 0.0000000000
120586  -19.722  17.363  -32.445 0.0000000000
78849  -19.048  17.321  -32.235 0.0000000000
79707  -19.061  18.273  -32.114 0.0000000000
79720  -19.618  18.634  -32.169 0.0000000000
79709  -20.487  19.097  -32.018 0.0000000000
80541  -21.081  19.542  -31.819 0.0000000000
129103  -22.514  19.642  -31.423 0.0000000000
73760  -21.212  11.084  -31.657 0.0000000000
119254  -21.961  10.912  -31.620 0.0000000000
72904  -22.273  10.307  -31.576 0.0000000000
73763  -23.095  10.914  -31.427 0.0000000000
65842  -19.061  2.491  -29.884 0.0000000000
64906  -19.187  1.520  -29.892 0.0000000000
64912  -18.990  1.931  -29.820 0.0000000000
65844  -20.237  2.505  -30.594 0.0000000000
65851  -20.949  2.637  -30.885 0.0000000000
63085  -21.352  0.139  -30.552 0.0000000000
63992  -22.059  0.400  -30.822 0.0000000000
63991  -21.415  0.959  -30.837 0.0000000000
63997  -21.616  1.591  -30.978 0.0000000000
64924  -22.156  1.842  -31.314 0.0000000000
121978  -22.123  2.460  -31.608 0.0000000000
111192  -22.829  2.103  -31.737 0.0000000000
63998  -22.142  1.160  -31.093 0.0000000000
64923  -21.448  2.180  -31.011 0.0000000000
65854  -24.191  3.020  -31.609 0.0000000000
68506  -23.893  5.422  -31.652 0.0000000000
71174  -22.096  8.643  -31.563 0.0000000000
73761  -21.552  11.313  -31.649 0.0000000000
76284  -21.136  14.036  -32.364 0.0000000000
77160  -18.014  15.420  -31.294 0.0000000000
77168  -20.015  15.837  -32.530 0.0000000000
77955  -14.033  16.729  -28.023 0.0000000000
78794  -13.655  17.711  -27.669 0.0000000000
78833  -17.029  17.699  -30.598 0.0000000000
78840  -17.981  17.958  -31.589 0.0000000000
78841  -18.453  17.688  -31.884 0.0000000000
78850  -19.527  17.947  -32.339 0.0000000000
79653  -12.383  18.163  -26.839 0.0000000000
79679  -16.828  18.440  -30.140 0.0000000000
79696  -17.798  18.623  -31.420 0.0000000000
79710  -21.365  18.731  -31.964 0.0000000000
80538  -18.042  20.088  -31.563 0.0000000000
82163  -17.643  21.797  -30.462 0.0000000000
112171  -22.232  9.246  -31.562 0.0000000000
116172  -22.726  -0.155  -30.550 0.0000000000
116591  -20.823  10.802  -31.625 0.0000000000
116864  -21.005  14.879  -32.622 0.0000000000
119923  -22.439  10.898  -31.555 0.0000000000
120372  -20.324  16.815  -32.545 0.0000000000
120603  -18.406  14.923  -31.499 0.0000000000
122742  -21.729  23.333  -31.437 0.0000000000
126602  -24.262  3.454  -31.667 0.0000000000
128029  -22.940  4.123  -31.789 0.0000000000
128133  -21.602  17.092  -32.370 0.0000000000
130118  -17.074  16.306  -30.671 0.0000000000
131231  -17.969  16.535  -31.525 0.0000000000
