#!ascii label  , from subject sub-s017 vox2ras=TkReg
335
13604  -39.810  -55.372  -25.926 0.0000000000
17794  -37.916  -50.024  -32.256 0.0000000000
16831  -34.522  -51.148  -26.293 0.0000000000
15271  -38.275  -54.089  -31.469 0.0000000000
19614  -37.239  -48.177  -28.867 0.0000000000
15180  -36.693  -53.451  -22.982 0.0000000000
19509  -34.551  -48.842  -21.971 0.0000000000
22857  -36.030  -44.528  -19.997 0.0000000000
127473  -35.937  -48.362  -25.427 0.0000000000
18639  -35.542  -49.920  -27.979 0.0000000000
20470  -37.731  -47.642  -26.744 0.0000000000
15976  -34.962  -51.917  -22.328 0.0000000000
18550  -35.848  -50.002  -19.995 0.0000000000
24640  -36.016  -42.218  -20.484 0.0000000000
133331  -35.673  -43.867  -21.954 0.0000000000
131936  -42.533  -56.799  -28.108 0.0000000000
16903  -37.906  -51.823  -32.191 0.0000000000
15295  -41.024  -54.109  -33.381 0.0000000000
16140  -38.793  -52.964  -34.349 0.0000000000
15214  -36.508  -53.944  -26.647 0.0000000000
14454  -38.439  -55.461  -28.658 0.0000000000
17759  -36.880  -50.835  -30.112 0.0000000000
18707  -38.288  -49.344  -31.543 0.0000000000
15992  -34.991  -52.661  -24.614 0.0000000000
132978  -34.300  -50.190  -24.604 0.0000000000
20433  -36.546  -47.498  -24.289 0.0000000000
116196  -37.117  -47.601  -19.404 0.0000000000
21256  -35.315  -46.720  -20.488 0.0000000000
22100  -36.435  -45.589  -23.473 0.0000000000
22111  -38.584  -45.538  -24.369 0.0000000000
13672  -41.978  -55.420  -31.409 0.0000000000
21387  -38.212  -46.271  -31.212 0.0000000000
19664  -36.751  -48.316  -31.907 0.0000000000
18744  -34.506  -49.645  -33.247 0.0000000000
19552  -37.516  -47.852  -25.396 0.0000000000
19572  -37.202  -47.858  -26.122 0.0000000000
13620  -41.044  -56.104  -27.030 0.0000000000
16904  -37.833  -51.171  -32.435 0.0000000000
16099  -38.562  -52.689  -33.365 0.0000000000
16924  -38.010  -51.827  -33.113 0.0000000000
16122  -37.589  -52.121  -33.785 0.0000000000
17809  -37.475  -50.823  -32.890 0.0000000000
16020  -35.115  -52.582  -26.437 0.0000000000
16855  -35.186  -51.680  -27.752 0.0000000000
113045  -36.563  -48.619  -28.334 0.0000000000
17725  -35.897  -50.495  -28.693 0.0000000000
18688  -36.929  -49.638  -29.554 0.0000000000
130474  -37.171  -50.079  -30.087 0.0000000000
19635  -37.874  -48.493  -29.892 0.0000000000
15189  -36.370  -53.672  -24.655 0.0000000000
15984  -35.912  -53.032  -23.347 0.0000000000
17660  -34.459  -50.549  -21.851 0.0000000000
121407  -34.250  -51.189  -23.481 0.0000000000
18589  -34.326  -49.667  -23.437 0.0000000000
19529  -34.780  -48.946  -23.899 0.0000000000
129820  -35.264  -48.154  -23.519 0.0000000000
21238  -37.179  -45.853  -19.671 0.0000000000
20371  -36.048  -47.771  -19.571 0.0000000000
21236  -35.711  -46.217  -20.110 0.0000000000
23782  -36.846  -43.603  -23.132 0.0000000000
22092  -35.972  -45.029  -23.023 0.0000000000
22923  -37.246  -44.452  -23.606 0.0000000000
22102  -37.791  -45.108  -24.051 0.0000000000
112662  -38.508  -55.189  -30.231 0.0000000000
13641  -40.002  -55.715  -29.680 0.0000000000
14480  -39.965  -55.023  -31.296 0.0000000000
13709  -41.455  -54.749  -33.828 0.0000000000
22195  -38.318  -45.352  -30.843 0.0000000000
21401  -38.031  -46.836  -31.424 0.0000000000
21409  -35.220  -47.675  -32.301 0.0000000000
18623  -35.087  -49.189  -26.132 0.0000000000
17711  -35.069  -50.286  -27.389 0.0000000000
19570  -35.704  -48.707  -26.831 0.0000000000
19591  -36.364  -48.307  -27.385 0.0000000000
20492  -37.534  -47.598  -27.647 0.0000000000
130308  -35.655  -52.289  -22.188 0.0000000000
17661  -35.029  -51.018  -21.162 0.0000000000
18548  -34.857  -49.414  -20.719 0.0000000000
22882  -36.046  -43.628  -19.950 0.0000000000
22881  -35.716  -44.104  -20.686 0.0000000000
110548  -36.013  -42.458  -21.258 0.0000000000
24669  -37.046  -42.260  -22.531 0.0000000000
24670  -38.446  -42.233  -22.828 0.0000000000
15280  -38.061  -53.325  -31.773 0.0000000000
14496  -39.311  -54.433  -31.902 0.0000000000
15293  -39.121  -53.411  -33.110 0.0000000000
16100  -39.495  -53.348  -33.850 0.0000000000
15338  -39.389  -53.249  -35.000 0.0000000000
15337  -38.646  -53.089  -34.839 0.0000000000
16138  -37.082  -52.728  -34.342 0.0000000000
16120  -35.256  -52.274  -33.941 0.0000000000
121758  -37.747  -54.671  -26.632 0.0000000000
13618  -38.936  -55.537  -27.708 0.0000000000
14462  -36.735  -54.177  -29.015 0.0000000000
15254  -36.937  -53.906  -29.979 0.0000000000
16856  -35.730  -51.464  -28.688 0.0000000000
16868  -36.350  -51.599  -29.572 0.0000000000
16068  -37.122  -52.510  -30.728 0.0000000000
16884  -37.486  -51.771  -31.299 0.0000000000
117317  -37.809  -50.967  -31.767 0.0000000000
17777  -38.087  -50.078  -31.954 0.0000000000
15215  -36.795  -54.079  -25.908 0.0000000000
15201  -35.616  -53.192  -25.938 0.0000000000
16019  -34.630  -51.936  -25.930 0.0000000000
15983  -35.116  -52.602  -23.724 0.0000000000
16810  -34.278  -51.328  -24.378 0.0000000000
17694  -34.419  -50.504  -25.661 0.0000000000
18614  -34.764  -49.369  -25.240 0.0000000000
114498  -36.036  -48.230  -24.948 0.0000000000
20435  -38.056  -47.336  -24.722 0.0000000000
19467  -36.679  -48.523  -19.348 0.0000000000
19484  -35.352  -48.351  -20.033 0.0000000000
19502  -34.765  -48.086  -21.532 0.0000000000
22079  -35.354  -45.502  -21.427 0.0000000000
130831  -35.336  -45.923  -22.145 0.0000000000
20425  -35.320  -47.399  -22.903 0.0000000000
21292  -35.846  -46.766  -23.285 0.0000000000
21301  -37.506  -46.743  -24.333 0.0000000000
119223  -40.555  -56.063  -29.052 0.0000000000
13643  -42.012  -56.179  -29.820 0.0000000000
14507  -41.359  -54.515  -32.762 0.0000000000
13700  -42.079  -55.414  -32.608 0.0000000000
19636  -38.632  -48.056  -30.487 0.0000000000
18708  -38.531  -48.669  -31.765 0.0000000000
18722  -38.239  -49.257  -31.988 0.0000000000
19665  -37.929  -48.299  -32.123 0.0000000000
18735  -37.993  -49.425  -32.250 0.0000000000
17792  -36.022  -50.197  -32.610 0.0000000000
17807  -35.295  -50.813  -32.949 0.0000000000
130073  -38.480  -47.669  -25.138 0.0000000000
19533  -38.403  -47.819  -25.428 0.0000000000
13605  -41.215  -56.016  -26.103 0.0000000000
117091  -40.371  -55.709  -26.398 0.0000000000
16923  -37.649  -50.907  -32.672 0.0000000000
16938  -37.755  -51.610  -33.228 0.0000000000
16832  -34.778  -51.834  -26.884 0.0000000000
16032  -35.282  -52.517  -27.371 0.0000000000
128885  -36.308  -49.556  -28.708 0.0000000000
19613  -37.037  -48.948  -29.300 0.0000000000
15185  -36.491  -53.609  -23.797 0.0000000000
18582  -34.330  -49.657  -22.418 0.0000000000
19519  -34.594  -48.864  -22.945 0.0000000000
19510  -34.842  -48.100  -22.462 0.0000000000
22041  -36.816  -44.945  -19.651 0.0000000000
21237  -36.290  -46.053  -19.812 0.0000000000
22040  -35.882  -45.451  -20.040 0.0000000000
23783  -37.728  -43.602  -23.474 0.0000000000
22924  -38.337  -44.424  -23.978 0.0000000000
22925  -39.308  -44.069  -24.038 0.0000000000
14478  -37.796  -54.539  -30.450 0.0000000000
13653  -39.428  -55.362  -30.425 0.0000000000
14479  -38.820  -54.850  -31.028 0.0000000000
21400  -37.141  -46.872  -31.398 0.0000000000
20563  -35.911  -47.613  -31.790 0.0000000000
21410  -35.361  -46.854  -32.245 0.0000000000
115452  -35.805  -48.505  -25.951 0.0000000000
19571  -36.413  -48.164  -26.454 0.0000000000
20469  -36.978  -47.788  -27.036 0.0000000000
17638  -34.807  -50.199  -20.957 0.0000000000
127644  -35.232  -49.888  -20.416 0.0000000000
23720  -36.030  -42.787  -19.830 0.0000000000
23741  -35.794  -43.136  -20.749 0.0000000000
124445  -37.712  -42.381  -22.808 0.0000000000
12804  -42.881  -57.004  -29.205 0.0000000000
16069  -37.702  -52.619  -31.597 0.0000000000
15281  -38.743  -53.693  -32.308 0.0000000000
16081  -38.299  -52.773  -32.511 0.0000000000
16124  -38.858  -52.968  -33.936 0.0000000000
16141  -39.316  -53.193  -34.337 0.0000000000
16121  -36.419  -52.206  -33.771 0.0000000000
16137  -35.861  -52.906  -34.349 0.0000000000
14437  -37.126  -54.341  -26.387 0.0000000000
14446  -37.544  -54.791  -27.553 0.0000000000
14463  -37.329  -54.553  -29.540 0.0000000000
15253  -36.361  -53.232  -29.338 0.0000000000
17724  -35.329  -50.817  -27.965 0.0000000000
122164  -36.240  -50.931  -29.292 0.0000000000
16060  -36.525  -52.396  -29.904 0.0000000000
16883  -36.921  -51.681  -30.422 0.0000000000
17760  -37.750  -50.241  -31.033 0.0000000000
15188  -35.616  -53.192  -25.080 0.0000000000
15202  -36.268  -53.663  -25.485 0.0000000000
16007  -34.998  -52.630  -25.511 0.0000000000
123098  -35.347  -52.470  -22.871 0.0000000000
17678  -34.177  -50.446  -24.019 0.0000000000
130925  -34.395  -51.619  -23.800 0.0000000000
16823  -34.353  -51.286  -25.356 0.0000000000
17686  -34.258  -50.630  -24.856 0.0000000000
114521  -34.417  -50.015  -25.102 0.0000000000
18598  -34.463  -49.650  -24.430 0.0000000000
19520  -36.012  -47.928  -24.293 0.0000000000
19530  -35.405  -48.497  -24.417 0.0000000000
19531  -36.842  -47.830  -24.840 0.0000000000
20434  -37.250  -47.371  -24.539 0.0000000000
20389  -35.305  -47.526  -20.230 0.0000000000
20388  -34.929  -48.138  -20.730 0.0000000000
20405  -34.913  -47.349  -21.020 0.0000000000
23752  -35.646  -43.745  -21.337 0.0000000000
22901  -35.519  -44.542  -21.528 0.0000000000
22091  -35.511  -45.194  -22.294 0.0000000000
21283  -35.728  -45.887  -22.962 0.0000000000
122519  -35.311  -46.623  -22.454 0.0000000000
129522  -36.319  -46.263  -23.536 0.0000000000
22110  -37.719  -45.896  -24.210 0.0000000000
21302  -38.338  -46.604  -24.527 0.0000000000
13630  -40.746  -56.157  -28.139 0.0000000000
13629  -39.621  -55.833  -28.602 0.0000000000
13655  -41.619  -55.677  -30.666 0.0000000000
13642  -41.048  -55.947  -29.815 0.0000000000
13656  -42.320  -55.957  -30.699 0.0000000000
12811  -42.570  -56.273  -30.743 0.0000000000
13673  -42.393  -55.728  -31.442 0.0000000000
14506  -40.676  -54.159  -32.943 0.0000000000
14497  -40.596  -54.606  -32.199 0.0000000000
13699  -41.367  -55.548  -33.702 0.0000000000
131145  -41.787  -55.198  -33.282 0.0000000000
128212  -38.631  -47.633  -29.949 0.0000000000
19666  -38.701  -48.276  -31.774 0.0000000000
20564  -37.040  -47.617  -31.662 0.0000000000
20565  -38.413  -47.635  -31.739 0.0000000000
19676  -37.667  -48.967  -32.222 0.0000000000
18734  -37.095  -49.635  -32.484 0.0000000000
18732  -34.803  -49.231  -32.722 0.0000000000
17791  -34.985  -50.012  -32.722 0.0000000000
19551  -36.551  -48.092  -25.557 0.0000000000
19573  -38.089  -47.860  -25.900 0.0000000000
25573  -36.442  -41.665  -21.247 0.0000000000
26516  -37.772  -40.630  -21.059 0.0000000000
12786  -41.869  -56.424  -27.829 0.0000000000
124650  -38.135  -52.029  -32.831 0.0000000000
16123  -38.286  -52.405  -33.763 0.0000000000
16139  -38.111  -52.676  -34.362 0.0000000000
16937  -37.096  -51.449  -33.365 0.0000000000
15213  -35.760  -53.304  -26.861 0.0000000000
15225  -35.737  -53.152  -27.859 0.0000000000
16043  -35.571  -52.370  -28.253 0.0000000000
18640  -35.867  -49.048  -27.761 0.0000000000
17739  -36.543  -50.264  -29.396 0.0000000000
18689  -37.711  -49.365  -30.379 0.0000000000
15184  -35.723  -53.159  -24.202 0.0000000000
16780  -34.795  -51.361  -21.842 0.0000000000
123802  -34.456  -51.273  -22.584 0.0000000000
17672  -34.182  -50.474  -22.948 0.0000000000
20426  -35.957  -47.456  -23.698 0.0000000000
118596  -37.601  -46.621  -19.680 0.0000000000
120366  -36.626  -46.834  -19.637 0.0000000000
120764  -35.820  -46.866  -19.863 0.0000000000
23765  -36.121  -43.676  -22.541 0.0000000000
22909  -35.778  -44.414  -22.444 0.0000000000
22910  -36.383  -44.319  -23.092 0.0000000000
128522  -36.608  -44.927  -23.437 0.0000000000
22101  -37.135  -45.341  -23.793 0.0000000000
22937  -39.156  -44.823  -24.297 0.0000000000
13640  -38.940  -55.556  -29.549 0.0000000000
13654  -40.541  -55.499  -30.574 0.0000000000
13671  -41.148  -55.189  -31.415 0.0000000000
15315  -41.212  -54.209  -33.806 0.0000000000
113704  -36.266  -48.956  -32.113 0.0000000000
123940  -35.307  -48.869  -32.343 0.0000000000
19675  -34.726  -48.277  -32.789 0.0000000000
17702  -34.708  -50.176  -26.551 0.0000000000
16843  -34.794  -51.014  -27.193 0.0000000000
124166  -35.267  -49.513  -27.128 0.0000000000
19592  -36.945  -47.911  -27.942 0.0000000000
122976  -37.486  -47.730  -28.426 0.0000000000
15977  -36.165  -52.804  -22.552 0.0000000000
16781  -35.532  -51.733  -21.576 0.0000000000
16764  -35.840  -51.234  -20.821 0.0000000000
18574  -34.529  -49.577  -21.480 0.0000000000
23753  -35.867  -43.107  -21.802 0.0000000000
24650  -36.390  -42.293  -21.975 0.0000000000
24668  -36.535  -42.925  -22.573 0.0000000000
23766  -37.303  -42.896  -23.029 0.0000000000
23767  -38.124  -42.871  -23.226 0.0000000000
24681  -39.006  -42.804  -23.254 0.0000000000
15282  -39.763  -54.030  -32.712 0.0000000000
15294  -40.165  -53.792  -33.396 0.0000000000
15314  -40.533  -53.692  -33.966 0.0000000000
15361  -40.108  -53.621  -35.206 0.0000000000
120784  -37.753  -53.285  -35.057 0.0000000000
127253  -37.044  -53.816  -35.562 0.0000000000
125340  -36.500  -53.441  -34.912 0.0000000000
15336  -35.508  -53.483  -35.079 0.0000000000
13603  -39.392  -55.410  -26.722 0.0000000000
111507  -38.394  -55.116  -27.068 0.0000000000
133129  -38.109  -55.222  -27.900 0.0000000000
14453  -37.493  -54.881  -28.608 0.0000000000
14464  -37.984  -55.181  -29.544 0.0000000000
15269  -36.792  -53.126  -30.213 0.0000000000
15270  -37.458  -53.455  -30.916 0.0000000000
117171  -37.420  -51.086  -30.933 0.0000000000
14438  -38.811  -54.948  -26.021 0.0000000000
15203  -37.002  -54.159  -25.108 0.0000000000
124023  -36.193  -53.634  -26.173 0.0000000000
15975  -34.629  -51.921  -23.246 0.0000000000
15991  -34.564  -52.055  -24.125 0.0000000000
16006  -34.527  -52.019  -24.995 0.0000000000
18613  -34.609  -49.813  -25.757 0.0000000000
19550  -35.388  -48.721  -25.264 0.0000000000
18599  -34.914  -49.003  -24.660 0.0000000000
19532  -37.797  -47.716  -24.974 0.0000000000
18534  -35.894  -48.654  -19.610 0.0000000000
18549  -35.418  -49.225  -20.037 0.0000000000
19483  -34.985  -48.779  -20.512 0.0000000000
19501  -34.684  -48.796  -21.135 0.0000000000
116024  -35.622  -45.022  -20.687 0.0000000000
22059  -35.455  -45.907  -20.643 0.0000000000
21272  -35.122  -46.461  -21.416 0.0000000000
20414  -34.922  -47.313  -21.949 0.0000000000
21293  -36.969  -46.131  -23.894 0.0000000000
20427  -36.628  -46.903  -23.962 0.0000000000
13619  -40.000  -55.828  -27.407 0.0000000000
12795  -41.471  -56.272  -28.931 0.0000000000
12796  -42.315  -56.572  -28.862 0.0000000000
11981  -42.736  -56.842  -29.993 0.0000000000
112087  -41.692  -54.935  -32.084 0.0000000000
15296  -41.527  -54.492  -33.133 0.0000000000
14508  -41.951  -54.945  -32.537 0.0000000000
13688  -42.304  -55.485  -31.994 0.0000000000
111456  -39.008  -48.135  -25.852 0.0000000000
20493  -38.265  -47.407  -27.484 0.0000000000
20519  -37.997  -47.745  -29.324 0.0000000000
19652  -38.562  -48.754  -30.864 0.0000000000
20540  -39.279  -47.548  -30.686 0.0000000000
19677  -38.374  -48.849  -32.008 0.0000000000
17793  -37.666  -50.138  -32.500 0.0000000000
133095  -37.070  -50.220  -32.734 0.0000000000
17808  -36.582  -50.824  -32.987 0.0000000000
16936  -35.828  -51.565  -33.334 0.0000000000
12818  -42.531  -55.989  -31.459 0.0000000000
14498  -42.179  -55.284  -31.948 0.0000000000
14516  -41.727  -54.781  -33.179 0.0000000000
113053  -38.049  -47.410  -28.419 0.0000000000
126098  -42.585  -56.617  -29.755 0.0000000000
128868  -42.799  -56.920  -28.717 0.0000000000
