#!ascii label  , from subject sub-s017 vox2ras=TkReg
372
123386  -27.270  3.171  -29.559 0.0000000000
130027  -23.639  7.008  -31.533 0.0000000000
80540  -20.195  19.960  -31.868 0.0000000000
77987  -23.505  16.318  -30.874 0.0000000000
73743  -25.908  11.665  -30.736 0.0000000000
70237  -28.892  7.566  -29.840 0.0000000000
122666  -19.785  21.472  -32.307 0.0000000000
75428  -24.210  13.715  -30.674 0.0000000000
73762  -21.974  11.478  -31.636 0.0000000000
67584  -25.588  4.682  -31.353 0.0000000000
110756  -26.915  6.943  -31.203 0.0000000000
110462  -28.270  5.020  -29.258 0.0000000000
62138  -23.960  -1.419  -29.859 0.0000000000
64927  -24.718  2.854  -31.244 0.0000000000
118367  -20.169  27.274  -31.045 0.0000000000
85575  -21.064  25.491  -31.513 0.0000000000
119241  -22.888  24.058  -30.811 0.0000000000
83071  -23.651  22.591  -29.870 0.0000000000
81331  -24.592  20.157  -29.718 0.0000000000
78842  -21.718  17.881  -32.171 0.0000000000
114778  -26.156  18.108  -29.019 0.0000000000
77970  -26.611  16.294  -28.958 0.0000000000
75409  -27.702  13.542  -29.389 0.0000000000
74576  -29.334  11.870  -30.134 0.0000000000
72045  -24.967  9.031  -31.508 0.0000000000
72047  -27.709  9.078  -31.314 0.0000000000
74594  -21.998  12.320  -31.634 0.0000000000
117597  -21.055  11.801  -31.751 0.0000000000
67576  -26.560  4.030  -30.676 0.0000000000
67586  -26.798  5.353  -30.947 0.0000000000
66732  -27.932  4.298  -29.306 0.0000000000
58528  -24.309  -5.599  -27.693 0.0000000000
116508  -25.334  -4.575  -27.448 0.0000000000
59398  -25.530  -3.774  -27.739 0.0000000000
111490  -23.600  4.054  -31.790 0.0000000000
130895  -22.718  2.705  -31.927 0.0000000000
84800  -22.559  24.738  -31.174 0.0000000000
81356  -19.932  20.804  -31.967 0.0000000000
82179  -22.294  21.771  -31.083 0.0000000000
117489  -22.661  21.043  -30.997 0.0000000000
81345  -23.998  20.829  -29.942 0.0000000000
80525  -22.576  20.302  -31.254 0.0000000000
123535  -22.976  17.004  -31.392 0.0000000000
115652  -24.050  18.003  -30.425 0.0000000000
78835  -24.680  17.191  -30.009 0.0000000000
78818  -26.313  17.238  -29.023 0.0000000000
77989  -24.949  16.286  -30.005 0.0000000000
74572  -25.487  12.565  -30.480 0.0000000000
75407  -26.142  14.041  -29.732 0.0000000000
74573  -26.532  12.353  -30.310 0.0000000000
74549  -28.051  12.773  -29.740 0.0000000000
73745  -27.819  11.301  -30.518 0.0000000000
71175  -22.607  8.567  -31.552 0.0000000000
119401  -22.842  9.731  -31.573 0.0000000000
112300  -23.978  8.426  -31.593 0.0000000000
70246  -28.397  7.413  -30.609 0.0000000000
71179  -27.071  8.524  -31.446 0.0000000000
71165  -28.649  8.592  -30.951 0.0000000000
72034  -28.857  9.317  -30.823 0.0000000000
71157  -29.354  8.535  -29.815 0.0000000000
62121  -25.734  -1.548  -28.790 0.0000000000
63076  -24.595  -0.873  -29.835 0.0000000000
63059  -25.798  -0.630  -29.175 0.0000000000
126246  -26.236  0.767  -29.417 0.0000000000
76271  -22.190  14.782  -31.886 0.0000000000
76255  -23.610  14.936  -30.880 0.0000000000
75448  -22.877  13.683  -31.363 0.0000000000
74596  -23.528  12.353  -31.116 0.0000000000
73764  -23.831  11.450  -31.190 0.0000000000
110942  -24.525  5.873  -31.576 0.0000000000
111489  -25.388  7.087  -31.496 0.0000000000
68508  -26.060  5.901  -31.326 0.0000000000
69377  -27.574  6.197  -30.728 0.0000000000
69367  -28.459  6.265  -29.660 0.0000000000
60316  -25.761  -2.916  -27.975 0.0000000000
69386  -22.560  6.210  -31.585 0.0000000000
126370  -24.076  4.675  -31.712 0.0000000000
110701  -25.088  4.028  -31.463 0.0000000000
65845  -26.285  2.590  -30.301 0.0000000000
87690  -20.963  28.712  -31.280 0.0000000000
86310  -19.566  26.273  -30.985 0.0000000000
124247  -20.744  26.208  -31.484 0.0000000000
85563  -23.077  25.492  -31.209 0.0000000000
85564  -24.046  25.527  -30.811 0.0000000000
83953  -24.026  24.104  -29.990 0.0000000000
83084  -21.923  22.613  -31.292 0.0000000000
83952  -23.296  23.429  -30.290 0.0000000000
83939  -25.455  23.530  -29.520 0.0000000000
83073  -25.695  22.733  -29.349 0.0000000000
82167  -26.776  21.533  -29.080 0.0000000000
81332  -26.409  20.604  -28.808 0.0000000000
123276  -21.983  19.221  -31.679 0.0000000000
80527  -23.782  19.220  -30.594 0.0000000000
80510  -25.599  19.315  -29.219 0.0000000000
80495  -27.252  19.293  -28.549 0.0000000000
79668  -27.633  18.577  -28.501 0.0000000000
120579  -28.153  15.778  -28.663 0.0000000000
76242  -25.929  14.934  -29.581 0.0000000000
77134  -27.565  14.968  -28.852 0.0000000000
72903  -21.711  10.659  -31.606 0.0000000000
72905  -22.960  10.324  -31.537 0.0000000000
132487  -24.761  10.488  -31.321 0.0000000000
71177  -25.603  8.578  -31.508 0.0000000000
111766  -25.768  9.377  -31.417 0.0000000000
72893  -27.189  10.689  -30.902 0.0000000000
72894  -28.097  10.424  -30.769 0.0000000000
72896  -29.459  10.551  -30.431 0.0000000000
64916  -24.364  1.483  -30.894 0.0000000000
64918  -25.973  1.868  -30.230 0.0000000000
64892  -27.336  1.701  -28.671 0.0000000000
65846  -26.741  3.271  -30.217 0.0000000000
110353  -27.274  4.022  -29.969 0.0000000000
66731  -27.670  3.661  -29.303 0.0000000000
66721  -28.084  3.726  -28.716 0.0000000000
66720  -27.695  3.094  -28.870 0.0000000000
58510  -25.552  -5.854  -26.781 0.0000000000
58529  -25.091  -5.357  -27.273 0.0000000000
59379  -25.752  -5.004  -26.894 0.0000000000
81357  -20.845  20.407  -31.806 0.0000000000
82195  -21.727  20.950  -31.550 0.0000000000
80542  -21.803  19.994  -31.613 0.0000000000
77997  -22.505  16.308  -31.944 0.0000000000
78004  -21.894  16.387  -32.394 0.0000000000
125942  -23.765  17.153  -30.640 0.0000000000
77988  -24.276  16.371  -30.413 0.0000000000
74574  -27.474  12.162  -30.221 0.0000000000
73744  -26.872  11.517  -30.621 0.0000000000
111026  -23.048  7.664  -31.553 0.0000000000
71176  -23.233  8.443  -31.567 0.0000000000
111025  -23.804  7.676  -31.562 0.0000000000
112006  -28.393  7.940  -30.996 0.0000000000
70247  -28.815  8.172  -30.519 0.0000000000
71145  -29.410  7.914  -29.194 0.0000000000
71146  -29.805  8.625  -28.873 0.0000000000
62122  -26.366  -0.975  -28.454 0.0000000000
76270  -21.712  13.994  -31.945 0.0000000000
112567  -22.334  14.082  -31.612 0.0000000000
74595  -22.769  12.723  -31.410 0.0000000000
113449  -22.743  11.670  -31.453 0.0000000000
68507  -25.283  5.395  -31.480 0.0000000000
69387  -25.313  6.257  -31.495 0.0000000000
111912  -26.135  5.292  -31.244 0.0000000000
67569  -27.654  4.914  -29.935 0.0000000000
68496  -27.469  5.584  -30.530 0.0000000000
68488  -28.066  5.623  -29.837 0.0000000000
68497  -27.980  6.205  -30.322 0.0000000000
69357  -28.584  5.701  -29.106 0.0000000000
58527  -23.487  -6.089  -27.867 0.0000000000
56787  -23.279  -6.833  -27.466 0.0000000000
61220  -26.380  -2.496  -27.474 0.0000000000
111038  -23.214  5.773  -31.627 0.0000000000
114362  -23.843  3.400  -31.783 0.0000000000
66747  -24.347  3.945  -31.690 0.0000000000
117778  -24.635  3.464  -31.502 0.0000000000
66748  -25.265  3.413  -31.153 0.0000000000
114210  -25.463  2.568  -30.751 0.0000000000
87021  -19.964  27.764  -30.452 0.0000000000
87023  -20.518  27.915  -31.140 0.0000000000
87024  -21.218  27.817  -31.440 0.0000000000
86312  -20.878  27.038  -31.420 0.0000000000
85574  -20.051  25.681  -31.433 0.0000000000
111612  -21.538  26.285  -31.528 0.0000000000
85577  -22.561  26.317  -31.460 0.0000000000
85576  -22.072  25.499  -31.416 0.0000000000
83971  -22.107  23.989  -31.312 0.0000000000
126038  -23.500  24.707  -30.661 0.0000000000
84801  -24.554  24.898  -30.295 0.0000000000
130490  -23.407  24.094  -30.404 0.0000000000
82194  -20.236  22.093  -32.222 0.0000000000
83085  -22.819  22.531  -30.612 0.0000000000
83938  -24.025  23.326  -29.760 0.0000000000
83072  -24.662  22.835  -29.482 0.0000000000
82165  -24.998  21.139  -29.389 0.0000000000
82166  -25.881  21.098  -29.006 0.0000000000
122819  -25.478  20.242  -29.169 0.0000000000
79722  -20.764  18.295  -32.252 0.0000000000
79711  -22.275  18.536  -31.745 0.0000000000
80526  -22.788  19.087  -31.428 0.0000000000
79712  -23.039  18.520  -31.357 0.0000000000
78816  -24.769  18.206  -29.852 0.0000000000
79680  -24.884  18.971  -29.728 0.0000000000
79681  -25.484  18.513  -29.412 0.0000000000
80494  -26.394  19.308  -28.755 0.0000000000
79667  -26.719  18.640  -28.677 0.0000000000
116495  -27.062  16.983  -28.671 0.0000000000
77971  -27.586  16.428  -28.663 0.0000000000
77972  -28.589  16.614  -28.603 0.0000000000
123558  -27.283  15.755  -28.774 0.0000000000
76256  -24.325  14.714  -30.532 0.0000000000
76257  -25.162  14.888  -30.081 0.0000000000
111891  -24.943  14.074  -30.303 0.0000000000
120777  -26.870  13.730  -29.530 0.0000000000
76243  -26.740  14.541  -29.327 0.0000000000
127813  -27.396  14.197  -29.185 0.0000000000
76244  -28.211  14.195  -28.882 0.0000000000
74575  -28.425  11.975  -30.172 0.0000000000
73747  -29.756  11.239  -30.267 0.0000000000
72902  -21.332  10.403  -31.614 0.0000000000
123109  -23.596  9.740  -31.546 0.0000000000
72906  -23.865  10.493  -31.419 0.0000000000
112509  -24.635  9.760  -31.457 0.0000000000
110941  -25.496  7.867  -31.515 0.0000000000
70254  -26.247  7.365  -31.408 0.0000000000
72046  -26.839  9.278  -31.391 0.0000000000
72908  -26.530  10.073  -31.218 0.0000000000
72909  -27.466  9.863  -31.142 0.0000000000
72910  -28.270  9.606  -31.000 0.0000000000
72035  -29.467  9.816  -30.406 0.0000000000
72026  -29.935  9.868  -29.842 0.0000000000
63963  -26.990  0.436  -28.410 0.0000000000
63982  -25.772  1.093  -29.956 0.0000000000
63962  -26.804  1.030  -28.959 0.0000000000
64908  -26.895  1.850  -29.363 0.0000000000
118510  -27.324  1.015  -28.239 0.0000000000
74604  -21.359  13.069  -31.922 0.0000000000
74593  -21.431  12.056  -31.731 0.0000000000
67585  -26.342  4.703  -31.032 0.0000000000
67577  -27.033  4.780  -30.580 0.0000000000
67557  -28.470  4.461  -28.512 0.0000000000
126702  -28.416  3.774  -28.037 0.0000000000
57655  -24.838  -6.177  -27.155 0.0000000000
59418  -24.199  -4.021  -28.610 0.0000000000
59419  -24.900  -4.262  -28.069 0.0000000000
59399  -25.954  -4.191  -27.108 0.0000000000
67583  -22.465  4.516  -31.709 0.0000000000
66745  -22.347  3.800  -31.801 0.0000000000
66746  -23.019  3.387  -31.905 0.0000000000
65853  -23.512  2.634  -31.837 0.0000000000
125723  -19.680  26.909  -30.650 0.0000000000
84816  -20.418  24.654  -31.650 0.0000000000
84817  -21.577  24.689  -31.434 0.0000000000
115843  -21.168  23.868  -31.625 0.0000000000
82178  -21.250  21.921  -31.655 0.0000000000
122794  -20.566  21.263  -31.943 0.0000000000
82180  -23.248  21.584  -30.313 0.0000000000
82164  -24.240  21.842  -29.657 0.0000000000
81344  -23.274  20.541  -30.633 0.0000000000
119068  -23.876  19.942  -30.325 0.0000000000
78843  -22.632  17.855  -31.707 0.0000000000
119095  -23.345  17.901  -31.082 0.0000000000
78817  -25.482  17.649  -29.458 0.0000000000
77969  -25.611  16.584  -29.484 0.0000000000
77132  -26.032  15.770  -29.388 0.0000000000
114073  -24.781  13.192  -30.503 0.0000000000
75429  -25.542  13.565  -30.150 0.0000000000
75408  -26.278  13.192  -29.971 0.0000000000
74548  -27.135  12.955  -29.836 0.0000000000
125688  -22.360  9.694  -31.566 0.0000000000
72042  -22.740  9.158  -31.560 0.0000000000
72043  -23.389  9.110  -31.581 0.0000000000
72044  -24.188  9.083  -31.588 0.0000000000
69390  -27.771  7.340  -31.083 0.0000000000
70255  -27.083  7.733  -31.357 0.0000000000
71180  -27.934  8.292  -31.274 0.0000000000
72048  -28.349  8.958  -31.139 0.0000000000
71166  -29.156  8.955  -30.503 0.0000000000
72025  -29.542  9.293  -30.063 0.0000000000
71158  -29.772  9.198  -29.539 0.0000000000
72012  -30.151  9.659  -28.932 0.0000000000
61247  -25.050  -1.919  -29.193 0.0000000000
62139  -24.649  -1.507  -29.565 0.0000000000
62140  -25.196  -1.154  -29.413 0.0000000000
63077  -25.171  -0.332  -29.774 0.0000000000
63995  -25.047  0.630  -30.290 0.0000000000
63983  -25.747  0.258  -29.589 0.0000000000
63060  -26.426  0.073  -28.897 0.0000000000
77171  -22.079  15.577  -32.255 0.0000000000
77162  -22.645  15.517  -31.662 0.0000000000
77149  -23.943  15.588  -30.636 0.0000000000
76272  -22.929  14.673  -31.353 0.0000000000
75427  -23.589  14.152  -30.986 0.0000000000
75447  -22.111  13.278  -31.629 0.0000000000
75449  -23.517  13.248  -31.078 0.0000000000
123750  -24.078  12.946  -30.793 0.0000000000
74571  -24.417  12.338  -30.797 0.0000000000
73742  -24.908  11.660  -30.907 0.0000000000
111031  -24.429  6.819  -31.547 0.0000000000
69388  -26.139  6.604  -31.353 0.0000000000
127794  -26.597  5.737  -31.145 0.0000000000
68509  -27.115  5.934  -30.958 0.0000000000
69389  -27.356  6.544  -30.968 0.0000000000
69378  -27.944  6.731  -30.706 0.0000000000
70236  -28.395  6.832  -30.146 0.0000000000
69368  -28.774  6.856  -29.508 0.0000000000
70227  -29.207  7.214  -29.027 0.0000000000
69358  -28.995  6.417  -28.856 0.0000000000
68464  -28.958  5.008  -27.962 0.0000000000
61246  -24.344  -2.107  -29.460 0.0000000000
60332  -25.011  -3.339  -28.442 0.0000000000
61231  -24.689  -2.629  -28.969 0.0000000000
61233  -26.034  -2.124  -28.229 0.0000000000
111033  -23.143  6.672  -31.558 0.0000000000
111032  -23.803  6.244  -31.578 0.0000000000
132781  -24.505  5.191  -31.605 0.0000000000
126303  -24.812  4.641  -31.566 0.0000000000
66749  -25.830  4.034  -31.138 0.0000000000
65838  -26.840  2.557  -29.749 0.0000000000
87680  -20.197  28.376  -30.184 0.0000000000
86302  -19.081  26.389  -30.384 0.0000000000
86311  -20.164  26.567  -31.240 0.0000000000
86313  -21.887  27.152  -31.551 0.0000000000
85565  -24.958  25.569  -30.600 0.0000000000
84802  -25.798  25.087  -30.243 0.0000000000
83103  -20.898  22.915  -31.883 0.0000000000
83951  -22.476  23.316  -30.994 0.0000000000
84790  -25.113  24.270  -29.818 0.0000000000
84791  -26.162  24.175  -29.783 0.0000000000
84792  -26.937  23.844  -29.857 0.0000000000
83074  -26.659  22.541  -29.404 0.0000000000
121620  -25.088  22.094  -29.352 0.0000000000
114693  -25.863  21.878  -29.215 0.0000000000
79709  -20.487  19.097  -32.018 0.0000000000
80541  -21.081  19.542  -31.819 0.0000000000
129103  -22.514  19.642  -31.423 0.0000000000
121598  -23.214  19.664  -31.003 0.0000000000
80508  -24.360  19.415  -30.013 0.0000000000
79697  -23.632  18.601  -30.825 0.0000000000
80509  -24.965  19.599  -29.570 0.0000000000
124073  -26.112  19.890  -28.813 0.0000000000
81320  -26.880  19.987  -28.632 0.0000000000
78805  -27.082  17.805  -28.618 0.0000000000
78806  -28.025  17.934  -28.508 0.0000000000
77973  -29.572  16.764  -28.755 0.0000000000
77150  -24.714  15.594  -30.269 0.0000000000
77151  -25.394  15.671  -29.778 0.0000000000
130263  -25.537  14.301  -29.942 0.0000000000
77133  -26.674  15.376  -29.142 0.0000000000
75410  -28.637  13.420  -29.227 0.0000000000
73760  -21.212  11.084  -31.657 0.0000000000
119254  -21.961  10.912  -31.620 0.0000000000
72904  -22.273  10.307  -31.576 0.0000000000
73763  -23.095  10.914  -31.427 0.0000000000
132928  -24.532  11.014  -31.232 0.0000000000
73765  -25.330  11.002  -31.114 0.0000000000
111024  -24.622  7.703  -31.554 0.0000000000
111627  -24.787  8.443  -31.547 0.0000000000
71178  -26.320  8.113  -31.482 0.0000000000
128754  -26.331  8.757  -31.481 0.0000000000
72907  -25.548  10.264  -31.263 0.0000000000
73766  -26.249  10.883  -31.000 0.0000000000
73746  -28.859  11.057  -30.468 0.0000000000
72895  -28.895  10.114  -30.700 0.0000000000
64926  -24.184  2.318  -31.428 0.0000000000
117226  -24.772  2.191  -30.965 0.0000000000
64917  -25.255  1.626  -30.550 0.0000000000
133528  -26.476  2.053  -29.863 0.0000000000
117495  -27.325  2.447  -29.124 0.0000000000
57654  -24.078  -6.483  -27.381 0.0000000000
61232  -25.400  -2.415  -28.614 0.0000000000
63075  -24.019  -0.644  -30.154 0.0000000000
64907  -26.370  1.434  -29.640 0.0000000000
65854  -24.191  3.020  -31.609 0.0000000000
66738  -26.035  3.327  -30.753 0.0000000000
68477  -28.671  5.181  -28.637 0.0000000000
68506  -23.893  5.422  -31.652 0.0000000000
71174  -22.096  8.643  -31.563 0.0000000000
73761  -21.552  11.313  -31.649 0.0000000000
76284  -21.136  14.036  -32.364 0.0000000000
77163  -23.275  15.538  -31.117 0.0000000000
77998  -22.981  16.153  -31.391 0.0000000000
79682  -26.040  18.773  -29.021 0.0000000000
79698  -24.232  18.754  -30.246 0.0000000000
79710  -21.365  18.731  -31.964 0.0000000000
81333  -27.362  20.747  -28.829 0.0000000000
112171  -22.232  9.246  -31.562 0.0000000000
118772  -26.732  6.248  -31.172 0.0000000000
119923  -22.439  10.898  -31.555 0.0000000000
122742  -21.729  23.333  -31.437 0.0000000000
126602  -24.262  3.454  -31.667 0.0000000000
128029  -22.940  4.123  -31.789 0.0000000000
128789  -23.352  19.022  -31.112 0.0000000000
130108  -24.649  23.632  -29.639 0.0000000000
