#!ascii label  , from subject sub-s017 vox2ras=TkReg
299
18714  37.168  -49.858  -12.392 0.0000000000
17945  41.781  -50.480  -23.240 0.0000000000
15021  43.436  -54.290  -16.987 0.0000000000
17885  37.698  -50.977  -19.193 0.0000000000
13429  41.070  -56.031  -21.969 0.0000000000
131133  43.734  -54.381  -20.136 0.0000000000
10919  43.549  -57.857  -21.243 0.0000000000
17933  38.730  -50.883  -22.348 0.0000000000
20650  38.720  -47.379  -18.584 0.0000000000
15972  40.070  -52.743  -14.251 0.0000000000
16006  40.346  -52.723  -18.026 0.0000000000
15077  39.201  -53.419  -20.894 0.0000000000
14265  39.130  -54.339  -23.737 0.0000000000
12652  39.716  -56.832  -25.078 0.0000000000
18693  36.180  -49.654  -9.630 0.0000000000
16896  39.860  -51.707  -11.453 0.0000000000
14970  43.183  -53.526  -12.878 0.0000000000
21630  37.602  -46.776  -16.686 0.0000000000
12581  45.189  -56.209  -20.199 0.0000000000
17947  40.054  -50.707  -23.087 0.0000000000
114084  39.971  -49.008  -21.536 0.0000000000
15003  41.205  -53.435  -15.192 0.0000000000
115745  41.609  -53.349  -17.274 0.0000000000
14241  41.922  -55.232  -21.298 0.0000000000
15075  41.329  -53.831  -20.194 0.0000000000
14242  40.228  -54.767  -21.546 0.0000000000
14243  39.316  -54.436  -22.184 0.0000000000
13442  39.476  -55.553  -23.010 0.0000000000
14285  40.464  -54.900  -25.800 0.0000000000
16889  40.709  -52.004  -10.262 0.0000000000
15936  41.200  -52.571  -12.177 0.0000000000
15930  42.773  -52.803  -11.421 0.0000000000
17865  37.574  -50.876  -17.615 0.0000000000
109834  37.062  -49.453  -18.019 0.0000000000
19708  41.309  -48.496  -17.194 0.0000000000
20609  40.628  -48.053  -16.847 0.0000000000
14190  45.231  -54.645  -18.248 0.0000000000
15046  43.918  -54.074  -18.584 0.0000000000
14210  44.920  -54.551  -19.591 0.0000000000
12598  44.218  -56.105  -20.965 0.0000000000
12600  43.091  -56.720  -21.761 0.0000000000
129824  37.742  -50.979  -20.655 0.0000000000
19750  37.726  -48.534  -19.478 0.0000000000
18819  38.193  -49.288  -20.847 0.0000000000
20670  40.213  -47.553  -19.478 0.0000000000
131497  43.294  -50.083  -22.742 0.0000000000
17807  38.292  -51.296  -13.847 0.0000000000
16964  38.785  -51.967  -17.271 0.0000000000
16975  38.879  -52.015  -18.125 0.0000000000
15048  41.931  -53.419  -18.639 0.0000000000
15063  40.797  -53.382  -19.597 0.0000000000
16023  38.691  -52.311  -19.746 0.0000000000
126356  38.433  -52.734  -21.825 0.0000000000
128377  38.702  -52.759  -23.300 0.0000000000
16062  40.137  -52.214  -24.346 0.0000000000
11778  39.623  -56.912  -23.381 0.0000000000
13460  39.447  -55.111  -24.724 0.0000000000
15114  39.956  -53.474  -25.060 0.0000000000
17047  41.915  -51.410  -24.383 0.0000000000
19628  35.469  -47.713  -10.770 0.0000000000
18707  36.814  -49.556  -11.641 0.0000000000
17786  38.280  -50.904  -10.469 0.0000000000
17795  38.617  -51.072  -12.314 0.0000000000
16901  39.560  -51.955  -12.938 0.0000000000
15955  41.457  -53.220  -13.559 0.0000000000
15001  42.733  -54.044  -14.592 0.0000000000
14999  44.965  -54.413  -14.160 0.0000000000
14172  44.669  -54.748  -15.799 0.0000000000
20628  38.407  -47.099  -17.794 0.0000000000
18715  36.466  -49.104  -12.451 0.0000000000
19643  35.883  -48.120  -12.491 0.0000000000
18732  36.755  -49.484  -13.227 0.0000000000
120015  40.967  -50.249  -22.860 0.0000000000
18857  40.946  -49.617  -22.238 0.0000000000
15022  42.607  -54.103  -16.193 0.0000000000
15023  41.612  -53.559  -16.252 0.0000000000
110476  42.403  -53.824  -17.105 0.0000000000
128962  41.768  -55.721  -21.662 0.0000000000
13430  40.866  -55.379  -21.676 0.0000000000
14253  39.791  -55.165  -22.247 0.0000000000
13441  40.158  -55.784  -22.267 0.0000000000
13467  41.312  -55.434  -26.248 0.0000000000
15931  41.688  -52.573  -11.528 0.0000000000
17880  37.670  -50.957  -18.391 0.0000000000
17881  37.273  -50.210  -18.203 0.0000000000
116574  37.438  -50.343  -18.882 0.0000000000
19707  41.829  -48.905  -16.768 0.0000000000
14201  45.177  -54.528  -18.981 0.0000000000
14209  45.584  -54.895  -19.381 0.0000000000
11742  44.049  -57.516  -20.718 0.0000000000
12582  44.770  -56.215  -20.584 0.0000000000
12599  43.822  -56.598  -21.391 0.0000000000
115706  43.571  -56.193  -21.375 0.0000000000
115617  43.652  -57.156  -21.534 0.0000000000
16989  37.841  -50.826  -21.098 0.0000000000
17916  37.906  -50.048  -21.011 0.0000000000
18837  38.422  -49.648  -21.303 0.0000000000
19764  39.583  -48.222  -20.591 0.0000000000
20684  40.347  -47.840  -20.286 0.0000000000
20647  41.158  -47.628  -18.374 0.0000000000
16914  38.829  -51.747  -13.845 0.0000000000
16927  38.549  -51.692  -14.519 0.0000000000
117386  39.667  -52.629  -15.044 0.0000000000
16007  39.572  -52.385  -17.644 0.0000000000
16016  39.595  -52.473  -18.467 0.0000000000
15060  43.590  -53.959  -19.185 0.0000000000
15047  42.936  -53.763  -18.602 0.0000000000
15061  42.655  -53.717  -19.292 0.0000000000
14224  40.753  -54.335  -20.845 0.0000000000
15076  40.170  -53.649  -20.389 0.0000000000
16022  39.805  -53.072  -19.749 0.0000000000
129701  39.527  -53.273  -20.318 0.0000000000
16028  38.350  -52.272  -20.623 0.0000000000
15100  38.845  -53.982  -22.946 0.0000000000
15108  38.551  -53.224  -22.841 0.0000000000
15107  38.923  -53.432  -23.670 0.0000000000
16063  39.260  -52.487  -23.837 0.0000000000
16079  39.548  -53.014  -24.446 0.0000000000
10127  40.368  -59.919  -24.882 0.0000000000
11809  40.127  -57.451  -25.483 0.0000000000
11797  39.720  -57.743  -24.694 0.0000000000
11790  39.591  -57.547  -23.810 0.0000000000
110723  39.461  -56.867  -24.253 0.0000000000
12625  39.402  -56.118  -23.702 0.0000000000
12635  39.497  -55.955  -24.660 0.0000000000
15131  41.448  -53.523  -25.979 0.0000000000
15132  40.547  -53.928  -25.665 0.0000000000
16099  40.803  -53.021  -25.410 0.0000000000
16078  41.142  -52.171  -24.871 0.0000000000
16077  42.344  -51.898  -25.143 0.0000000000
19614  35.494  -48.373  -10.133 0.0000000000
18700  35.954  -49.123  -10.251 0.0000000000
18699  36.393  -49.292  -10.940 0.0000000000
111761  36.504  -49.637  -10.299 0.0000000000
16891  39.132  -51.316  -10.766 0.0000000000
16883  38.797  -51.297  -9.844 0.0000000000
17792  38.347  -50.800  -11.427 0.0000000000
16897  39.065  -51.280  -11.651 0.0000000000
113620  39.346  -51.558  -12.294 0.0000000000
16900  40.042  -52.027  -12.302 0.0000000000
15954  42.044  -53.201  -12.874 0.0000000000
110858  41.272  -52.812  -12.809 0.0000000000
125772  42.417  -53.606  -13.679 0.0000000000
15002  41.756  -53.574  -14.420 0.0000000000
14161  46.308  -54.846  -14.447 0.0000000000
14162  45.834  -54.717  -14.749 0.0000000000
14163  45.031  -54.666  -15.058 0.0000000000
19731  38.141  -47.800  -19.112 0.0000000000
20651  37.745  -47.678  -18.269 0.0000000000
20610  39.917  -47.172  -16.625 0.0000000000
132460  39.448  -50.585  -22.647 0.0000000000
18836  39.153  -49.466  -21.640 0.0000000000
15971  40.395  -53.068  -15.044 0.0000000000
131051  40.066  -52.845  -15.647 0.0000000000
15012  40.699  -53.162  -15.878 0.0000000000
15037  40.985  -52.975  -17.593 0.0000000000
14240  42.826  -55.140  -20.902 0.0000000000
14222  42.980  -54.430  -20.374 0.0000000000
14223  41.923  -54.519  -20.701 0.0000000000
111610  41.169  -54.854  -21.221 0.0000000000
15090  39.662  -54.082  -21.281 0.0000000000
14254  39.225  -54.796  -23.055 0.0000000000
112977  39.866  -56.153  -25.364 0.0000000000
13468  40.454  -55.846  -25.836 0.0000000000
14284  41.311  -54.441  -26.196 0.0000000000
110708  40.626  -52.026  -10.943 0.0000000000
15932  40.720  -52.247  -11.719 0.0000000000
130080  41.088  -52.290  -11.181 0.0000000000
15935  42.436  -53.042  -12.152 0.0000000000
18776  36.847  -48.976  -17.357 0.0000000000
125644  37.118  -47.703  -17.155 0.0000000000
20626  40.309  -47.680  -18.027 0.0000000000
20627  39.372  -47.200  -17.987 0.0000000000
128643  40.700  -48.096  -17.493 0.0000000000
20593  41.254  -48.589  -16.406 0.0000000000
14191  44.385  -54.382  -17.803 0.0000000000
15035  43.212  -53.997  -17.877 0.0000000000
15034  44.697  -54.336  -18.615 0.0000000000
15059  44.464  -54.224  -19.121 0.0000000000
14221  44.432  -54.684  -20.172 0.0000000000
13409  44.408  -55.389  -20.597 0.0000000000
14239  43.708  -54.922  -20.577 0.0000000000
13427  43.616  -55.670  -20.989 0.0000000000
13428  42.747  -55.825  -21.487 0.0000000000
113403  37.751  -51.061  -20.102 0.0000000000
17886  37.495  -50.178  -19.690 0.0000000000
19766  38.041  -48.715  -20.239 0.0000000000
19749  38.341  -48.073  -19.727 0.0000000000
18818  38.760  -49.123  -21.197 0.0000000000
19748  38.858  -48.058  -20.192 0.0000000000
20672  39.062  -47.619  -19.444 0.0000000000
20648  40.620  -47.551  -18.560 0.0000000000
20625  40.970  -48.043  -17.881 0.0000000000
17930  42.686  -50.234  -22.954 0.0000000000
18731  37.424  -50.228  -13.173 0.0000000000
17819  37.652  -50.672  -13.936 0.0000000000
16965  38.183  -51.498  -17.838 0.0000000000
16976  38.229  -51.560  -18.640 0.0000000000
16005  41.081  -53.090  -18.337 0.0000000000
15074  42.342  -53.903  -20.015 0.0000000000
15049  41.200  -53.270  -18.975 0.0000000000
16015  40.360  -52.932  -18.895 0.0000000000
110914  39.451  -52.594  -19.224 0.0000000000
16980  38.851  -52.099  -18.918 0.0000000000
16981  38.172  -51.647  -19.439 0.0000000000
16024  38.108  -51.770  -20.157 0.0000000000
16047  38.224  -52.183  -21.421 0.0000000000
17005  38.196  -51.402  -21.747 0.0000000000
15091  38.723  -53.496  -21.969 0.0000000000
15092  38.448  -52.857  -22.319 0.0000000000
17016  38.540  -51.717  -22.566 0.0000000000
17015  39.178  -51.214  -22.978 0.0000000000
17028  39.853  -51.534  -23.655 0.0000000000
17946  40.864  -50.879  -23.501 0.0000000000
11760  42.132  -57.334  -22.043 0.0000000000
10948  39.964  -58.599  -24.764 0.0000000000
118831  40.114  -56.954  -22.692 0.0000000000
12614  40.418  -56.344  -22.356 0.0000000000
12615  39.755  -56.262  -22.867 0.0000000000
13450  39.281  -55.213  -23.935 0.0000000000
14274  39.331  -54.597  -24.410 0.0000000000
13469  39.812  -55.390  -25.302 0.0000000000
14286  39.733  -54.446  -25.134 0.0000000000
15115  39.355  -53.879  -24.452 0.0000000000
125039  40.279  -52.748  -24.863 0.0000000000
17027  40.916  -51.508  -24.125 0.0000000000
17026  41.612  -50.976  -23.832 0.0000000000
17025  42.615  -50.779  -23.727 0.0000000000
21487  35.404  -46.762  -10.565 0.0000000000
20503  35.243  -47.461  -9.936 0.0000000000
19627  35.681  -47.943  -11.586 0.0000000000
18708  36.165  -48.778  -11.678 0.0000000000
16873  38.467  -51.303  -9.043 0.0000000000
17781  36.847  -50.140  -9.880 0.0000000000
17787  37.089  -49.963  -10.778 0.0000000000
17793  37.521  -50.209  -11.579 0.0000000000
17796  37.888  -50.502  -12.325 0.0000000000
17808  38.126  -50.880  -13.108 0.0000000000
16902  38.857  -51.496  -13.116 0.0000000000
15957  39.784  -52.355  -13.534 0.0000000000
15937  40.649  -52.447  -12.548 0.0000000000
15956  40.591  -52.734  -13.408 0.0000000000
15970  40.871  -53.198  -14.291 0.0000000000
115394  42.078  -53.871  -15.337 0.0000000000
15011  42.940  -54.278  -15.406 0.0000000000
15000  43.887  -54.516  -14.967 0.0000000000
15010  43.628  -54.534  -16.009 0.0000000000
18792  37.311  -49.362  -18.911 0.0000000000
132127  38.161  -46.846  -17.146 0.0000000000
21614  39.036  -46.865  -17.160 0.0000000000
11741  44.656  -56.889  -20.382 0.0000000000
11758  44.115  -56.862  -21.004 0.0000000000
11759  43.041  -57.703  -21.801 0.0000000000
13393  45.772  -55.187  -19.336 0.0000000000
13408  44.845  -55.704  -20.517 0.0000000000
14149  46.071  -54.514  -13.892 0.0000000000
14181  44.484  -54.672  -16.730 0.0000000000
14220  45.165  -55.117  -20.101 0.0000000000
15062  41.732  -53.539  -19.461 0.0000000000
15073  43.261  -54.033  -19.777 0.0000000000
15938  40.109  -52.321  -12.930 0.0000000000
16046  38.582  -52.854  -21.185 0.0000000000
16057  38.352  -52.236  -22.122 0.0000000000
16064  38.510  -52.481  -22.763 0.0000000000
16888  41.405  -52.281  -10.588 0.0000000000
16913  39.253  -51.958  -13.530 0.0000000000
16926  39.264  -52.224  -14.263 0.0000000000
16988  37.931  -51.502  -20.862 0.0000000000
17029  38.869  -52.016  -23.261 0.0000000000
17772  37.804  -51.024  -8.978 0.0000000000
17897  37.684  -50.479  -20.497 0.0000000000
17914  39.266  -50.112  -22.193 0.0000000000
17915  38.391  -50.343  -21.662 0.0000000000
17929  43.964  -49.934  -22.452 0.0000000000
17932  40.127  -50.100  -22.532 0.0000000000
17944  43.604  -50.356  -23.105 0.0000000000
18805  37.540  -49.285  -19.769 0.0000000000
18820  37.693  -49.661  -20.377 0.0000000000
19613  35.822  -48.556  -10.910 0.0000000000
19721  37.112  -48.036  -17.579 0.0000000000
19732  37.554  -48.334  -18.834 0.0000000000
19765  38.765  -48.642  -20.761 0.0000000000
19782  39.430  -48.769  -21.178 0.0000000000
20519  35.540  -47.064  -11.371 0.0000000000
20629  37.578  -47.314  -17.361 0.0000000000
20649  39.710  -47.449  -18.716 0.0000000000
20671  39.609  -47.761  -20.030 0.0000000000
22371  35.663  -45.750  -10.443 0.0000000000
109992  37.170  -48.611  -18.202 0.0000000000
110577  40.044  -47.489  -17.390 0.0000000000
115496  37.552  -50.530  -10.186 0.0000000000
117043  45.258  -54.950  -16.355 0.0000000000
124545  38.994  -52.891  -20.298 0.0000000000
124754  37.755  -50.495  -10.897 0.0000000000
126817  44.113  -54.250  -19.646 0.0000000000
127879  41.581  -53.229  -17.949 0.0000000000
128923  40.547  -47.666  -15.914 0.0000000000
130836  41.712  -52.833  -12.302 0.0000000000
131377  39.234  -52.732  -19.725 0.0000000000
