#!ascii label  , from subject sub-s017 vox2ras=TkReg
256
71346  31.989  9.657  -29.038 0.0000000000
65455  28.229  1.788  -28.179 0.0000000000
75457  31.169  14.717  -26.633 0.0000000000
83597  30.653  24.396  -30.043 0.0000000000
64538  25.608  1.555  -27.508 0.0000000000
120903  32.539  15.814  -30.020 0.0000000000
119813  32.504  18.073  -29.648 0.0000000000
115548  28.517  9.106  -27.414 0.0000000000
68780  29.255  6.269  -27.640 0.0000000000
68811  31.980  6.564  -29.945 0.0000000000
72246  34.512  10.672  -31.363 0.0000000000
70514  34.481  7.162  -31.360 0.0000000000
73797  31.865  12.263  -27.836 0.0000000000
74680  33.376  12.884  -30.759 0.0000000000
82012  31.136  22.127  -28.075 0.0000000000
80470  31.718  20.405  -31.212 0.0000000000
66323  29.968  2.844  -28.599 0.0000000000
78086  32.219  17.918  -27.463 0.0000000000
78903  32.385  18.849  -27.956 0.0000000000
71333  30.414  9.348  -27.581 0.0000000000
70487  30.494  7.664  -27.931 0.0000000000
70486  31.623  8.427  -28.992 0.0000000000
123671  26.473  1.529  -27.613 0.0000000000
74637  31.042  13.294  -26.897 0.0000000000
112804  32.434  12.761  -29.022 0.0000000000
113693  32.217  14.031  -28.025 0.0000000000
77267  32.291  16.060  -31.943 0.0000000000
75520  33.168  14.832  -31.979 0.0000000000
84371  30.210  24.846  -28.615 0.0000000000
81225  29.939  22.039  -27.434 0.0000000000
82833  31.290  23.122  -29.207 0.0000000000
82069  29.615  22.889  -33.224 0.0000000000
81279  30.153  21.704  -32.810 0.0000000000
81268  31.360  21.318  -31.392 0.0000000000
80478  30.552  20.406  -32.907 0.0000000000
79703  31.109  19.747  -32.548 0.0000000000
67931  30.832  4.539  -29.124 0.0000000000
67916  29.415  4.516  -28.185 0.0000000000
125799  24.014  1.105  -27.355 0.0000000000
76339  32.512  15.405  -28.512 0.0000000000
122967  32.473  16.200  -28.174 0.0000000000
78109  32.370  16.996  -30.668 0.0000000000
78114  32.057  17.474  -31.452 0.0000000000
116329  27.442  7.007  -27.478 0.0000000000
117752  28.712  7.824  -27.449 0.0000000000
69643  30.730  6.668  -28.604 0.0000000000
67112  32.521  4.304  -29.708 0.0000000000
72226  32.879  10.364  -29.957 0.0000000000
120256  33.372  8.712  -30.811 0.0000000000
71386  34.511  9.219  -31.467 0.0000000000
72205  29.804  10.711  -27.277 0.0000000000
119745  29.370  12.181  -27.087 0.0000000000
123854  31.890  10.768  -28.516 0.0000000000
73031  33.073  11.306  -30.084 0.0000000000
73040  34.131  11.784  -31.110 0.0000000000
73856  35.221  12.603  -31.804 0.0000000000
125017  32.842  14.328  -30.615 0.0000000000
74704  34.183  13.749  -31.878 0.0000000000
120427  31.035  20.865  -27.576 0.0000000000
116978  30.719  23.914  -30.813 0.0000000000
82043  31.339  22.734  -30.137 0.0000000000
81247  31.824  21.618  -29.245 0.0000000000
80439  32.199  20.382  -28.676 0.0000000000
79687  32.251  19.326  -30.550 0.0000000000
78944  31.459  18.245  -32.612 0.0000000000
118908  27.212  3.748  -27.512 0.0000000000
112143  27.720  5.440  -27.425 0.0000000000
69666  33.030  7.269  -30.658 0.0000000000
67942  33.450  4.612  -30.196 0.0000000000
78904  31.866  18.528  -27.155 0.0000000000
79654  31.708  19.258  -27.285 0.0000000000
71332  31.128  9.480  -27.961 0.0000000000
71348  31.019  8.591  -28.063 0.0000000000
71361  32.078  9.055  -29.332 0.0000000000
62842  22.844  0.158  -26.856 0.0000000000
63689  23.520  0.648  -27.178 0.0000000000
65456  27.183  1.891  -27.764 0.0000000000
121503  30.759  14.044  -26.707 0.0000000000
121431  31.556  13.986  -27.085 0.0000000000
77277  32.404  16.186  -32.783 0.0000000000
76405  33.003  15.640  -33.068 0.0000000000
120496  30.561  24.483  -29.108 0.0000000000
83595  30.494  24.121  -28.409 0.0000000000
82829  30.887  23.320  -28.365 0.0000000000
82834  30.896  23.878  -29.150 0.0000000000
81278  30.678  21.173  -32.431 0.0000000000
125648  31.742  4.045  -29.283 0.0000000000
67106  31.058  3.711  -29.056 0.0000000000
66310  25.617  3.100  -27.465 0.0000000000
77223  31.960  16.350  -27.054 0.0000000000
129283  31.898  17.240  -26.996 0.0000000000
78098  32.512  17.356  -29.713 0.0000000000
114717  32.359  17.788  -30.483 0.0000000000
84383  29.766  25.510  -29.898 0.0000000000
70474  29.072  8.531  -27.400 0.0000000000
115606  31.389  6.904  -29.225 0.0000000000
68795  31.363  5.974  -29.497 0.0000000000
67943  32.238  5.246  -30.032 0.0000000000
111030  24.748  1.246  -27.448 0.0000000000
118648  25.494  0.622  -27.460 0.0000000000
72239  33.409  10.027  -30.597 0.0000000000
71375  33.671  9.358  -30.985 0.0000000000
72238  34.012  10.184  -31.134 0.0000000000
72206  28.723  10.696  -27.337 0.0000000000
123452  30.367  12.538  -26.946 0.0000000000
72991  31.173  11.739  -27.386 0.0000000000
72992  30.123  11.599  -27.168 0.0000000000
73005  31.863  11.462  -28.194 0.0000000000
73004  32.425  11.171  -29.179 0.0000000000
73807  32.251  12.050  -28.694 0.0000000000
120766  32.854  12.847  -29.878 0.0000000000
73835  33.241  12.106  -30.333 0.0000000000
73847  34.009  12.514  -31.232 0.0000000000
73846  34.605  12.175  -31.427 0.0000000000
74688  34.467  12.956  -31.620 0.0000000000
76354  32.572  15.241  -29.488 0.0000000000
76367  32.689  15.141  -30.541 0.0000000000
75519  33.797  14.455  -32.205 0.0000000000
74703  34.920  13.486  -32.088 0.0000000000
80427  29.436  21.351  -27.267 0.0000000000
81224  30.746  21.663  -27.667 0.0000000000
81235  31.405  21.397  -28.054 0.0000000000
82068  30.014  22.396  -32.692 0.0000000000
82854  29.910  23.204  -32.521 0.0000000000
82044  30.952  23.213  -30.996 0.0000000000
82055  31.173  22.323  -31.135 0.0000000000
81259  31.672  21.752  -30.175 0.0000000000
115472  31.878  20.922  -30.521 0.0000000000
80452  32.114  20.898  -29.547 0.0000000000
80464  32.182  20.121  -30.305 0.0000000000
80451  32.334  20.097  -29.379 0.0000000000
79688  31.928  19.614  -31.192 0.0000000000
116235  31.057  18.941  -33.001 0.0000000000
79696  31.567  19.068  -32.021 0.0000000000
78952  31.243  18.218  -33.519 0.0000000000
78122  31.714  17.560  -33.039 0.0000000000
67096  26.361  4.686  -27.438 0.0000000000
68781  28.118  6.244  -27.438 0.0000000000
112755  28.795  5.390  -27.626 0.0000000000
67093  29.691  3.618  -28.532 0.0000000000
66306  29.161  3.055  -28.391 0.0000000000
70515  33.561  7.802  -30.987 0.0000000000
69665  34.011  6.598  -31.152 0.0000000000
78916  32.515  18.740  -29.137 0.0000000000
71334  29.366  9.358  -27.365 0.0000000000
70473  30.069  8.531  -27.535 0.0000000000
69642  31.170  7.650  -28.680 0.0000000000
69655  31.762  7.601  -29.442 0.0000000000
110251  26.383  0.823  -27.599 0.0000000000
64537  27.067  1.078  -27.772 0.0000000000
124727  28.315  0.444  -28.109 0.0000000000
120074  34.863  9.953  -31.588 0.0000000000
117074  29.952  13.614  -26.708 0.0000000000
73798  31.338  12.589  -27.278 0.0000000000
73796  32.203  12.687  -28.253 0.0000000000
74636  31.882  13.145  -27.600 0.0000000000
74653  32.309  13.252  -28.377 0.0000000000
116216  32.538  13.658  -29.188 0.0000000000
77260  32.493  16.089  -30.892 0.0000000000
76378  32.722  15.355  -31.528 0.0000000000
76391  32.782  15.518  -32.347 0.0000000000
76390  33.444  15.102  -32.578 0.0000000000
82024  30.960  22.723  -28.046 0.0000000000
82023  31.300  22.604  -28.555 0.0000000000
81269  30.638  21.950  -32.059 0.0000000000
80477  31.209  20.504  -32.064 0.0000000000
120365  31.541  19.879  -31.815 0.0000000000
79704  30.588  19.665  -33.384 0.0000000000
129866  30.297  5.221  -28.680 0.0000000000
67915  29.698  5.334  -28.130 0.0000000000
124472  30.087  4.732  -28.663 0.0000000000
67107  30.260  4.054  -28.828 0.0000000000
116270  24.020  1.851  -27.461 0.0000000000
125029  25.241  2.432  -27.485 0.0000000000
65457  26.120  2.255  -27.530 0.0000000000
66309  26.638  2.939  -27.535 0.0000000000
76324  30.647  15.397  -26.493 0.0000000000
75473  31.943  14.758  -27.217 0.0000000000
76340  32.223  15.501  -27.565 0.0000000000
121734  32.546  16.015  -29.175 0.0000000000
77240  32.423  17.070  -27.818 0.0000000000
77239  32.529  16.845  -28.904 0.0000000000
77251  32.509  16.536  -29.907 0.0000000000
132366  32.212  16.685  -31.489 0.0000000000
78121  31.996  16.890  -32.355 0.0000000000
84376  29.887  25.453  -28.970 0.0000000000
84375  30.284  25.010  -29.510 0.0000000000
69633  28.427  7.058  -27.466 0.0000000000
69632  29.219  7.174  -27.535 0.0000000000
120155  29.630  7.771  -27.535 0.0000000000
69631  29.977  6.899  -27.810 0.0000000000
68779  30.158  5.969  -28.249 0.0000000000
68796  30.803  5.534  -29.002 0.0000000000
67930  31.562  4.864  -29.565 0.0000000000
71360  32.466  9.624  -29.633 0.0000000000
120430  32.520  8.974  -29.880 0.0000000000
71376  33.001  9.377  -30.327 0.0000000000
70525  34.253  8.275  -31.356 0.0000000000
71385  35.418  9.074  -31.709 0.0000000000
119012  35.422  8.196  -31.622 0.0000000000
70524  35.438  7.129  -31.503 0.0000000000
117722  29.222  10.115  -27.311 0.0000000000
117865  29.911  9.950  -27.379 0.0000000000
72204  30.740  10.199  -27.583 0.0000000000
72993  29.139  11.426  -27.229 0.0000000000
127318  30.679  11.019  -27.379 0.0000000000
72214  31.588  10.067  -28.349 0.0000000000
72213  32.220  10.275  -29.128 0.0000000000
122119  33.514  10.744  -30.599 0.0000000000
73819  32.684  12.033  -29.578 0.0000000000
73030  33.636  11.508  -30.690 0.0000000000
115928  34.089  11.050  -31.034 0.0000000000
73039  34.673  11.365  -31.412 0.0000000000
73845  35.089  11.875  -31.582 0.0000000000
75486  32.539  14.607  -28.820 0.0000000000
75498  32.610  14.438  -29.854 0.0000000000
74690  33.224  13.803  -31.026 0.0000000000
75507  33.010  14.588  -31.258 0.0000000000
75506  33.547  14.119  -31.635 0.0000000000
74689  33.804  13.311  -31.383 0.0000000000
80425  31.370  20.065  -27.451 0.0000000000
82839  31.042  23.580  -30.049 0.0000000000
82033  31.575  22.312  -29.294 0.0000000000
123115  31.566  21.880  -28.624 0.0000000000
80440  31.897  21.157  -28.663 0.0000000000
125776  31.754  20.623  -28.014 0.0000000000
79665  32.115  19.814  -27.952 0.0000000000
79664  32.399  19.567  -28.759 0.0000000000
79675  32.419  19.424  -29.724 0.0000000000
78928  32.391  18.625  -30.272 0.0000000000
79695  32.073  18.839  -31.174 0.0000000000
78935  32.159  18.185  -31.052 0.0000000000
78115  31.733  17.652  -32.250 0.0000000000
119067  25.997  3.868  -27.442 0.0000000000
66308  27.731  2.686  -27.827 0.0000000000
67917  28.390  4.645  -27.619 0.0000000000
116364  27.390  4.678  -27.449 0.0000000000
67095  28.051  4.042  -27.596 0.0000000000
120182  28.304  3.305  -27.895 0.0000000000
70501  32.204  8.353  -29.679 0.0000000000
69654  32.366  7.539  -30.070 0.0000000000
117147  32.632  6.711  -30.396 0.0000000000
68821  34.526  5.423  -31.008 0.0000000000
68822  33.442  6.126  -30.761 0.0000000000
68810  32.854  5.686  -30.430 0.0000000000
67954  33.826  5.158  -30.639 0.0000000000
70516  32.815  8.355  -30.351 0.0000000000
71347  31.578  9.219  -28.617 0.0000000000
72215  31.362  10.868  -27.819 0.0000000000
73834  33.704  12.143  -30.842 0.0000000000
74667  32.859  13.656  -30.250 0.0000000000
75472  32.391  14.862  -27.979 0.0000000000
76323  31.582  15.459  -26.752 0.0000000000
78085  32.523  17.844  -28.637 0.0000000000
78936  31.802  18.225  -31.769 0.0000000000
82013  30.606  22.431  -27.727 0.0000000000
