#!ascii label  , from subject sub-s021 vox2ras=TkReg
399
96685  -23.594  14.237  -35.254 0.0000000000
92186  -20.138  8.828  -33.307 0.0000000000
93170  -27.471  10.469  -36.654 0.0000000000
88370  -24.341  5.578  -35.769 0.0000000000
106302  -26.651  25.691  -34.060 0.0000000000
142736  -28.169  22.504  -34.391 0.0000000000
100509  -20.736  18.595  -34.039 0.0000000000
84456  -24.061  1.471  -34.934 0.0000000000
90303  -22.559  7.013  -34.765 0.0000000000
87345  -21.732  4.685  -33.921 0.0000000000
105570  -28.067  24.100  -34.038 0.0000000000
103066  -25.053  21.667  -34.525 0.0000000000
96658  -19.634  14.529  -33.367 0.0000000000
99487  -17.889  17.945  -32.309 0.0000000000
98475  -21.581  16.459  -34.461 0.0000000000
100531  -26.601  17.818  -35.618 0.0000000000
98496  -26.697  16.582  -35.609 0.0000000000
96708  -27.938  14.887  -35.841 0.0000000000
146089  -18.680  11.921  -32.291 0.0000000000
94063  -21.484  11.575  -34.328 0.0000000000
94998  -25.536  12.261  -35.844 0.0000000000
144582  -23.921  9.400  -35.337 0.0000000000
90316  -26.002  7.856  -36.260 0.0000000000
88374  -28.084  5.617  -36.335 0.0000000000
144292  -21.321  20.040  -33.447 0.0000000000
101408  -26.144  19.475  -35.266 0.0000000000
157270  -29.476  21.013  -34.281 0.0000000000
85385  -21.302  2.643  -33.251 0.0000000000
86388  -23.835  3.333  -35.167 0.0000000000
142957  -20.469  5.580  -33.089 0.0000000000
86359  -20.217  4.114  -32.633 0.0000000000
103906  -24.890  22.223  -34.238 0.0000000000
103064  -23.941  21.418  -34.399 0.0000000000
138925  -21.124  14.220  -34.281 0.0000000000
154570  -20.224  15.688  -33.771 0.0000000000
145039  -22.311  15.062  -34.726 0.0000000000
97562  -24.608  15.808  -35.502 0.0000000000
137970  -24.857  15.141  -35.530 0.0000000000
97577  -27.150  16.166  -35.695 0.0000000000
96705  -26.055  14.760  -35.588 0.0000000000
140641  -19.741  10.358  -33.113 0.0000000000
94047  -19.946  11.282  -33.387 0.0000000000
93145  -21.019  10.500  -34.073 0.0000000000
147639  -23.078  11.092  -34.894 0.0000000000
92206  -22.105  9.051  -34.576 0.0000000000
89337  -23.373  6.253  -35.217 0.0000000000
90305  -24.280  7.713  -35.550 0.0000000000
88371  -24.882  6.315  -35.845 0.0000000000
133584  -27.154  6.989  -36.468 0.0000000000
88372  -26.101  5.414  -36.476 0.0000000000
143041  -25.581  24.972  -33.644 0.0000000000
106288  -25.078  25.456  -33.524 0.0000000000
106301  -25.801  25.758  -33.863 0.0000000000
107766  -26.054  27.788  -35.362 0.0000000000
138554  -27.845  26.300  -34.476 0.0000000000
104745  -28.215  23.272  -34.174 0.0000000000
100498  -18.893  18.674  -32.887 0.0000000000
100483  -18.948  19.780  -32.557 0.0000000000
101391  -21.077  19.525  -33.754 0.0000000000
101405  -23.685  19.530  -34.825 0.0000000000
100527  -23.425  18.619  -34.969 0.0000000000
100533  -27.351  18.033  -35.544 0.0000000000
101394  -27.675  19.347  -35.064 0.0000000000
101396  -29.349  19.523  -34.438 0.0000000000
143174  -26.490  11.422  -36.382 0.0000000000
95000  -26.861  12.290  -36.258 0.0000000000
84454  -22.541  1.280  -34.034 0.0000000000
133658  -22.830  2.155  -34.437 0.0000000000
85400  -22.440  2.964  -34.324 0.0000000000
84470  -24.341  1.959  -35.198 0.0000000000
90292  -20.377  7.581  -33.323 0.0000000000
91243  -21.627  8.231  -34.300 0.0000000000
145794  -21.186  6.658  -33.728 0.0000000000
88339  -22.244  5.770  -34.395 0.0000000000
87365  -23.144  4.875  -34.958 0.0000000000
105567  -25.764  24.179  -33.718 0.0000000000
136672  -27.142  25.099  -33.859 0.0000000000
143482  -26.530  23.832  -33.802 0.0000000000
104743  -26.500  22.967  -34.085 0.0000000000
147058  -26.850  21.951  -34.534 0.0000000000
146155  -18.310  14.489  -32.338 0.0000000000
147099  -18.496  16.209  -32.619 0.0000000000
98456  -19.404  16.846  -33.359 0.0000000000
99518  -21.301  17.547  -34.380 0.0000000000
146572  -24.238  17.703  -35.331 0.0000000000
149777  -24.073  16.909  -35.323 0.0000000000
99541  -26.880  17.337  -35.621 0.0000000000
100512  -28.985  17.708  -35.233 0.0000000000
99520  -29.080  17.045  -35.265 0.0000000000
82511  -25.544  -0.027  -35.118 0.0000000000
84472  -26.476  1.177  -35.584 0.0000000000
94924  -19.137  12.878  -32.677 0.0000000000
95817  -20.554  13.340  -33.819 0.0000000000
95819  -22.364  13.289  -34.694 0.0000000000
94984  -24.481  12.923  -35.510 0.0000000000
94083  -23.205  12.004  -34.998 0.0000000000
94085  -24.544  11.479  -35.539 0.0000000000
144994  -25.477  10.280  -36.149 0.0000000000
91252  -23.247  8.438  -35.125 0.0000000000
91261  -24.835  8.557  -35.786 0.0000000000
145465  -26.564  9.470  -36.626 0.0000000000
141012  -27.908  8.309  -36.559 0.0000000000
89351  -28.847  6.892  -36.053 0.0000000000
106304  -28.351  25.575  -34.212 0.0000000000
102247  -23.950  20.530  -34.660 0.0000000000
102249  -25.421  20.596  -34.870 0.0000000000
103054  -27.079  21.193  -34.618 0.0000000000
101407  -26.206  18.475  -35.546 0.0000000000
102236  -27.388  20.235  -34.746 0.0000000000
103898  -28.961  22.112  -34.387 0.0000000000
95856  -26.754  13.916  -35.719 0.0000000000
95837  -28.347  14.344  -35.666 0.0000000000
85384  -20.610  3.444  -32.796 0.0000000000
86374  -21.632  3.941  -33.793 0.0000000000
87347  -22.797  4.352  -34.625 0.0000000000
152073  -24.113  3.981  -35.562 0.0000000000
85419  -26.275  2.115  -35.864 0.0000000000
86400  -25.745  3.246  -36.361 0.0000000000
87386  -26.401  4.477  -36.554 0.0000000000
102223  -23.311  20.662  -34.245 0.0000000000
147756  -22.720  14.127  -34.842 0.0000000000
96673  -22.011  14.509  -34.617 0.0000000000
152845  -22.568  14.661  -34.800 0.0000000000
141990  -24.043  15.020  -35.411 0.0000000000
96688  -25.565  15.115  -35.560 0.0000000000
96686  -24.395  14.392  -35.479 0.0000000000
93127  -19.528  9.295  -32.851 0.0000000000
93128  -20.288  9.841  -33.457 0.0000000000
153879  -20.351  10.699  -33.582 0.0000000000
92204  -20.868  9.303  -33.872 0.0000000000
92205  -21.651  9.765  -34.340 0.0000000000
156711  -21.387  8.888  -34.208 0.0000000000
88353  -23.592  5.550  -35.357 0.0000000000
89338  -24.070  6.279  -35.570 0.0000000000
133408  -25.747  6.259  -36.280 0.0000000000
142321  -25.170  5.558  -36.176 0.0000000000
107048  -26.276  26.381  -34.368 0.0000000000
107049  -26.890  26.340  -34.571 0.0000000000
148634  -28.889  23.909  -34.111 0.0000000000
104746  -29.058  22.964  -34.150 0.0000000000
99507  -20.067  18.443  -33.646 0.0000000000
100499  -19.566  19.391  -33.113 0.0000000000
100500  -20.353  19.474  -33.481 0.0000000000
100510  -21.543  18.657  -34.351 0.0000000000
100511  -22.462  18.666  -34.631 0.0000000000
101412  -28.892  18.560  -34.983 0.0000000000
101395  -28.495  19.376  -34.814 0.0000000000
140099  -26.787  10.636  -36.605 0.0000000000
94095  -27.156  11.294  -36.518 0.0000000000
146762  -27.951  11.133  -36.559 0.0000000000
83506  -24.178  0.760  -34.832 0.0000000000
83505  -23.705  0.375  -34.543 0.0000000000
84455  -23.425  1.273  -34.570 0.0000000000
84469  -23.628  2.095  -34.807 0.0000000000
90285  -20.443  6.918  -33.284 0.0000000000
140299  -21.127  5.167  -33.499 0.0000000000
88338  -21.698  5.439  -33.930 0.0000000000
88352  -22.902  5.596  -34.849 0.0000000000
87346  -22.384  4.956  -34.415 0.0000000000
104742  -26.075  23.118  -34.068 0.0000000000
103067  -25.605  22.123  -34.390 0.0000000000
153725  -25.898  22.679  -34.202 0.0000000000
103896  -26.345  22.329  -34.388 0.0000000000
144169  -27.176  22.575  -34.356 0.0000000000
103053  -26.303  21.455  -34.614 0.0000000000
96657  -19.043  14.594  -32.882 0.0000000000
97519  -18.768  15.395  -32.726 0.0000000000
97549  -20.889  15.868  -34.184 0.0000000000
146479  -19.678  15.909  -33.464 0.0000000000
140466  -20.128  16.366  -33.715 0.0000000000
98457  -20.018  17.308  -33.672 0.0000000000
146223  -22.167  16.885  -34.639 0.0000000000
98476  -22.703  16.142  -34.864 0.0000000000
133590  -26.121  16.308  -35.598 0.0000000000
98494  -25.978  16.726  -35.600 0.0000000000
98495  -26.337  16.754  -35.579 0.0000000000
99542  -27.403  17.246  -35.584 0.0000000000
98497  -27.091  16.797  -35.640 0.0000000000
99543  -28.193  17.174  -35.467 0.0000000000
150217  -27.674  16.800  -35.586 0.0000000000
97578  -27.710  15.564  -35.775 0.0000000000
97566  -28.276  15.842  -35.647 0.0000000000
96689  -28.301  15.141  -35.677 0.0000000000
82512  -26.195  -0.408  -35.064 0.0000000000
82513  -26.901  -0.240  -35.039 0.0000000000
94923  -18.237  11.953  -31.754 0.0000000000
95783  -18.250  13.547  -32.118 0.0000000000
152641  -18.480  12.838  -32.182 0.0000000000
94062  -20.670  11.466  -33.875 0.0000000000
94946  -20.216  12.240  -33.616 0.0000000000
94961  -21.034  12.396  -34.089 0.0000000000
95818  -21.442  13.255  -34.357 0.0000000000
94962  -21.906  12.478  -34.515 0.0000000000
94963  -22.841  12.613  -34.864 0.0000000000
94064  -22.446  11.769  -34.672 0.0000000000
93157  -23.496  10.202  -35.003 0.0000000000
150697  -23.847  11.021  -35.265 0.0000000000
93158  -24.298  10.493  -35.441 0.0000000000
93159  -25.063  10.820  -35.813 0.0000000000
92214  -24.809  9.953  -35.686 0.0000000000
145404  -22.023  7.569  -34.489 0.0000000000
91244  -22.464  8.352  -34.721 0.0000000000
152697  -22.736  7.768  -34.886 0.0000000000
90315  -25.157  7.829  -35.848 0.0000000000
91262  -25.761  8.814  -36.300 0.0000000000
91263  -26.639  8.582  -36.487 0.0000000000
90317  -26.851  7.738  -36.423 0.0000000000
89349  -27.564  6.274  -36.462 0.0000000000
134631  -27.811  7.001  -36.453 0.0000000000
89350  -28.228  6.569  -36.326 0.0000000000
105569  -27.238  24.381  -33.823 0.0000000000
135116  -27.836  24.947  -33.978 0.0000000000
98430  -17.657  17.162  -32.200 0.0000000000
102204  -21.128  20.118  -33.348 0.0000000000
101381  -22.153  20.068  -33.809 0.0000000000
137199  -22.806  20.402  -34.140 0.0000000000
151755  -22.507  20.062  -34.144 0.0000000000
101406  -24.620  19.510  -35.166 0.0000000000
102248  -24.771  20.320  -34.964 0.0000000000
102250  -26.142  20.460  -34.851 0.0000000000
102235  -26.704  20.349  -34.801 0.0000000000
140795  -25.301  17.618  -35.555 0.0000000000
102237  -28.220  20.226  -34.663 0.0000000000
103055  -27.923  21.121  -34.578 0.0000000000
103056  -28.861  21.217  -34.501 0.0000000000
103057  -29.536  21.705  -34.199 0.0000000000
144809  -25.142  13.045  -35.659 0.0000000000
94985  -25.801  13.072  -35.768 0.0000000000
142859  -27.788  13.409  -35.947 0.0000000000
84441  -21.969  2.203  -33.758 0.0000000000
150006  -20.872  2.911  -32.829 0.0000000000
138500  -21.218  3.379  -33.322 0.0000000000
85399  -21.800  3.154  -33.821 0.0000000000
86376  -22.866  3.648  -34.600 0.0000000000
135936  -23.436  4.159  -35.023 0.0000000000
84471  -25.320  1.755  -35.594 0.0000000000
136853  -25.573  3.932  -36.414 0.0000000000
144103  -20.272  5.273  -32.877 0.0000000000
87325  -20.589  4.785  -33.115 0.0000000000
87326  -21.231  4.520  -33.517 0.0000000000
103895  -25.331  22.712  -34.055 0.0000000000
103065  -24.369  21.882  -34.319 0.0000000000
96659  -20.303  14.413  -33.745 0.0000000000
97538  -19.945  15.197  -33.605 0.0000000000
148068  -20.602  15.104  -34.034 0.0000000000
96672  -21.418  15.067  -34.444 0.0000000000
97550  -21.926  15.678  -34.599 0.0000000000
97561  -23.516  15.593  -35.232 0.0000000000
97563  -25.460  15.819  -35.569 0.0000000000
97565  -26.380  16.392  -35.587 0.0000000000
97564  -26.109  15.842  -35.594 0.0000000000
147567  -26.527  15.322  -35.630 0.0000000000
96706  -26.987  14.737  -35.708 0.0000000000
93106  -18.924  10.068  -32.506 0.0000000000
94024  -18.766  11.020  -32.433 0.0000000000
94925  -19.412  11.908  -32.966 0.0000000000
93146  -22.024  10.795  -34.498 0.0000000000
93147  -22.615  10.017  -34.619 0.0000000000
92213  -23.001  9.225  -34.854 0.0000000000
144988  -23.184  6.815  -35.121 0.0000000000
135143  -23.807  6.942  -35.409 0.0000000000
89346  -24.616  7.019  -35.615 0.0000000000
89347  -25.449  7.055  -35.926 0.0000000000
89348  -26.292  7.023  -36.378 0.0000000000
132243  -26.679  6.203  -36.486 0.0000000000
88373  -27.230  5.220  -36.527 0.0000000000
105554  -25.165  24.540  -33.458 0.0000000000
107047  -25.767  26.709  -34.297 0.0000000000
107757  -27.270  26.966  -34.851 0.0000000000
131863  -19.139  19.998  -32.516 0.0000000000
101363  -19.509  20.055  -32.697 0.0000000000
101380  -20.693  20.063  -33.308 0.0000000000
101392  -21.917  19.636  -34.076 0.0000000000
101393  -22.787  19.534  -34.500 0.0000000000
100528  -24.443  18.562  -35.293 0.0000000000
101410  -27.214  18.562  -35.452 0.0000000000
101411  -27.873  18.538  -35.317 0.0000000000
102238  -29.069  20.292  -34.486 0.0000000000
94094  -25.896  11.518  -36.185 0.0000000000
94999  -26.156  12.237  -36.078 0.0000000000
94096  -27.612  12.003  -36.405 0.0000000000
85401  -23.244  2.840  -34.701 0.0000000000
85417  -24.568  2.614  -35.511 0.0000000000
91231  -19.945  8.028  -33.072 0.0000000000
91242  -20.762  8.257  -33.676 0.0000000000
90293  -21.151  7.407  -33.834 0.0000000000
90294  -21.748  6.833  -34.235 0.0000000000
89315  -20.949  6.032  -33.481 0.0000000000
89326  -21.673  6.165  -33.989 0.0000000000
89327  -22.165  6.381  -34.434 0.0000000000
89336  -22.739  6.290  -34.801 0.0000000000
104730  -25.150  23.809  -33.408 0.0000000000
104731  -25.384  23.525  -33.676 0.0000000000
105568  -26.401  24.844  -33.761 0.0000000000
104744  -27.347  23.401  -34.005 0.0000000000
98431  -18.181  17.058  -32.498 0.0000000000
146680  -19.157  16.093  -32.983 0.0000000000
98455  -18.818  16.904  -32.869 0.0000000000
99505  -18.957  17.615  -33.097 0.0000000000
99506  -19.420  18.048  -33.383 0.0000000000
99519  -22.249  17.696  -34.669 0.0000000000
99537  -24.933  17.056  -35.486 0.0000000000
98492  -23.830  16.254  -35.309 0.0000000000
135030  -25.525  16.690  -35.576 0.0000000000
99540  -26.556  17.344  -35.612 0.0000000000
143579  -27.208  17.635  -35.596 0.0000000000
100534  -27.909  17.804  -35.452 0.0000000000
99521  -29.771  17.459  -34.817 0.0000000000
98498  -27.668  16.289  -35.672 0.0000000000
92227  -27.864  9.692  -36.662 0.0000000000
82510  -24.807  0.290  -34.975 0.0000000000
157328  -25.150  0.518  -35.215 0.0000000000
83517  -24.750  1.061  -35.241 0.0000000000
95801  -18.736  13.704  -32.552 0.0000000000
95802  -19.382  13.778  -33.064 0.0000000000
145825  -19.765  13.001  -33.312 0.0000000000
95803  -19.915  13.819  -33.480 0.0000000000
154707  -21.890  13.868  -34.556 0.0000000000
95833  -23.228  13.414  -35.084 0.0000000000
95834  -24.027  13.567  -35.391 0.0000000000
94983  -23.704  12.657  -35.278 0.0000000000
147775  -24.307  12.228  -35.465 0.0000000000
94084  -23.798  11.771  -35.283 0.0000000000
94093  -25.301  11.551  -35.866 0.0000000000
93169  -25.653  10.907  -36.233 0.0000000000
141007  -26.236  10.825  -36.453 0.0000000000
92225  -26.463  10.191  -36.638 0.0000000000
90304  -23.388  7.578  -35.244 0.0000000000
91253  -24.019  8.453  -35.468 0.0000000000
159261  -24.554  9.153  -35.677 0.0000000000
92223  -25.256  9.443  -35.998 0.0000000000
92224  -25.916  9.801  -36.468 0.0000000000
92226  -27.048  9.930  -36.775 0.0000000000
91264  -27.360  9.071  -36.638 0.0000000000
91265  -28.264  8.903  -36.549 0.0000000000
90318  -27.599  7.652  -36.488 0.0000000000
90319  -28.314  7.497  -36.405 0.0000000000
106303  -27.460  25.654  -34.206 0.0000000000
102234  -23.495  20.800  -34.337 0.0000000000
147525  -24.514  21.194  -34.634 0.0000000000
145184  -25.699  21.350  -34.656 0.0000000000
103897  -27.602  21.894  -34.536 0.0000000000
100529  -25.448  18.481  -35.492 0.0000000000
136288  -26.542  19.573  -35.160 0.0000000000
101409  -26.695  18.646  -35.485 0.0000000000
102251  -26.990  19.365  -35.188 0.0000000000
145019  -28.341  21.793  -34.505 0.0000000000
95835  -24.746  13.758  -35.561 0.0000000000
95855  -26.181  13.914  -35.632 0.0000000000
150975  -26.961  13.208  -35.941 0.0000000000
95857  -27.333  13.905  -35.802 0.0000000000
86360  -20.932  4.039  -33.228 0.0000000000
153499  -22.193  3.595  -34.191 0.0000000000
86375  -22.256  4.187  -34.275 0.0000000000
87366  -23.943  4.765  -35.566 0.0000000000
85418  -25.498  2.639  -36.006 0.0000000000
85433  -26.417  2.848  -36.320 0.0000000000
86389  -24.842  3.413  -35.967 0.0000000000
145650  -24.731  4.282  -36.059 0.0000000000
87385  -25.411  4.766  -36.363 0.0000000000
85416  -23.910  2.595  -35.049 0.0000000000
86401  -26.494  3.588  -36.543 0.0000000000
87384  -24.641  4.993  -36.015 0.0000000000
92185  -19.586  8.452  -32.806 0.0000000000
94046  -19.371  10.942  -32.873 0.0000000000
95001  -27.413  12.904  -36.085 0.0000000000
95836  -25.480  14.039  -35.597 0.0000000000
95858  -27.870  14.179  -35.806 0.0000000000
96687  -24.995  14.513  -35.570 0.0000000000
96707  -27.519  14.859  -35.790 0.0000000000
97537  -19.369  15.316  -33.206 0.0000000000
97551  -22.732  15.475  -34.881 0.0000000000
97567  -28.877  15.413  -35.348 0.0000000000
97576  -26.757  15.920  -35.663 0.0000000000
98408  -17.520  16.769  -32.051 0.0000000000
98474  -20.725  16.828  -34.013 0.0000000000
98493  -24.825  16.463  -35.506 0.0000000000
99517  -20.537  17.733  -33.987 0.0000000000
99536  -23.214  17.713  -35.020 0.0000000000
99538  -25.804  17.062  -35.619 0.0000000000
99539  -26.107  17.086  -35.597 0.0000000000
100530  -26.133  17.593  -35.632 0.0000000000
100532  -27.011  17.998  -35.600 0.0000000000
101379  -20.084  20.122  -33.038 0.0000000000
102246  -23.116  20.227  -34.388 0.0000000000
131793  -26.616  17.007  -35.598 0.0000000000
134627  -25.477  16.333  -35.566 0.0000000000
135519  -23.050  16.868  -34.970 0.0000000000
137480  -27.121  15.506  -35.724 0.0000000000
139125  -26.446  13.083  -35.883 0.0000000000
140102  -27.293  8.310  -36.511 0.0000000000
144998  -23.088  14.890  -35.056 0.0000000000
149885  -27.735  22.914  -34.229 0.0000000000
150146  -25.499  19.468  -35.292 0.0000000000
150274  -26.740  17.541  -35.614 0.0000000000
153321  -24.903  12.248  -35.633 0.0000000000
156859  -26.519  14.572  -35.636 0.0000000000
159220  -25.945  10.409  -36.452 0.0000000000
159240  -26.061  15.333  -35.582 0.0000000000
