#!ascii label  , from subject sub-s021 vox2ras=TkReg
332
89328  -30.612  6.290  -34.733 0.0000000000
93170  -27.471  10.469  -36.654 0.0000000000
142736  -28.169  22.504  -34.391 0.0000000000
154259  -29.722  18.932  -34.385 0.0000000000
97539  -30.886  15.288  -33.708 0.0000000000
94051  -33.092  11.250  -33.121 0.0000000000
105570  -28.067  24.100  -34.038 0.0000000000
152667  -29.709  16.896  -34.868 0.0000000000
96708  -27.938  14.887  -35.841 0.0000000000
91254  -29.681  8.353  -35.808 0.0000000000
93161  -30.673  10.463  -35.331 0.0000000000
91234  -32.360  8.899  -34.023 0.0000000000
84474  -27.807  1.689  -35.355 0.0000000000
88374  -28.084  5.617  -36.335 0.0000000000
109084  -25.333  29.341  -35.139 0.0000000000
151452  -26.612  28.202  -35.461 0.0000000000
107050  -28.341  26.977  -34.591 0.0000000000
106306  -29.889  26.182  -34.068 0.0000000000
105556  -30.634  24.248  -33.466 0.0000000000
157270  -29.476  21.013  -34.281 0.0000000000
145506  -31.439  21.960  -32.851 0.0000000000
147828  -31.225  19.888  -32.841 0.0000000000
99497  -32.250  17.517  -32.222 0.0000000000
98441  -32.780  16.085  -31.628 0.0000000000
94986  -29.355  12.871  -35.660 0.0000000000
95804  -31.690  13.450  -33.579 0.0000000000
97577  -27.150  16.166  -35.695 0.0000000000
96705  -26.055  14.760  -35.588 0.0000000000
90307  -29.939  7.506  -35.494 0.0000000000
139498  -31.282  8.433  -34.723 0.0000000000
90296  -31.295  7.656  -34.579 0.0000000000
131525  -28.848  -3.097  -33.478 0.0000000000
81523  -29.598  -1.728  -33.531 0.0000000000
82501  -29.159  -0.476  -33.945 0.0000000000
133584  -27.154  6.989  -36.468 0.0000000000
88372  -26.101  5.414  -36.476 0.0000000000
107768  -27.903  27.626  -34.941 0.0000000000
104745  -28.215  23.272  -34.174 0.0000000000
134459  -28.671  24.777  -34.087 0.0000000000
148634  -28.889  23.909  -34.111 0.0000000000
105555  -30.107  24.600  -33.743 0.0000000000
104746  -29.058  22.964  -34.150 0.0000000000
101396  -29.349  19.523  -34.438 0.0000000000
103041  -30.039  21.210  -33.868 0.0000000000
102224  -30.388  20.498  -33.571 0.0000000000
102225  -31.039  20.552  -33.034 0.0000000000
101382  -30.688  19.723  -33.348 0.0000000000
98478  -29.960  16.338  -34.585 0.0000000000
99509  -31.123  17.475  -33.551 0.0000000000
98459  -31.210  16.678  -33.494 0.0000000000
98440  -32.246  16.711  -32.275 0.0000000000
97527  -31.846  15.575  -32.657 0.0000000000
143174  -26.490  11.422  -36.382 0.0000000000
95000  -26.861  12.290  -36.258 0.0000000000
94097  -28.432  11.780  -36.379 0.0000000000
94067  -31.894  11.162  -34.289 0.0000000000
141282  -31.444  11.882  -34.497 0.0000000000
94948  -32.648  11.945  -33.358 0.0000000000
95776  -32.630  13.852  -32.336 0.0000000000
94935  -33.559  12.504  -32.188 0.0000000000
84458  -29.260  1.672  -34.526 0.0000000000
85420  -27.631  2.414  -35.683 0.0000000000
85422  -28.918  2.917  -35.054 0.0000000000
86392  -29.228  3.649  -35.081 0.0000000000
100512  -28.985  17.708  -35.233 0.0000000000
100513  -29.772  18.196  -34.685 0.0000000000
99520  -29.080  17.045  -35.265 0.0000000000
140322  -28.843  16.037  -35.404 0.0000000000
96674  -29.665  14.931  -34.779 0.0000000000
92228  -28.843  9.496  -36.415 0.0000000000
93172  -29.216  10.332  -36.275 0.0000000000
92216  -30.407  9.760  -35.533 0.0000000000
92207  -31.429  9.730  -34.745 0.0000000000
92191  -32.686  9.670  -33.727 0.0000000000
83509  -29.494  0.934  -34.256 0.0000000000
145465  -26.564  9.470  -36.626 0.0000000000
141012  -27.908  8.309  -36.559 0.0000000000
89351  -28.847  6.892  -36.053 0.0000000000
89339  -29.404  6.312  -35.582 0.0000000000
109729  -25.067  30.094  -35.696 0.0000000000
107755  -25.676  27.594  -34.889 0.0000000000
108435  -25.959  28.531  -35.536 0.0000000000
147195  -27.418  29.415  -35.664 0.0000000000
108438  -28.838  28.720  -35.036 0.0000000000
154140  -29.180  28.234  -34.754 0.0000000000
106304  -28.351  25.575  -34.212 0.0000000000
136822  -28.859  26.257  -34.318 0.0000000000
107052  -30.360  27.080  -34.122 0.0000000000
107038  -30.805  26.401  -33.775 0.0000000000
106290  -31.160  25.715  -33.530 0.0000000000
135789  -31.403  24.909  -33.196 0.0000000000
103898  -28.961  22.112  -34.387 0.0000000000
150481  -29.528  22.358  -34.105 0.0000000000
103883  -31.014  22.431  -33.200 0.0000000000
104719  -32.041  23.621  -32.634 0.0000000000
137890  -32.177  22.004  -32.391 0.0000000000
102212  -32.346  20.283  -31.839 0.0000000000
100502  -31.067  18.254  -33.455 0.0000000000
140353  -31.784  18.801  -32.540 0.0000000000
95856  -26.754  13.916  -35.719 0.0000000000
95837  -28.347  14.344  -35.666 0.0000000000
96691  -29.666  14.173  -34.902 0.0000000000
94087  -30.062  12.194  -35.523 0.0000000000
94964  -30.771  12.842  -34.616 0.0000000000
96661  -31.244  14.369  -33.619 0.0000000000
96650  -32.165  14.753  -32.496 0.0000000000
96651  -32.799  14.623  -31.805 0.0000000000
138251  -28.004  4.681  -36.329 0.0000000000
87348  -29.862  4.933  -34.955 0.0000000000
88340  -30.537  5.414  -34.590 0.0000000000
90295  -30.616  7.175  -34.900 0.0000000000
89329  -31.295  6.747  -34.411 0.0000000000
90286  -32.020  7.271  -33.988 0.0000000000
89316  -31.856  6.277  -33.861 0.0000000000
149880  -29.726  -2.953  -33.263 0.0000000000
144519  -29.160  -2.375  -33.524 0.0000000000
80540  -30.355  -2.282  -33.266 0.0000000000
101412  -28.892  18.560  -34.983 0.0000000000
101395  -28.495  19.376  -34.814 0.0000000000
154090  -29.739  20.367  -34.072 0.0000000000
102239  -30.037  19.620  -33.898 0.0000000000
98458  -30.683  16.147  -33.936 0.0000000000
97540  -31.320  15.862  -33.302 0.0000000000
98439  -31.726  16.344  -32.822 0.0000000000
140099  -26.787  10.636  -36.605 0.0000000000
94095  -27.156  11.294  -36.518 0.0000000000
146762  -27.951  11.133  -36.559 0.0000000000
94050  -32.502  11.200  -33.707 0.0000000000
94966  -32.052  11.921  -33.944 0.0000000000
95806  -32.704  12.571  -33.025 0.0000000000
94949  -33.232  12.063  -32.711 0.0000000000
94013  -33.847  11.926  -32.121 0.0000000000
94035  -33.664  11.259  -32.528 0.0000000000
85403  -29.520  2.409  -34.546 0.0000000000
98497  -27.091  16.797  -35.640 0.0000000000
99543  -28.193  17.174  -35.467 0.0000000000
150217  -27.674  16.800  -35.586 0.0000000000
97578  -27.710  15.564  -35.775 0.0000000000
97566  -28.276  15.842  -35.647 0.0000000000
97552  -29.446  15.819  -34.956 0.0000000000
96689  -28.301  15.141  -35.677 0.0000000000
91266  -28.982  8.621  -36.307 0.0000000000
137554  -29.448  9.030  -36.088 0.0000000000
91246  -30.941  9.134  -35.090 0.0000000000
91247  -31.680  9.003  -34.515 0.0000000000
92208  -32.066  9.688  -34.284 0.0000000000
92192  -33.331  9.729  -33.189 0.0000000000
143427  -33.080  8.806  -33.433 0.0000000000
80538  -28.013  -3.159  -33.692 0.0000000000
79589  -27.602  -3.896  -33.709 0.0000000000
157939  -29.141  0.208  -34.192 0.0000000000
83490  -30.392  0.924  -33.841 0.0000000000
91263  -26.639  8.582  -36.487 0.0000000000
89349  -27.564  6.274  -36.462 0.0000000000
134631  -27.811  7.001  -36.453 0.0000000000
89350  -28.228  6.569  -36.326 0.0000000000
88354  -28.696  6.018  -35.941 0.0000000000
109079  -25.363  29.273  -34.848 0.0000000000
109726  -25.001  29.944  -34.986 0.0000000000
109085  -25.532  29.281  -35.581 0.0000000000
107766  -26.054  27.788  -35.362 0.0000000000
109086  -26.258  29.270  -35.825 0.0000000000
108436  -26.776  28.771  -35.591 0.0000000000
108426  -28.504  28.156  -34.892 0.0000000000
141396  -28.881  27.666  -34.629 0.0000000000
135116  -27.836  24.947  -33.978 0.0000000000
106305  -29.225  25.449  -34.116 0.0000000000
107051  -29.379  27.020  -34.350 0.0000000000
148845  -30.640  25.092  -33.584 0.0000000000
105557  -31.307  23.940  -33.059 0.0000000000
102237  -28.220  20.226  -34.663 0.0000000000
103056  -28.861  21.217  -34.501 0.0000000000
103057  -29.536  21.705  -34.199 0.0000000000
103042  -30.819  21.453  -33.293 0.0000000000
103882  -30.202  22.172  -33.747 0.0000000000
104733  -31.332  23.178  -33.002 0.0000000000
103861  -31.736  22.693  -32.705 0.0000000000
102211  -31.688  20.478  -32.482 0.0000000000
103024  -31.557  21.270  -32.698 0.0000000000
103025  -32.252  21.140  -32.122 0.0000000000
99521  -29.771  17.459  -34.817 0.0000000000
100501  -30.500  17.864  -34.165 0.0000000000
100491  -31.643  17.987  -32.841 0.0000000000
100492  -32.316  18.362  -32.091 0.0000000000
101372  -32.463  19.279  -31.786 0.0000000000
144512  -32.230  16.036  -32.287 0.0000000000
97502  -33.652  15.686  -31.196 0.0000000000
94985  -25.801  13.072  -35.768 0.0000000000
95002  -28.070  12.636  -36.195 0.0000000000
142859  -27.788  13.409  -35.947 0.0000000000
95859  -28.409  13.363  -35.839 0.0000000000
155346  -28.882  13.755  -35.528 0.0000000000
95838  -29.515  13.621  -35.238 0.0000000000
93160  -29.964  10.436  -35.822 0.0000000000
147638  -29.514  11.106  -36.091 0.0000000000
145824  -30.272  11.318  -35.547 0.0000000000
94965  -31.481  12.680  -34.144 0.0000000000
155941  -31.128  12.357  -34.564 0.0000000000
95821  -30.890  13.673  -34.195 0.0000000000
96662  -31.928  14.111  -33.019 0.0000000000
158287  -33.123  13.440  -32.034 0.0000000000
96630  -33.282  13.919  -31.659 0.0000000000
86377  -29.790  4.057  -34.746 0.0000000000
87368  -29.133  4.424  -35.404 0.0000000000
87349  -30.459  4.543  -34.426 0.0000000000
87350  -31.082  4.989  -34.122 0.0000000000
147567  -26.527  15.322  -35.630 0.0000000000
96706  -26.987  14.737  -35.708 0.0000000000
91245  -30.588  8.157  -35.206 0.0000000000
90297  -31.895  8.210  -34.284 0.0000000000
145369  -32.545  8.076  -33.753 0.0000000000
90287  -32.776  7.312  -33.464 0.0000000000
79591  -29.340  -3.802  -33.158 0.0000000000
143577  -28.023  -0.599  -34.469 0.0000000000
82483  -29.138  -1.150  -33.755 0.0000000000
81524  -30.402  -1.386  -33.444 0.0000000000
89348  -26.292  7.023  -36.378 0.0000000000
132243  -26.679  6.203  -36.486 0.0000000000
88373  -27.230  5.220  -36.527 0.0000000000
108425  -25.448  28.662  -34.914 0.0000000000
107767  -26.873  27.606  -35.269 0.0000000000
107757  -27.270  26.966  -34.851 0.0000000000
138554  -27.845  26.300  -34.476 0.0000000000
105571  -29.453  24.629  -33.972 0.0000000000
106289  -29.981  25.288  -33.874 0.0000000000
145670  -29.778  23.754  -33.831 0.0000000000
102238  -29.069  20.292  -34.486 0.0000000000
99508  -30.438  16.987  -34.208 0.0000000000
99496  -31.695  17.118  -32.907 0.0000000000
94999  -26.156  12.237  -36.078 0.0000000000
94096  -27.612  12.003  -36.405 0.0000000000
95003  -28.853  12.338  -36.124 0.0000000000
94066  -31.154  11.092  -34.892 0.0000000000
94947  -32.177  12.636  -33.522 0.0000000000
95805  -32.386  13.265  -33.021 0.0000000000
95792  -33.033  12.959  -32.460 0.0000000000
145595  -33.646  13.136  -31.748 0.0000000000
94915  -33.989  12.490  -31.739 0.0000000000
84457  -28.537  1.521  -34.863 0.0000000000
85421  -28.351  2.275  -35.257 0.0000000000
86391  -28.572  3.669  -35.590 0.0000000000
139664  -29.691  3.221  -34.621 0.0000000000
86378  -30.486  3.614  -34.204 0.0000000000
100534  -27.909  17.804  -35.452 0.0000000000
98498  -27.668  16.289  -35.672 0.0000000000
98499  -28.402  16.522  -35.505 0.0000000000
97553  -30.192  15.562  -34.351 0.0000000000
92227  -27.864  9.692  -36.662 0.0000000000
93171  -28.372  10.333  -36.544 0.0000000000
92215  -29.664  9.670  -35.995 0.0000000000
91255  -30.134  9.013  -35.655 0.0000000000
92217  -30.947  9.877  -35.145 0.0000000000
93162  -31.190  10.316  -34.932 0.0000000000
93148  -31.693  10.405  -34.530 0.0000000000
93149  -32.332  10.435  -34.030 0.0000000000
93133  -32.907  10.468  -33.434 0.0000000000
93115  -33.501  10.513  -32.883 0.0000000000
78675  -28.026  -4.782  -33.422 0.0000000000
83521  -27.873  0.933  -35.090 0.0000000000
138927  -28.552  -0.195  -34.372 0.0000000000
83508  -28.620  0.671  -34.581 0.0000000000
92226  -27.048  9.930  -36.775 0.0000000000
91264  -27.360  9.071  -36.638 0.0000000000
91265  -28.264  8.903  -36.549 0.0000000000
145131  -28.522  8.223  -36.425 0.0000000000
90318  -27.599  7.652  -36.488 0.0000000000
90319  -28.314  7.497  -36.405 0.0000000000
90306  -29.099  7.744  -36.080 0.0000000000
150638  -29.472  7.025  -35.668 0.0000000000
89340  -30.033  6.683  -35.251 0.0000000000
109715  -25.775  29.803  -34.257 0.0000000000
107749  -25.525  27.945  -34.563 0.0000000000
143684  -25.507  28.162  -35.008 0.0000000000
107765  -25.673  28.104  -35.244 0.0000000000
108434  -25.561  28.655  -35.186 0.0000000000
109730  -25.533  29.831  -36.194 0.0000000000
108437  -27.689  28.490  -35.272 0.0000000000
109087  -28.421  29.325  -35.344 0.0000000000
132129  -28.835  30.074  -35.512 0.0000000000
109088  -29.356  29.368  -35.182 0.0000000000
108427  -29.711  28.675  -34.875 0.0000000000
107758  -29.890  27.847  -34.580 0.0000000000
108428  -30.603  28.546  -34.694 0.0000000000
107759  -30.923  27.796  -34.332 0.0000000000
107053  -31.272  27.112  -33.861 0.0000000000
152881  -30.507  25.749  -33.756 0.0000000000
145019  -28.341  21.793  -34.505 0.0000000000
103881  -29.815  22.870  -33.863 0.0000000000
104732  -30.576  23.204  -33.464 0.0000000000
158045  -31.927  24.429  -32.809 0.0000000000
103013  -32.801  21.708  -31.914 0.0000000000
103014  -33.077  21.036  -31.454 0.0000000000
101397  -30.426  18.785  -33.843 0.0000000000
101383  -31.182  19.071  -33.064 0.0000000000
156130  -31.401  18.509  -32.992 0.0000000000
101371  -31.766  19.641  -32.408 0.0000000000
99498  -32.844  17.927  -31.430 0.0000000000
95855  -26.181  13.914  -35.632 0.0000000000
150975  -26.961  13.208  -35.941 0.0000000000
95857  -27.333  13.905  -35.802 0.0000000000
96690  -28.986  14.514  -35.315 0.0000000000
96660  -30.500  14.688  -34.171 0.0000000000
147763  -28.799  11.033  -36.409 0.0000000000
155026  -29.077  11.631  -36.249 0.0000000000
94065  -30.739  12.066  -34.995 0.0000000000
94987  -30.142  12.838  -35.166 0.0000000000
95820  -30.215  13.538  -34.773 0.0000000000
96675  -30.181  14.215  -34.543 0.0000000000
96649  -31.520  15.000  -33.099 0.0000000000
97528  -32.460  15.385  -32.060 0.0000000000
97529  -33.046  15.289  -31.583 0.0000000000
141213  -28.462  4.340  -35.899 0.0000000000
87367  -28.605  5.066  -35.914 0.0000000000
88355  -29.295  5.408  -35.498 0.0000000000
88356  -29.980  5.836  -35.108 0.0000000000
88341  -31.206  5.849  -34.266 0.0000000000
81522  -28.772  -1.731  -33.754 0.0000000000
82484  -29.760  -0.866  -33.654 0.0000000000
85402  -28.918  2.163  -34.834 0.0000000000
90317  -26.851  7.738  -36.423 0.0000000000
94086  -29.556  11.902  -35.924 0.0000000000
95001  -27.413  12.904  -36.085 0.0000000000
95858  -27.870  14.179  -35.806 0.0000000000
96707  -27.519  14.859  -35.790 0.0000000000
97567  -28.877  15.413  -35.348 0.0000000000
98477  -29.253  16.471  -35.167 0.0000000000
137480  -27.121  15.506  -35.724 0.0000000000
139125  -26.446  13.083  -35.883 0.0000000000
140102  -27.293  8.310  -36.511 0.0000000000
155618  -28.970  1.209  -34.534 0.0000000000
156233  -29.697  -2.333  -33.399 0.0000000000
156859  -26.519  14.572  -35.636 0.0000000000
