#!ascii label  , from subject sub-s021 vox2ras=TkReg
340
34938  60.907  -37.175  -23.518 0.0000000000
26696  52.030  -44.314  -30.325 0.0000000000
27999  61.139  -43.900  -25.302 0.0000000000
29361  54.603  -42.444  -26.366 0.0000000000
19714  56.620  -50.286  -27.894 0.0000000000
133829  58.646  -46.987  -25.796 0.0000000000
136999  56.139  -50.195  -25.388 0.0000000000
26615  52.523  -44.609  -27.041 0.0000000000
31728  50.764  -40.642  -25.477 0.0000000000
31718  61.580  -40.636  -24.777 0.0000000000
28014  58.145  -42.976  -26.435 0.0000000000
25208  55.563  -45.428  -26.493 0.0000000000
22411  54.280  -47.551  -29.561 0.0000000000
19754  56.775  -49.807  -31.231 0.0000000000
31702  57.818  -40.340  -22.514 0.0000000000
30568  60.693  -41.052  -22.159 0.0000000000
158309  62.924  -42.706  -22.026 0.0000000000
33810  54.053  -38.995  -24.858 0.0000000000
20961  56.799  -49.142  -24.251 0.0000000000
25262  51.543  -45.034  -28.872 0.0000000000
29387  50.125  -43.111  -27.345 0.0000000000
134986  61.632  -42.029  -25.135 0.0000000000
28013  59.797  -43.612  -26.127 0.0000000000
158895  57.815  -49.182  -26.022 0.0000000000
23792  56.682  -46.434  -26.411 0.0000000000
22367  56.032  -47.891  -26.585 0.0000000000
22381  54.661  -47.707  -27.369 0.0000000000
21045  55.757  -49.373  -28.378 0.0000000000
22428  56.944  -47.926  -31.170 0.0000000000
30538  61.025  -41.966  -20.561 0.0000000000
30553  62.670  -42.136  -21.433 0.0000000000
29232  62.603  -43.162  -20.107 0.0000000000
31745  55.781  -40.978  -25.916 0.0000000000
31725  53.854  -40.449  -25.613 0.0000000000
32745  48.952  -39.285  -24.637 0.0000000000
33793  50.508  -38.672  -24.253 0.0000000000
25179  59.847  -46.113  -24.792 0.0000000000
25192  59.593  -46.212  -25.451 0.0000000000
20966  58.712  -48.095  -24.940 0.0000000000
19690  57.657  -49.989  -25.584 0.0000000000
18467  57.121  -50.954  -26.554 0.0000000000
139197  53.290  -43.212  -26.464 0.0000000000
31748  52.592  -41.254  -25.869 0.0000000000
29364  51.464  -42.853  -26.535 0.0000000000
31751  49.111  -41.135  -26.060 0.0000000000
29438  53.250  -43.419  -30.945 0.0000000000
32740  61.118  -38.796  -24.386 0.0000000000
154412  57.925  -41.695  -26.083 0.0000000000
29359  56.689  -42.296  -26.392 0.0000000000
153179  58.359  -44.485  -26.412 0.0000000000
142233  56.795  -43.949  -26.528 0.0000000000
143830  54.764  -43.830  -26.476 0.0000000000
25210  53.671  -45.554  -26.823 0.0000000000
25260  52.673  -46.105  -28.375 0.0000000000
23846  53.142  -46.371  -29.646 0.0000000000
19739  56.380  -50.763  -29.512 0.0000000000
21059  55.650  -48.925  -29.786 0.0000000000
22430  54.763  -47.179  -30.368 0.0000000000
26695  53.707  -44.734  -30.857 0.0000000000
33764  57.985  -38.628  -22.894 0.0000000000
32735  60.517  -38.015  -23.075 0.0000000000
31701  59.010  -40.270  -22.677 0.0000000000
32725  61.075  -39.537  -23.205 0.0000000000
31708  62.303  -40.332  -23.552 0.0000000000
30573  62.711  -41.583  -23.191 0.0000000000
27981  61.977  -43.319  -24.083 0.0000000000
27943  61.748  -43.416  -22.536 0.0000000000
26563  61.075  -44.331  -23.933 0.0000000000
32763  52.445  -39.857  -25.229 0.0000000000
33762  60.811  -37.087  -23.149 0.0000000000
151718  60.377  -36.309  -23.869 0.0000000000
151979  60.255  -36.671  -24.240 0.0000000000
26679  51.677  -44.788  -29.652 0.0000000000
26680  51.019  -44.412  -29.115 0.0000000000
148156  61.196  -43.226  -25.423 0.0000000000
29356  60.537  -42.997  -25.802 0.0000000000
28012  60.606  -43.813  -25.672 0.0000000000
21032  56.960  -49.894  -27.172 0.0000000000
22366  57.049  -48.486  -26.452 0.0000000000
21018  56.444  -48.855  -26.881 0.0000000000
21033  55.996  -49.150  -27.535 0.0000000000
23888  58.354  -47.095  -31.653 0.0000000000
29233  61.962  -42.735  -19.848 0.0000000000
30603  55.413  -41.635  -26.198 0.0000000000
31724  55.251  -40.386  -25.642 0.0000000000
31746  54.203  -41.065  -25.909 0.0000000000
33795  48.533  -38.582  -24.213 0.0000000000
23753  59.444  -47.001  -24.872 0.0000000000
22302  58.479  -47.590  -24.313 0.0000000000
19667  56.456  -49.696  -24.788 0.0000000000
19666  57.252  -49.795  -24.885 0.0000000000
19692  57.012  -50.319  -25.368 0.0000000000
18456  57.345  -50.631  -25.953 0.0000000000
18457  56.762  -50.766  -25.965 0.0000000000
28016  52.482  -43.784  -26.686 0.0000000000
29363  52.366  -42.995  -26.476 0.0000000000
28017  51.700  -43.593  -26.818 0.0000000000
29366  49.679  -42.495  -26.899 0.0000000000
30610  48.733  -41.467  -26.728 0.0000000000
31731  47.936  -40.174  -25.977 0.0000000000
32755  61.359  -39.868  -24.626 0.0000000000
32756  60.426  -39.738  -24.922 0.0000000000
31719  60.803  -40.566  -25.115 0.0000000000
30601  57.132  -41.612  -26.136 0.0000000000
139063  57.192  -43.039  -26.482 0.0000000000
23790  59.126  -46.939  -25.491 0.0000000000
139168  58.884  -45.338  -26.249 0.0000000000
25206  58.369  -46.108  -26.210 0.0000000000
138477  57.023  -44.918  -26.479 0.0000000000
139064  56.116  -44.699  -26.492 0.0000000000
142232  55.719  -43.839  -26.496 0.0000000000
26612  55.184  -44.628  -26.490 0.0000000000
26613  54.253  -44.656  -26.542 0.0000000000
25209  54.654  -45.443  -26.563 0.0000000000
22394  54.391  -47.877  -28.136 0.0000000000
22382  53.943  -47.219  -27.700 0.0000000000
22395  53.773  -47.322  -28.640 0.0000000000
23832  53.092  -46.643  -28.872 0.0000000000
22412  53.584  -46.964  -29.352 0.0000000000
21112  54.747  -49.230  -32.526 0.0000000000
19772  56.770  -49.916  -31.679 0.0000000000
18551  56.386  -50.353  -31.646 0.0000000000
18531  56.402  -50.703  -30.970 0.0000000000
133077  56.412  -50.511  -30.531 0.0000000000
21058  56.410  -49.716  -30.340 0.0000000000
23866  56.497  -46.863  -31.129 0.0000000000
22429  55.799  -47.548  -30.661 0.0000000000
23867  55.403  -46.573  -30.887 0.0000000000
23868  54.384  -46.349  -30.583 0.0000000000
26693  55.502  -44.982  -31.269 0.0000000000
146130  56.938  -38.698  -22.847 0.0000000000
149542  57.359  -39.505  -22.807 0.0000000000
136384  59.280  -38.442  -22.924 0.0000000000
32727  58.515  -39.499  -22.931 0.0000000000
30555  60.114  -41.411  -21.457 0.0000000000
30556  58.913  -41.316  -21.592 0.0000000000
30569  59.488  -40.933  -22.229 0.0000000000
31700  60.181  -40.346  -22.728 0.0000000000
31699  61.430  -40.476  -22.781 0.0000000000
32724  61.893  -39.800  -23.428 0.0000000000
31698  62.326  -40.801  -22.927 0.0000000000
29258  62.864  -42.471  -21.797 0.0000000000
30565  62.742  -41.859  -22.521 0.0000000000
29286  62.807  -42.267  -22.499 0.0000000000
29308  62.637  -42.267  -23.307 0.0000000000
27941  62.634  -42.653  -22.722 0.0000000000
146666  59.027  -43.249  -22.805 0.0000000000
27944  60.179  -43.417  -22.772 0.0000000000
151549  60.989  -43.678  -23.196 0.0000000000
31727  51.868  -40.696  -25.581 0.0000000000
31726  52.948  -40.485  -25.593 0.0000000000
32764  51.423  -39.946  -25.132 0.0000000000
33792  51.478  -38.642  -24.309 0.0000000000
26659  51.746  -45.047  -28.251 0.0000000000
28031  51.275  -44.069  -27.418 0.0000000000
144641  61.163  -41.147  -25.205 0.0000000000
30588  60.365  -41.355  -25.520 0.0000000000
30598  60.444  -42.198  -25.745 0.0000000000
149367  59.081  -42.914  -26.323 0.0000000000
22365  58.225  -47.932  -25.763 0.0000000000
23791  57.745  -46.970  -26.180 0.0000000000
155636  57.628  -48.044  -26.130 0.0000000000
136800  56.812  -47.430  -26.355 0.0000000000
23793  55.902  -46.912  -26.483 0.0000000000
23794  55.077  -46.332  -26.571 0.0000000000
22368  55.165  -47.367  -26.720 0.0000000000
21034  55.082  -48.468  -27.808 0.0000000000
21046  54.897  -48.481  -28.568 0.0000000000
21078  56.962  -48.991  -31.122 0.0000000000
153087  57.814  -47.702  -31.559 0.0000000000
23865  57.556  -47.048  -31.405 0.0000000000
30554  61.549  -41.652  -21.338 0.0000000000
30567  61.970  -41.292  -22.140 0.0000000000
30537  62.432  -42.487  -20.596 0.0000000000
29259  62.876  -42.811  -20.918 0.0000000000
27924  62.980  -42.918  -21.426 0.0000000000
32761  54.527  -39.812  -25.385 0.0000000000
32762  53.459  -39.766  -25.286 0.0000000000
32766  49.372  -39.950  -25.051 0.0000000000
32765  50.399  -39.993  -25.019 0.0000000000
32744  49.970  -39.332  -24.605 0.0000000000
33775  49.070  -38.086  -23.649 0.0000000000
25178  60.380  -45.458  -24.907 0.0000000000
25191  60.205  -45.377  -25.359 0.0000000000
23752  59.846  -46.238  -25.062 0.0000000000
23768  59.397  -46.966  -25.162 0.0000000000
22337  58.695  -48.007  -25.164 0.0000000000
20995  58.328  -48.713  -25.165 0.0000000000
21016  58.261  -48.514  -25.458 0.0000000000
19701  57.626  -50.244  -26.082 0.0000000000
18482  57.281  -50.703  -26.557 0.0000000000
28015  54.272  -43.096  -26.432 0.0000000000
154294  53.845  -41.576  -26.100 0.0000000000
137119  52.988  -42.461  -26.312 0.0000000000
30606  52.241  -42.109  -26.204 0.0000000000
31749  51.004  -41.360  -25.863 0.0000000000
29365  50.544  -42.729  -26.668 0.0000000000
30608  50.282  -41.991  -26.292 0.0000000000
31750  50.038  -41.284  -25.884 0.0000000000
31730  48.753  -40.480  -25.658 0.0000000000
139223  48.389  -39.777  -25.258 0.0000000000
151442  52.486  -43.709  -30.670 0.0000000000
33783  61.051  -37.741  -23.976 0.0000000000
33784  60.404  -38.013  -24.504 0.0000000000
32741  59.950  -38.959  -24.847 0.0000000000
30602  56.250  -41.600  -26.196 0.0000000000
29360  55.817  -42.269  -26.391 0.0000000000
134850  57.368  -45.836  -26.404 0.0000000000
160313  57.564  -44.441  -26.485 0.0000000000
26611  57.784  -43.754  -26.484 0.0000000000
138461  55.219  -42.951  -26.436 0.0000000000
141028  53.865  -43.898  -26.542 0.0000000000
26614  53.381  -44.669  -26.719 0.0000000000
26632  52.946  -45.254  -27.146 0.0000000000
23795  54.218  -46.169  -26.742 0.0000000000
25235  53.029  -45.963  -27.564 0.0000000000
25236  52.338  -45.375  -27.809 0.0000000000
25261  52.107  -45.559  -28.630 0.0000000000
25273  52.095  -45.456  -29.359 0.0000000000
25290  52.449  -45.157  -30.138 0.0000000000
17242  56.192  -51.476  -27.992 0.0000000000
19795  55.315  -50.036  -32.278 0.0000000000
18515  56.282  -51.290  -29.120 0.0000000000
19729  56.410  -50.450  -28.657 0.0000000000
19740  56.076  -49.765  -29.295 0.0000000000
147375  55.382  -48.976  -29.059 0.0000000000
21060  54.878  -48.328  -29.345 0.0000000000
21079  56.163  -48.591  -30.543 0.0000000000
22410  55.167  -48.062  -30.104 0.0000000000
23845  53.871  -46.851  -30.023 0.0000000000
25288  53.909  -45.511  -30.711 0.0000000000
146065  53.193  -45.133  -30.551 0.0000000000
28091  53.895  -43.996  -31.066 0.0000000000
159101  58.078  -36.780  -22.524 0.0000000000
145336  57.518  -37.773  -22.701 0.0000000000
34922  58.770  -37.396  -22.655 0.0000000000
33763  60.059  -37.254  -22.804 0.0000000000
30540  58.383  -41.672  -20.861 0.0000000000
32726  59.910  -39.350  -23.090 0.0000000000
156380  60.913  -38.605  -23.328 0.0000000000
33771  61.261  -38.165  -23.777 0.0000000000
132864  61.529  -38.597  -23.980 0.0000000000
32739  61.878  -39.385  -24.128 0.0000000000
32732  62.381  -40.117  -24.007 0.0000000000
31707  62.539  -40.833  -23.606 0.0000000000
31711  62.199  -40.679  -24.371 0.0000000000
29341  62.136  -41.939  -24.625 0.0000000000
27980  62.243  -42.617  -24.210 0.0000000000
27998  61.641  -43.461  -24.846 0.0000000000
27960  61.808  -43.436  -23.318 0.0000000000
26562  61.630  -43.824  -23.989 0.0000000000
26579  60.991  -44.614  -24.576 0.0000000000
31747  53.440  -41.084  -25.869 0.0000000000
33811  52.950  -39.159  -24.803 0.0000000000
32743  50.975  -39.318  -24.647 0.0000000000
32742  51.964  -39.264  -24.725 0.0000000000
17232  56.659  -51.267  -27.308 0.0000000000
18455  57.519  -50.449  -25.932 0.0000000000
18458  55.805  -50.578  -26.095 0.0000000000
18466  57.419  -50.664  -26.212 0.0000000000
18468  56.481  -51.070  -26.701 0.0000000000
18571  56.062  -50.367  -32.016 0.0000000000
19664  57.968  -49.328  -25.173 0.0000000000
19665  57.682  -49.704  -25.061 0.0000000000
19691  57.464  -50.200  -25.509 0.0000000000
19702  57.442  -50.202  -26.566 0.0000000000
19753  57.209  -49.413  -31.767 0.0000000000
19794  56.085  -49.902  -32.424 0.0000000000
20967  58.300  -48.630  -24.852 0.0000000000
20969  57.483  -49.367  -24.581 0.0000000000
20996  57.944  -49.426  -25.570 0.0000000000
21017  57.294  -49.429  -26.600 0.0000000000
22313  59.003  -47.606  -24.836 0.0000000000
22314  58.626  -47.954  -24.668 0.0000000000
22336  59.096  -47.561  -25.014 0.0000000000
22363  59.032  -47.458  -25.235 0.0000000000
22364  58.700  -47.652  -25.450 0.0000000000
22380  55.461  -48.237  -27.079 0.0000000000
22427  57.587  -48.436  -31.591 0.0000000000
23754  59.007  -47.326  -24.606 0.0000000000
23820  54.335  -46.948  -26.938 0.0000000000
23821  53.685  -46.462  -27.262 0.0000000000
23833  52.534  -46.065  -29.098 0.0000000000
23869  53.621  -46.212  -30.277 0.0000000000
25177  60.731  -44.894  -25.052 0.0000000000
25205  59.648  -45.422  -25.877 0.0000000000
25207  56.435  -45.539  -26.472 0.0000000000
25287  54.957  -45.664  -31.085 0.0000000000
25289  53.098  -45.746  -30.209 0.0000000000
26594  61.212  -44.295  -25.011 0.0000000000
26595  60.704  -44.514  -25.371 0.0000000000
26633  51.771  -44.665  -27.641 0.0000000000
27958  62.367  -42.769  -23.513 0.0000000000
27959  62.177  -43.075  -23.332 0.0000000000
28018  50.868  -43.439  -27.042 0.0000000000
28030  51.920  -44.182  -27.080 0.0000000000
28032  50.577  -43.762  -27.769 0.0000000000
28053  50.491  -43.870  -28.569 0.0000000000
28092  52.971  -44.381  -30.716 0.0000000000
29342  61.747  -42.637  -25.029 0.0000000000
29343  61.156  -42.476  -25.488 0.0000000000
29362  53.827  -42.310  -26.300 0.0000000000
30566  62.620  -41.716  -22.319 0.0000000000
30576  62.579  -41.788  -23.921 0.0000000000
30577  62.381  -41.261  -24.290 0.0000000000
30586  61.795  -41.346  -24.882 0.0000000000
30587  61.135  -41.763  -25.397 0.0000000000
30604  54.568  -41.738  -26.199 0.0000000000
30605  53.167  -41.775  -26.121 0.0000000000
30607  51.222  -42.089  -26.218 0.0000000000
30609  49.388  -41.798  -26.483 0.0000000000
31697  62.626  -41.166  -23.001 0.0000000000
31710  62.511  -40.770  -24.019 0.0000000000
31729  49.741  -40.611  -25.478 0.0000000000
32733  61.869  -39.244  -23.871 0.0000000000
32734  61.421  -38.752  -23.665 0.0000000000
32754  62.014  -40.107  -24.358 0.0000000000
33772  61.019  -37.828  -23.499 0.0000000000
33773  50.972  -38.106  -23.776 0.0000000000
33794  49.524  -38.673  -24.210 0.0000000000
34919  60.692  -36.623  -23.231 0.0000000000
34955  60.695  -36.885  -23.866 0.0000000000
36165  60.598  -36.489  -23.499 0.0000000000
132997  59.157  -46.207  -25.892 0.0000000000
136288  55.122  -42.192  -26.355 0.0000000000
138462  56.233  -43.046  -26.483 0.0000000000
138478  57.931  -45.173  -26.408 0.0000000000
142234  58.754  -43.695  -26.388 0.0000000000
142860  61.504  -43.940  -24.525 0.0000000000
142992  60.570  -37.251  -24.242 0.0000000000
146021  53.288  -46.685  -28.073 0.0000000000
147345  62.677  -43.169  -20.565 0.0000000000
150088  62.601  -41.210  -23.805 0.0000000000
150601  54.971  -41.053  -25.916 0.0000000000
155398  54.571  -40.549  -25.682 0.0000000000
155484  51.801  -41.483  -25.928 0.0000000000
156748  52.622  -45.794  -29.689 0.0000000000
158387  53.111  -44.039  -26.614 0.0000000000
158690  54.392  -47.921  -28.836 0.0000000000
159230  55.921  -46.095  -26.482 0.0000000000
