#!ascii label  , from subject sub-s021 vox2ras=TkReg
282
95795  31.999  18.257  -35.858 0.0000000000
85702  31.213  8.921  -33.863 0.0000000000
98714  30.192  21.964  -38.331 0.0000000000
105489  28.270  29.704  -35.430 0.0000000000
83609  28.606  6.403  -34.112 0.0000000000
101430  32.292  25.418  -36.867 0.0000000000
103913  31.656  27.413  -37.893 0.0000000000
157446  29.500  15.861  -36.687 0.0000000000
160018  30.811  13.342  -36.211 0.0000000000
92802  33.064  16.054  -34.915 0.0000000000
97726  32.733  20.823  -33.834 0.0000000000
95756  33.706  18.750  -32.412 0.0000000000
147438  31.173  19.830  -37.481 0.0000000000
154047  32.595  23.570  -35.012 0.0000000000
140406  28.613  27.587  -36.993 0.0000000000
105526  31.024  28.991  -38.367 0.0000000000
138131  32.495  11.139  -33.816 0.0000000000
102328  30.682  25.897  -38.568 0.0000000000
103157  29.817  26.302  -38.595 0.0000000000
139731  30.544  17.123  -36.605 0.0000000000
92818  31.642  15.959  -36.105 0.0000000000
155784  32.419  16.930  -35.489 0.0000000000
84707  30.090  7.893  -34.147 0.0000000000
98700  30.880  21.102  -38.243 0.0000000000
98698  32.347  21.482  -36.639 0.0000000000
100480  32.764  23.074  -36.417 0.0000000000
103886  31.962  27.563  -35.510 0.0000000000
103115  32.014  26.538  -34.207 0.0000000000
105481  27.224  29.109  -34.012 0.0000000000
103874  27.390  27.380  -34.401 0.0000000000
140535  28.359  28.869  -35.700 0.0000000000
107897  30.343  32.254  -40.329 0.0000000000
107131  30.900  31.376  -39.271 0.0000000000
106321  30.184  30.127  -38.814 0.0000000000
107123  31.415  31.236  -38.436 0.0000000000
148339  31.658  29.813  -37.562 0.0000000000
89881  33.112  13.346  -34.293 0.0000000000
89883  32.042  12.425  -34.885 0.0000000000
82519  27.100  5.589  -34.107 0.0000000000
101441  32.366  23.903  -37.493 0.0000000000
102319  31.251  25.079  -38.319 0.0000000000
103137  32.048  26.231  -37.080 0.0000000000
104685  31.882  28.534  -36.650 0.0000000000
151983  29.206  12.853  -36.453 0.0000000000
91853  31.032  14.626  -36.430 0.0000000000
91837  32.401  14.678  -35.407 0.0000000000
143504  33.711  15.296  -33.938 0.0000000000
96771  32.657  19.973  -34.365 0.0000000000
95784  33.063  18.479  -34.116 0.0000000000
137877  33.012  19.906  -33.515 0.0000000000
135660  29.848  18.192  -36.984 0.0000000000
96810  29.741  19.123  -37.530 0.0000000000
155873  31.361  18.973  -36.587 0.0000000000
142652  32.347  20.687  -35.931 0.0000000000
99547  32.598  22.432  -34.081 0.0000000000
101402  32.492  24.063  -33.087 0.0000000000
152012  32.511  24.567  -35.619 0.0000000000
101403  32.229  24.682  -33.846 0.0000000000
103900  28.404  26.751  -37.000 0.0000000000
147632  28.714  30.074  -37.103 0.0000000000
105529  29.024  28.901  -38.159 0.0000000000
104710  28.951  28.018  -38.222 0.0000000000
103929  29.292  27.388  -38.414 0.0000000000
104707  31.423  28.224  -38.147 0.0000000000
105517  31.815  29.172  -37.222 0.0000000000
86737  30.299  9.522  -34.996 0.0000000000
88828  30.123  12.095  -36.171 0.0000000000
94736  33.522  17.554  -33.681 0.0000000000
93748  34.211  16.411  -33.050 0.0000000000
153556  28.958  25.396  -38.329 0.0000000000
102320  28.557  25.713  -38.018 0.0000000000
94769  30.941  17.603  -36.547 0.0000000000
94759  31.774  17.394  -35.984 0.0000000000
147687  26.982  4.328  -33.447 0.0000000000
81413  27.631  4.554  -33.377 0.0000000000
98713  31.362  21.837  -38.077 0.0000000000
154946  32.081  21.850  -37.508 0.0000000000
99587  31.933  22.486  -37.743 0.0000000000
104663  32.216  28.399  -34.689 0.0000000000
103873  32.107  27.432  -34.410 0.0000000000
105490  28.054  28.914  -34.782 0.0000000000
153475  28.178  28.473  -35.245 0.0000000000
90820  33.828  13.556  -33.623 0.0000000000
84726  27.837  7.952  -35.005 0.0000000000
101452  31.445  24.075  -38.102 0.0000000000
101453  30.251  24.252  -38.429 0.0000000000
103155  31.297  26.647  -38.318 0.0000000000
102327  31.451  25.935  -38.228 0.0000000000
103146  31.750  26.473  -37.781 0.0000000000
140191  31.912  27.048  -37.238 0.0000000000
103899  31.753  27.767  -37.226 0.0000000000
106289  27.966  30.615  -35.311 0.0000000000
140942  29.686  14.209  -36.584 0.0000000000
91855  29.575  15.129  -36.622 0.0000000000
156128  32.213  15.914  -35.692 0.0000000000
92804  32.053  15.316  -35.852 0.0000000000
92803  32.681  15.498  -35.248 0.0000000000
91827  32.983  14.769  -34.773 0.0000000000
92792  33.245  15.438  -34.578 0.0000000000
82532  27.857  6.067  -34.262 0.0000000000
82517  28.666  5.728  -33.653 0.0000000000
97725  33.160  20.556  -32.846 0.0000000000
134042  29.526  17.066  -36.734 0.0000000000
153558  30.007  19.664  -37.995 0.0000000000
159533  30.548  19.706  -37.878 0.0000000000
96809  30.478  19.179  -37.413 0.0000000000
97751  31.921  19.842  -36.359 0.0000000000
99576  32.679  22.336  -36.006 0.0000000000
99563  32.629  22.411  -35.014 0.0000000000
100460  32.603  23.063  -34.544 0.0000000000
100444  32.620  23.148  -33.363 0.0000000000
149013  32.398  23.752  -34.133 0.0000000000
101429  32.624  24.518  -36.597 0.0000000000
102301  32.243  25.246  -35.841 0.0000000000
102290  32.047  25.651  -34.016 0.0000000000
102277  32.390  25.526  -33.050 0.0000000000
103888  27.863  27.204  -35.217 0.0000000000
143322  27.115  26.456  -34.144 0.0000000000
138689  27.508  26.363  -34.698 0.0000000000
103129  27.869  26.397  -35.555 0.0000000000
103887  28.152  26.999  -36.194 0.0000000000
107140  30.121  31.697  -39.909 0.0000000000
147071  29.925  31.506  -39.791 0.0000000000
106322  29.625  30.236  -38.586 0.0000000000
105527  30.222  29.183  -38.593 0.0000000000
104709  29.534  28.639  -38.459 0.0000000000
160285  29.604  27.962  -38.459 0.0000000000
103928  30.103  27.459  -38.575 0.0000000000
104708  30.454  28.271  -38.508 0.0000000000
106314  32.049  30.691  -37.208 0.0000000000
152213  31.927  29.969  -36.927 0.0000000000
105505  32.092  29.630  -36.238 0.0000000000
86738  29.560  9.781  -35.458 0.0000000000
89908  29.663  12.460  -36.378 0.0000000000
89906  31.050  12.922  -35.897 0.0000000000
88798  32.302  11.780  -34.341 0.0000000000
88799  31.658  11.663  -34.893 0.0000000000
87747  31.866  11.021  -34.369 0.0000000000
87748  31.426  10.298  -34.383 0.0000000000
153654  33.271  19.058  -33.357 0.0000000000
95757  33.494  18.314  -33.289 0.0000000000
101463  30.287  25.109  -38.526 0.0000000000
102329  29.713  25.579  -38.527 0.0000000000
103156  30.493  26.760  -38.606 0.0000000000
93786  30.476  16.356  -36.608 0.0000000000
92820  30.711  15.481  -36.555 0.0000000000
93785  31.211  16.699  -36.361 0.0000000000
93771  31.975  16.539  -35.840 0.0000000000
93759  32.992  16.812  -34.911 0.0000000000
83620  29.018  6.975  -34.362 0.0000000000
151263  30.027  6.753  -33.439 0.0000000000
84689  30.433  7.360  -33.552 0.0000000000
84675  31.268  7.503  -33.075 0.0000000000
99546  32.832  22.289  -33.123 0.0000000000
98663  32.989  21.455  -32.978 0.0000000000
97763  29.450  20.330  -38.192 0.0000000000
145487  31.298  20.547  -37.880 0.0000000000
97761  31.814  20.588  -36.988 0.0000000000
98699  31.715  21.202  -37.647 0.0000000000
99586  32.505  22.374  -36.993 0.0000000000
103127  31.936  26.027  -36.088 0.0000000000
102300  31.959  25.858  -35.032 0.0000000000
139036  31.927  26.717  -35.267 0.0000000000
104673  27.953  28.055  -34.880 0.0000000000
104672  28.218  27.976  -35.858 0.0000000000
107139  30.483  31.699  -39.763 0.0000000000
106328  30.274  31.112  -39.387 0.0000000000
106320  30.844  30.441  -38.752 0.0000000000
143733  30.703  29.657  -38.570 0.0000000000
133998  31.251  29.697  -38.211 0.0000000000
106315  31.507  30.523  -37.993 0.0000000000
107115  31.847  31.193  -37.746 0.0000000000
89882  32.393  13.218  -34.867 0.0000000000
89892  31.713  13.082  -35.442 0.0000000000
136029  32.717  12.550  -34.307 0.0000000000
82518  27.780  5.265  -33.776 0.0000000000
82533  27.140  6.222  -34.348 0.0000000000
83621  28.268  6.838  -34.504 0.0000000000
144346  28.569  7.631  -34.794 0.0000000000
146883  29.733  8.317  -34.633 0.0000000000
142951  30.406  8.736  -34.432 0.0000000000
99601  30.129  22.763  -38.387 0.0000000000
100491  31.695  23.238  -37.919 0.0000000000
100492  30.702  23.355  -38.316 0.0000000000
141621  32.177  24.775  -37.650 0.0000000000
102318  31.921  25.638  -37.733 0.0000000000
103136  31.975  26.866  -36.348 0.0000000000
103898  31.908  27.657  -36.510 0.0000000000
104671  32.148  29.005  -35.532 0.0000000000
105480  27.757  29.915  -34.634 0.0000000000
106305  28.372  30.424  -36.181 0.0000000000
90858  30.489  13.841  -36.460 0.0000000000
92819  31.395  15.311  -36.298 0.0000000000
91838  31.748  14.588  -35.996 0.0000000000
90842  32.075  13.883  -35.483 0.0000000000
90832  32.710  14.013  -34.837 0.0000000000
90831  33.353  14.151  -34.275 0.0000000000
91814  33.853  14.482  -33.765 0.0000000000
96800  32.248  19.086  -35.716 0.0000000000
95785  32.577  18.372  -35.057 0.0000000000
96785  32.604  19.188  -34.742 0.0000000000
96770  32.904  19.312  -34.019 0.0000000000
96750  33.404  19.680  -32.671 0.0000000000
98639  33.491  21.195  -32.123 0.0000000000
97705  33.656  20.318  -32.028 0.0000000000
96749  33.811  19.538  -31.943 0.0000000000
136055  30.020  17.105  -36.711 0.0000000000
95796  31.337  18.134  -36.393 0.0000000000
134544  29.499  18.406  -37.080 0.0000000000
95808  30.666  18.409  -36.834 0.0000000000
132682  32.436  19.916  -35.327 0.0000000000
98674  32.568  21.369  -34.487 0.0000000000
98687  32.547  21.569  -35.348 0.0000000000
149319  32.586  21.914  -34.557 0.0000000000
98664  32.646  21.727  -33.860 0.0000000000
158222  32.827  23.685  -32.407 0.0000000000
100481  32.479  23.117  -37.286 0.0000000000
101440  32.757  23.701  -36.756 0.0000000000
101417  32.411  24.222  -34.894 0.0000000000
147096  32.179  25.029  -34.864 0.0000000000
143334  32.508  24.815  -32.810 0.0000000000
103128  28.163  25.980  -36.489 0.0000000000
138253  28.542  30.847  -36.933 0.0000000000
153860  28.797  30.593  -37.634 0.0000000000
105506  28.537  29.482  -36.422 0.0000000000
104686  28.592  28.566  -36.692 0.0000000000
104698  28.722  28.311  -37.725 0.0000000000
105528  29.599  29.479  -38.470 0.0000000000
150714  28.677  27.631  -37.876 0.0000000000
103914  28.594  26.984  -37.686 0.0000000000
103147  28.711  26.499  -38.014 0.0000000000
103158  29.171  26.733  -38.367 0.0000000000
103927  31.072  27.454  -38.440 0.0000000000
105518  31.551  28.989  -37.858 0.0000000000
104697  31.691  28.318  -37.571 0.0000000000
86723  29.696  8.920  -35.049 0.0000000000
86722  30.964  9.546  -34.428 0.0000000000
88829  29.496  11.523  -36.161 0.0000000000
89893  31.384  12.296  -35.414 0.0000000000
88814  31.011  11.532  -35.397 0.0000000000
87772  29.871  10.710  -35.686 0.0000000000
87749  30.782  10.202  -34.889 0.0000000000
94750  32.507  17.577  -35.333 0.0000000000
94749  33.049  17.628  -34.579 0.0000000000
152476  33.394  16.975  -34.239 0.0000000000
94715  33.881  17.780  -32.786 0.0000000000
94735  33.987  17.052  -33.035 0.0000000000
92791  33.467  16.163  -34.253 0.0000000000
92781  33.992  15.867  -33.498 0.0000000000
84690  29.708  7.187  -33.935 0.0000000000
84708  29.377  7.709  -34.505 0.0000000000
86739  28.647  9.745  -35.589 0.0000000000
87726  33.124  11.158  -33.289 0.0000000000
87770  30.591  10.822  -35.349 0.0000000000
87771  30.239  10.177  -35.314 0.0000000000
88815  30.305  11.486  -35.800 0.0000000000
89894  30.707  12.203  -35.835 0.0000000000
89907  30.383  12.868  -36.273 0.0000000000
90843  31.309  13.744  -36.066 0.0000000000
90859  29.759  13.292  -36.505 0.0000000000
91826  33.442  14.820  -34.266 0.0000000000
91854  30.270  14.855  -36.610 0.0000000000
92821  30.057  15.699  -36.678 0.0000000000
93749  33.738  16.671  -33.612 0.0000000000
93770  32.598  16.293  -35.355 0.0000000000
93787  29.777  16.430  -36.713 0.0000000000
94770  30.211  17.852  -36.810 0.0000000000
94771  29.686  17.727  -36.841 0.0000000000
95809  30.042  18.556  -37.160 0.0000000000
97739  32.530  20.732  -34.867 0.0000000000
97762  30.500  20.265  -38.157 0.0000000000
99600  31.035  22.582  -38.217 0.0000000000
100470  32.724  23.064  -35.497 0.0000000000
102330  29.112  26.034  -38.315 0.0000000000
103138  28.443  26.209  -37.496 0.0000000000
103930  28.824  27.224  -38.104 0.0000000000
105519  28.767  29.199  -37.431 0.0000000000
143581  31.078  15.961  -36.435 0.0000000000
146003  32.745  23.824  -35.845 0.0000000000
148828  29.733  26.922  -38.584 0.0000000000
149093  32.030  28.237  -35.799 0.0000000000
158107  34.308  16.760  -32.754 0.0000000000
