#!ascii label  , from subject sub-s007 vox2ras=TkReg
364
102641  -21.402  15.597  -31.281 0.0000000000
71600  -18.797  10.484  -29.639 0.0000000000
72314  -24.270  11.313  -31.578 0.0000000000
69400  -21.992  7.090  -30.779 0.0000000000
84396  -22.884  28.944  -32.375 0.0000000000
82183  -24.532  25.490  -31.623 0.0000000000
77884  -19.200  19.255  -30.696 0.0000000000
65204  -22.019  2.365  -30.500 0.0000000000
70149  -20.269  8.840  -30.230 0.0000000000
68616  -18.973  6.306  -29.091 0.0000000000
105765  -23.826  26.837  -31.917 0.0000000000
81486  -20.208  24.681  -32.783 0.0000000000
102704  -18.564  14.906  -30.074 0.0000000000
102613  -16.712  16.662  -28.630 0.0000000000
120693  -19.973  17.116  -30.944 0.0000000000
78579  -22.536  20.237  -31.792 0.0000000000
77247  -23.482  18.445  -31.754 0.0000000000
102491  -24.007  16.098  -31.610 0.0000000000
72291  -17.324  11.995  -28.834 0.0000000000
122885  -19.807  13.180  -30.510 0.0000000000
112780  -22.107  13.214  -31.333 0.0000000000
71609  -21.452  10.795  -30.981 0.0000000000
70157  -22.746  9.067  -31.367 0.0000000000
68635  -24.793  6.593  -31.136 0.0000000000
113530  -18.372  21.524  -30.435 0.0000000000
80097  -20.808  23.173  -31.677 0.0000000000
80089  -24.868  22.985  -31.366 0.0000000000
66064  -19.154  3.842  -29.172 0.0000000000
66083  -22.263  4.140  -30.738 0.0000000000
109395  -18.358  7.072  -28.986 0.0000000000
67832  -18.100  5.332  -28.398 0.0000000000
122976  -19.422  25.414  -32.419 0.0000000000
80787  -17.275  23.828  -32.491 0.0000000000
75195  -19.860  14.807  -30.634 0.0000000000
102591  -18.974  15.912  -30.323 0.0000000000
102589  -21.056  16.177  -31.252 0.0000000000
102628  -21.867  17.427  -31.626 0.0000000000
107752  -22.050  16.711  -31.562 0.0000000000
103614  -23.889  17.032  -31.625 0.0000000000
102424  -22.763  15.912  -31.563 0.0000000000
110746  -17.670  10.771  -29.056 0.0000000000
73014  -18.650  12.830  -29.764 0.0000000000
72301  -19.256  11.249  -29.859 0.0000000000
72303  -20.394  11.731  -30.508 0.0000000000
71601  -20.193  10.532  -30.337 0.0000000000
111425  -21.309  7.610  -30.533 0.0000000000
70156  -21.934  8.996  -30.999 0.0000000000
69406  -22.420  8.442  -31.204 0.0000000000
69408  -24.234  7.997  -31.420 0.0000000000
68633  -23.385  6.832  -31.352 0.0000000000
83645  -20.931  28.259  -31.291 0.0000000000
84376  -21.184  29.044  -31.260 0.0000000000
85228  -22.469  29.553  -32.449 0.0000000000
108145  -23.166  31.293  -32.693 0.0000000000
84379  -24.479  29.172  -31.932 0.0000000000
120971  -23.929  26.102  -31.838 0.0000000000
77233  -17.766  18.456  -29.851 0.0000000000
102577  -17.127  18.504  -29.413 0.0000000000
78565  -19.292  20.238  -30.770 0.0000000000
116092  -19.466  22.946  -31.701 0.0000000000
78577  -20.446  20.801  -31.385 0.0000000000
78590  -23.880  20.752  -31.573 0.0000000000
79338  -23.554  21.531  -31.668 0.0000000000
106297  -25.125  22.174  -31.333 0.0000000000
109574  -22.916  12.017  -31.476 0.0000000000
105581  -23.849  13.908  -31.509 0.0000000000
110066  -20.387  2.170  -29.674 0.0000000000
66081  -20.953  3.487  -30.094 0.0000000000
66990  -20.807  4.180  -30.060 0.0000000000
102816  -22.358  3.212  -30.617 0.0000000000
113636  -18.191  9.093  -29.295 0.0000000000
70906  -19.831  9.419  -30.071 0.0000000000
70141  -18.466  8.550  -29.339 0.0000000000
68624  -19.343  7.154  -29.488 0.0000000000
68626  -21.210  6.639  -30.447 0.0000000000
106221  -20.707  27.309  -31.556 0.0000000000
82952  -22.708  27.251  -32.181 0.0000000000
82182  -20.405  25.824  -32.093 0.0000000000
82194  -21.268  25.794  -32.092 0.0000000000
81487  -21.624  24.969  -32.099 0.0000000000
116826  -17.270  14.752  -28.809 0.0000000000
102517  -17.895  15.707  -29.638 0.0000000000
102512  -18.539  16.843  -30.215 0.0000000000
77234  -19.268  18.389  -30.686 0.0000000000
102935  -21.254  20.089  -31.577 0.0000000000
105947  -21.732  19.203  -31.683 0.0000000000
121166  -22.983  18.860  -31.854 0.0000000000
77902  -23.930  19.092  -31.653 0.0000000000
116048  -24.548  18.795  -31.282 0.0000000000
103908  -23.273  1.522  -30.601 0.0000000000
65205  -22.950  2.412  -30.647 0.0000000000
73726  -17.321  13.301  -29.071 0.0000000000
73735  -18.912  13.636  -30.052 0.0000000000
74498  -20.217  14.348  -30.755 0.0000000000
114498  -22.094  14.209  -31.370 0.0000000000
115367  -20.869  12.838  -30.877 0.0000000000
110292  -22.053  12.126  -31.374 0.0000000000
72312  -22.436  11.264  -31.475 0.0000000000
71602  -21.017  10.282  -30.729 0.0000000000
112901  -21.749  10.245  -31.223 0.0000000000
112781  -23.178  10.154  -31.633 0.0000000000
70917  -24.632  9.571  -31.676 0.0000000000
70151  -25.497  8.341  -31.083 0.0000000000
83648  -24.617  28.248  -31.778 0.0000000000
80095  -18.792  23.341  -32.067 0.0000000000
109182  -20.221  24.078  -32.423 0.0000000000
80791  -22.040  23.504  -31.733 0.0000000000
78588  -22.258  21.138  -31.751 0.0000000000
80099  -23.073  22.537  -31.626 0.0000000000
80778  -24.597  23.947  -31.430 0.0000000000
102590  -23.419  14.692  -31.542 0.0000000000
108223  -24.516  15.323  -31.530 0.0000000000
66976  -18.236  4.792  -28.634 0.0000000000
67834  -19.578  5.503  -29.477 0.0000000000
67844  -20.684  5.121  -30.109 0.0000000000
68627  -21.914  5.973  -30.785 0.0000000000
66096  -23.134  3.774  -30.870 0.0000000000
67001  -23.582  4.519  -31.079 0.0000000000
67853  -23.472  5.884  -31.329 0.0000000000
80076  -16.534  23.356  -32.440 0.0000000000
102498  -20.560  15.135  -30.912 0.0000000000
102648  -20.443  15.726  -30.923 0.0000000000
123747  -20.892  15.668  -31.116 0.0000000000
102505  -21.485  16.785  -31.471 0.0000000000
116836  -21.641  16.250  -31.426 0.0000000000
102500  -22.612  16.566  -31.590 0.0000000000
102499  -22.126  16.039  -31.489 0.0000000000
71595  -17.971  10.227  -29.245 0.0000000000
71594  -17.435  10.127  -28.683 0.0000000000
72293  -18.337  11.197  -29.462 0.0000000000
72302  -19.981  11.186  -30.283 0.0000000000
123318  -19.534  10.677  -29.972 0.0000000000
109262  -21.975  8.076  -30.888 0.0000000000
115725  -22.678  7.559  -31.220 0.0000000000
68632  -22.695  6.474  -31.129 0.0000000000
115852  -21.562  28.252  -31.779 0.0000000000
84395  -22.094  28.739  -32.214 0.0000000000
85933  -24.380  30.090  -32.275 0.0000000000
84378  -23.670  28.649  -32.168 0.0000000000
82196  -23.464  25.540  -31.844 0.0000000000
82953  -24.678  26.330  -31.674 0.0000000000
116064  -25.276  25.843  -31.503 0.0000000000
82184  -25.417  25.180  -31.410 0.0000000000
118150  -18.586  18.692  -30.355 0.0000000000
77883  -18.426  19.175  -30.282 0.0000000000
77882  -17.676  18.843  -29.783 0.0000000000
78576  -19.800  20.782  -31.144 0.0000000000
114134  -19.713  19.830  -31.043 0.0000000000
103141  -24.657  20.768  -31.246 0.0000000000
79329  -24.473  21.493  -31.444 0.0000000000
109573  -23.835  12.083  -31.485 0.0000000000
73747  -24.365  13.015  -31.451 0.0000000000
73034  -24.868  12.162  -31.487 0.0000000000
64378  -21.721  1.744  -30.351 0.0000000000
64377  -21.088  1.543  -29.962 0.0000000000
110756  -21.236  2.281  -30.154 0.0000000000
65203  -20.636  2.905  -29.918 0.0000000000
119465  -21.462  2.990  -30.335 0.0000000000
70140  -17.819  8.554  -28.945 0.0000000000
69390  -18.060  7.848  -28.911 0.0000000000
68625  -20.390  7.163  -30.064 0.0000000000
68617  -19.760  6.450  -29.627 0.0000000000
82950  -19.542  26.583  -31.676 0.0000000000
82960  -21.059  26.650  -31.812 0.0000000000
119120  -19.788  25.908  -32.026 0.0000000000
81485  -19.536  24.997  -32.615 0.0000000000
81471  -19.868  25.378  -32.543 0.0000000000
107667  -20.615  25.176  -32.537 0.0000000000
105185  -20.855  24.721  -32.486 0.0000000000
102638  -17.959  14.990  -29.538 0.0000000000
121700  -18.267  15.262  -29.854 0.0000000000
102423  -19.502  16.550  -30.623 0.0000000000
102513  -19.306  17.462  -30.616 0.0000000000
109129  -18.494  17.921  -30.254 0.0000000000
102625  -19.957  17.902  -31.115 0.0000000000
77898  -20.975  19.080  -31.507 0.0000000000
102508  -20.722  18.152  -31.447 0.0000000000
77246  -22.834  18.187  -31.790 0.0000000000
105712  -22.380  18.843  -31.788 0.0000000000
77901  -23.274  19.228  -31.797 0.0000000000
77248  -24.183  18.309  -31.556 0.0000000000
76589  -24.453  17.541  -31.472 0.0000000000
102431  -25.222  16.481  -31.215 0.0000000000
63484  -23.532  0.710  -30.459 0.0000000000
73005  -16.962  12.711  -28.591 0.0000000000
73725  -16.833  13.108  -28.498 0.0000000000
73012  -17.189  12.555  -28.848 0.0000000000
73021  -19.381  12.862  -30.261 0.0000000000
73736  -19.449  13.693  -30.397 0.0000000000
73737  -19.936  13.700  -30.614 0.0000000000
73745  -20.552  13.643  -30.844 0.0000000000
115464  -20.269  13.023  -30.650 0.0000000000
72310  -21.075  11.483  -30.772 0.0000000000
73033  -21.286  12.045  -30.959 0.0000000000
72311  -21.691  11.315  -31.212 0.0000000000
71610  -22.086  10.698  -31.393 0.0000000000
110388  -20.274  9.995  -30.365 0.0000000000
70907  -20.728  9.602  -30.535 0.0000000000
70914  -22.171  9.714  -31.336 0.0000000000
113369  -22.437  10.204  -31.492 0.0000000000
70915  -22.781  9.781  -31.523 0.0000000000
111929  -24.116  10.122  -31.713 0.0000000000
70916  -23.585  9.501  -31.593 0.0000000000
108461  -24.863  8.327  -31.382 0.0000000000
69409  -24.980  7.499  -31.124 0.0000000000
69401  -25.828  7.546  -30.667 0.0000000000
83647  -23.748  27.741  -32.020 0.0000000000
102667  -16.747  15.947  -28.481 0.0000000000
79316  -18.069  21.300  -29.952 0.0000000000
79326  -18.023  22.240  -31.019 0.0000000000
80086  -17.788  23.263  -32.142 0.0000000000
108956  -18.169  22.772  -31.823 0.0000000000
80088  -20.385  22.579  -31.534 0.0000000000
80790  -20.903  24.164  -32.142 0.0000000000
103530  -21.415  23.294  -31.706 0.0000000000
78578  -21.855  20.693  -31.708 0.0000000000
80100  -24.181  22.303  -31.523 0.0000000000
80793  -23.871  23.197  -31.508 0.0000000000
80779  -25.568  23.577  -31.243 0.0000000000
74509  -22.776  14.728  -31.486 0.0000000000
102490  -24.198  14.661  -31.556 0.0000000000
114065  -18.296  4.124  -28.672 0.0000000000
66977  -18.870  4.686  -29.011 0.0000000000
66991  -21.488  4.555  -30.474 0.0000000000
114111  -21.479  5.259  -30.533 0.0000000000
66992  -22.130  4.994  -30.821 0.0000000000
122917  -23.059  3.094  -30.693 0.0000000000
108185  -23.326  5.117  -31.227 0.0000000000
68599  -17.873  7.281  -28.803 0.0000000000
107646  -18.272  6.254  -28.595 0.0000000000
82181  -19.133  25.807  -32.161 0.0000000000
81469  -17.627  25.260  -32.638 0.0000000000
81484  -18.050  24.607  -32.429 0.0000000000
105888  -18.976  24.675  -32.405 0.0000000000
75194  -19.240  15.058  -30.429 0.0000000000
102675  -18.509  15.434  -30.091 0.0000000000
105370  -19.747  15.767  -30.650 0.0000000000
116835  -20.352  16.464  -31.015 0.0000000000
103617  -21.222  17.448  -31.499 0.0000000000
102609  -20.965  16.811  -31.342 0.0000000000
102619  -22.547  17.339  -31.665 0.0000000000
102651  -23.257  17.484  -31.685 0.0000000000
122001  -22.919  16.968  -31.638 0.0000000000
102495  -23.245  16.540  -31.619 0.0000000000
102494  -23.333  15.828  -31.594 0.0000000000
72292  -17.588  11.712  -29.106 0.0000000000
73013  -17.766  12.668  -29.351 0.0000000000
114109  -18.264  12.102  -29.492 0.0000000000
114560  -19.008  12.026  -29.816 0.0000000000
113700  -19.690  11.934  -30.258 0.0000000000
73022  -20.031  12.529  -30.507 0.0000000000
71608  -20.740  10.993  -30.609 0.0000000000
69399  -20.750  8.177  -30.377 0.0000000000
70150  -21.168  9.025  -30.626 0.0000000000
120977  -21.471  8.444  -30.670 0.0000000000
70158  -23.536  8.583  -31.481 0.0000000000
112565  -22.947  8.279  -31.400 0.0000000000
69407  -23.477  7.708  -31.427 0.0000000000
68634  -24.160  6.991  -31.378 0.0000000000
83637  -19.629  28.128  -30.681 0.0000000000
84394  -21.499  28.879  -31.746 0.0000000000
115485  -22.702  30.204  -32.622 0.0000000000
85934  -25.259  30.534  -31.896 0.0000000000
82962  -23.047  26.329  -32.144 0.0000000000
104440  -24.820  27.259  -31.660 0.0000000000
102522  -16.330  19.794  -28.857 0.0000000000
78564  -17.908  20.506  -29.940 0.0000000000
78575  -19.224  21.854  -31.185 0.0000000000
79327  -19.864  21.931  -31.342 0.0000000000
79335  -21.426  21.857  -31.629 0.0000000000
78580  -23.052  19.974  -31.836 0.0000000000
120782  -22.764  20.667  -31.793 0.0000000000
78589  -23.185  20.728  -31.762 0.0000000000
80090  -25.726  22.781  -31.176 0.0000000000
121136  -22.690  12.829  -31.415 0.0000000000
114147  -22.934  13.853  -31.470 0.0000000000
112779  -23.441  12.951  -31.447 0.0000000000
65189  -19.528  2.895  -29.386 0.0000000000
66065  -20.163  3.633  -29.730 0.0000000000
66978  -19.862  4.497  -29.616 0.0000000000
66082  -21.556  3.752  -30.421 0.0000000000
70897  -17.692  9.356  -29.036 0.0000000000
70898  -18.421  9.720  -29.470 0.0000000000
70905  -19.423  10.009  -29.910 0.0000000000
70899  -18.898  9.255  -29.629 0.0000000000
70148  -19.344  8.669  -29.732 0.0000000000
69391  -18.856  7.887  -29.396 0.0000000000
69398  -19.811  7.992  -29.866 0.0000000000
82931  -18.965  27.973  -30.468 0.0000000000
83644  -20.073  27.566  -31.258 0.0000000000
83646  -21.983  27.873  -32.027 0.0000000000
84377  -22.833  28.199  -32.203 0.0000000000
117805  -21.726  27.186  -32.011 0.0000000000
82961  -21.961  26.517  -32.148 0.0000000000
82195  -22.348  25.684  -32.088 0.0000000000
81488  -22.854  24.866  -31.790 0.0000000000
102518  -17.191  16.265  -29.063 0.0000000000
108016  -18.279  16.030  -30.028 0.0000000000
102698  -17.743  16.575  -29.666 0.0000000000
102630  -17.704  17.512  -29.743 0.0000000000
109733  -20.357  19.903  -31.336 0.0000000000
77244  -19.990  18.931  -31.241 0.0000000000
77899  -22.157  19.738  -31.774 0.0000000000
77245  -21.616  18.310  -31.648 0.0000000000
77900  -22.774  19.471  -31.830 0.0000000000
119600  -23.482  19.628  -31.694 0.0000000000
78581  -24.044  19.974  -31.397 0.0000000000
78582  -24.751  20.157  -30.959 0.0000000000
77903  -24.588  19.467  -31.115 0.0000000000
77235  -25.178  19.046  -30.700 0.0000000000
76588  -23.844  17.789  -31.649 0.0000000000
110865  -24.668  10.662  -31.663 0.0000000000
64379  -22.417  1.629  -30.531 0.0000000000
116842  -17.042  13.868  -28.541 0.0000000000
74485  -17.707  14.168  -29.266 0.0000000000
73727  -18.175  13.530  -29.558 0.0000000000
74486  -18.460  14.319  -29.811 0.0000000000
74496  -19.032  14.337  -30.265 0.0000000000
74508  -21.177  14.536  -31.153 0.0000000000
73746  -21.348  13.527  -31.175 0.0000000000
73023  -20.652  12.246  -30.664 0.0000000000
114395  -21.504  12.726  -31.178 0.0000000000
72313  -23.269  11.260  -31.566 0.0000000000
70908  -21.495  9.723  -30.937 0.0000000000
71611  -22.802  10.655  -31.567 0.0000000000
109605  -23.677  10.657  -31.637 0.0000000000
115291  -25.055  10.150  -31.689 0.0000000000
70159  -24.342  8.847  -31.565 0.0000000000
110684  -25.161  8.971  -31.563 0.0000000000
114537  -25.400  27.904  -31.520 0.0000000000
80788  -18.560  23.963  -32.391 0.0000000000
80087  -18.796  22.728  -31.704 0.0000000000
80096  -19.671  23.631  -32.035 0.0000000000
106127  -22.388  24.192  -31.786 0.0000000000
81489  -23.979  24.757  -31.635 0.0000000000
79328  -20.927  21.329  -31.526 0.0000000000
79337  -22.711  21.557  -31.775 0.0000000000
80098  -22.233  22.555  -31.710 0.0000000000
80792  -22.973  23.475  -31.603 0.0000000000
108838  -23.465  24.048  -31.618 0.0000000000
81472  -24.822  24.744  -31.485 0.0000000000
102493  -22.221  15.229  -31.424 0.0000000000
103643  -23.041  15.312  -31.553 0.0000000000
102624  -23.727  15.329  -31.589 0.0000000000
102486  -24.895  15.971  -31.427 0.0000000000
67833  -18.586  5.421  -28.786 0.0000000000
111497  -20.467  6.130  -30.024 0.0000000000
67845  -21.151  5.801  -30.398 0.0000000000
67000  -22.859  4.649  -31.065 0.0000000000
67852  -22.727  5.488  -31.126 0.0000000000
65206  -23.714  2.157  -30.636 0.0000000000
74497  -19.589  14.320  -30.509 0.0000000000
79336  -21.855  22.219  -31.714 0.0000000000
80789  -19.579  24.343  -32.702 0.0000000000
81470  -18.754  25.342  -32.361 0.0000000000
82951  -20.244  26.608  -31.718 0.0000000000
83655  -21.304  27.570  -31.740 0.0000000000
102504  -19.939  15.264  -30.686 0.0000000000
102515  -17.070  17.128  -29.158 0.0000000000
102615  -20.552  17.300  -31.279 0.0000000000
117193  -21.456  24.350  -31.970 0.0000000000
119171  -23.460  20.169  -31.671 0.0000000000
119496  -22.261  18.030  -31.743 0.0000000000
123284  -20.771  23.782  -31.921 0.0000000000
