#!ascii label  , from subject sub-s007 vox2ras=TkReg
417
14546  -35.623  -51.221  -35.797 0.0000000000
19814  -31.623  -46.588  -37.195 0.0000000000
20774  -35.937  -45.700  -31.795 0.0000000000
15567  -31.986  -50.068  -34.585 0.0000000000
21818  -31.427  -44.823  -30.972 0.0000000000
114890  -40.413  -46.695  -35.784 0.0000000000
20748  -38.528  -44.884  -30.705 0.0000000000
19659  -40.333  -46.772  -25.111 0.0000000000
102996  -35.523  -42.952  -30.520 0.0000000000
19727  -33.567  -46.461  -31.075 0.0000000000
22849  -32.533  -43.576  -29.351 0.0000000000
21837  -40.565  -44.294  -32.837 0.0000000000
19713  -41.195  -47.085  -31.077 0.0000000000
20665  -39.749  -45.483  -22.340 0.0000000000
20699  -37.326  -46.164  -24.225 0.0000000000
13580  -32.554  -52.698  -36.328 0.0000000000
18719  -31.274  -47.576  -35.634 0.0000000000
16594  -29.478  -49.712  -35.835 0.0000000000
105648  -30.146  -48.337  -38.003 0.0000000000
17593  -36.549  -48.496  -34.105 0.0000000000
121311  -34.160  -50.680  -34.358 0.0000000000
18696  -32.399  -47.833  -33.051 0.0000000000
124393  -31.424  -45.604  -34.433 0.0000000000
19762  -38.454  -45.633  -33.987 0.0000000000
23936  -38.359  -42.532  -31.734 0.0000000000
23923  -36.840  -41.643  -29.642 0.0000000000
18607  -42.579  -47.166  -27.960 0.0000000000
18621  -38.758  -47.268  -28.252 0.0000000000
117842  -35.758  -45.092  -27.484 0.0000000000
24933  -35.585  -41.337  -26.432 0.0000000000
14541  -30.727  -51.720  -35.220 0.0000000000
23991  -33.521  -41.774  -36.544 0.0000000000
20839  -33.787  -45.044  -38.070 0.0000000000
18774  -34.494  -47.154  -40.698 0.0000000000
25001  -35.033  -41.413  -28.905 0.0000000000
22851  -34.235  -42.888  -29.396 0.0000000000
13564  -34.432  -52.090  -36.271 0.0000000000
123932  -31.226  -47.197  -36.102 0.0000000000
17607  -30.468  -48.365  -36.670 0.0000000000
18741  -31.270  -47.224  -37.549 0.0000000000
17634  -30.704  -48.043  -38.699 0.0000000000
19828  -31.861  -46.705  -38.016 0.0000000000
18697  -36.463  -47.414  -33.210 0.0000000000
18682  -35.266  -47.542  -32.446 0.0000000000
20743  -32.043  -45.530  -30.620 0.0000000000
18664  -32.940  -47.331  -31.816 0.0000000000
19725  -31.821  -46.344  -31.815 0.0000000000
107841  -31.502  -46.334  -33.271 0.0000000000
21832  -31.287  -44.939  -32.493 0.0000000000
18713  -38.216  -47.069  -34.776 0.0000000000
19778  -39.327  -45.987  -34.925 0.0000000000
21822  -39.655  -44.430  -31.729 0.0000000000
22874  -39.338  -42.951  -32.139 0.0000000000
22860  -38.481  -42.690  -31.133 0.0000000000
22859  -37.843  -42.201  -30.733 0.0000000000
21800  -37.309  -43.598  -29.702 0.0000000000
18592  -41.494  -46.799  -26.571 0.0000000000
110195  -40.858  -47.135  -27.989 0.0000000000
18590  -39.731  -46.966  -26.753 0.0000000000
20681  -36.571  -45.097  -24.102 0.0000000000
20705  -35.886  -45.764  -26.148 0.0000000000
20704  -35.711  -44.860  -25.742 0.0000000000
22824  -35.581  -42.831  -26.999 0.0000000000
15568  -32.792  -50.402  -34.401 0.0000000000
14529  -32.066  -51.018  -34.613 0.0000000000
123694  -31.447  -50.516  -34.765 0.0000000000
16608  -28.472  -49.897  -36.079 0.0000000000
27201  -33.617  -39.519  -37.242 0.0000000000
22948  -33.916  -43.298  -37.067 0.0000000000
20860  -35.028  -45.271  -40.187 0.0000000000
108598  -35.653  -44.464  -31.103 0.0000000000
19729  -35.086  -46.253  -31.482 0.0000000000
20746  -34.909  -44.816  -30.616 0.0000000000
21803  -33.403  -44.809  -29.957 0.0000000000
122631  -31.675  -44.130  -29.953 0.0000000000
20789  -41.115  -44.830  -33.731 0.0000000000
20765  -40.522  -45.339  -32.062 0.0000000000
19712  -39.460  -46.451  -30.805 0.0000000000
19642  -39.689  -46.633  -24.402 0.0000000000
19657  -38.488  -46.854  -25.365 0.0000000000
20683  -38.371  -45.938  -23.161 0.0000000000
112877  -37.074  -45.107  -23.429 0.0000000000
22785  -37.093  -43.645  -23.419 0.0000000000
16581  -31.761  -49.118  -34.780 0.0000000000
16596  -31.272  -49.799  -34.984 0.0000000000
17598  -30.750  -48.718  -35.868 0.0000000000
17622  -29.722  -48.667  -37.196 0.0000000000
16636  -28.442  -49.217  -38.447 0.0000000000
17648  -29.766  -48.773  -39.479 0.0000000000
17662  -30.718  -48.623  -40.481 0.0000000000
17663  -31.694  -48.436  -40.908 0.0000000000
15572  -36.393  -50.121  -35.217 0.0000000000
14532  -34.920  -51.305  -35.037 0.0000000000
16572  -33.903  -49.434  -33.647 0.0000000000
16571  -33.051  -49.201  -33.827 0.0000000000
18665  -33.720  -47.168  -31.625 0.0000000000
17565  -33.084  -48.201  -32.785 0.0000000000
17591  -32.331  -48.787  -34.199 0.0000000000
18710  -31.660  -47.493  -34.198 0.0000000000
19775  -31.417  -46.864  -34.598 0.0000000000
20828  -31.604  -45.736  -35.915 0.0000000000
16587  -37.204  -48.682  -34.868 0.0000000000
18712  -37.488  -47.418  -34.218 0.0000000000
19749  -37.258  -45.541  -32.856 0.0000000000
21847  -39.727  -43.794  -33.191 0.0000000000
118822  -38.169  -44.000  -32.876 0.0000000000
21820  -36.844  -43.705  -31.861 0.0000000000
22871  -36.880  -42.622  -31.462 0.0000000000
25002  -36.549  -41.455  -29.810 0.0000000000
24983  -35.878  -41.030  -28.849 0.0000000000
18636  -41.731  -47.373  -29.554 0.0000000000
18634  -39.780  -47.354  -29.315 0.0000000000
19702  -38.355  -46.629  -29.667 0.0000000000
19672  -38.196  -47.062  -26.186 0.0000000000
19682  -37.070  -46.740  -27.433 0.0000000000
21791  -36.844  -44.851  -29.193 0.0000000000
22842  -36.062  -43.436  -28.292 0.0000000000
23884  -35.858  -41.806  -27.680 0.0000000000
14544  -33.424  -51.777  -35.011 0.0000000000
13561  -31.177  -52.309  -35.545 0.0000000000
15580  -29.904  -50.381  -35.372 0.0000000000
108848  -29.372  -51.083  -35.353 0.0000000000
22899  -31.397  -43.739  -33.534 0.0000000000
21852  -31.727  -44.279  -34.634 0.0000000000
20820  -32.020  -44.858  -35.902 0.0000000000
119208  -32.723  -44.276  -36.387 0.0000000000
20829  -32.451  -45.476  -37.237 0.0000000000
103982  -32.863  -46.200  -38.406 0.0000000000
18773  -33.184  -47.476  -40.310 0.0000000000
24982  -34.460  -41.223  -28.092 0.0000000000
105743  -34.352  -42.170  -29.036 0.0000000000
14545  -34.921  -51.642  -35.756 0.0000000000
19805  -31.451  -46.556  -36.389 0.0000000000
18730  -31.205  -47.185  -36.766 0.0000000000
18749  -31.355  -47.422  -38.341 0.0000000000
19748  -36.436  -46.103  -32.411 0.0000000000
18683  -36.107  -47.057  -32.619 0.0000000000
19747  -35.592  -46.648  -32.091 0.0000000000
20760  -31.690  -45.724  -31.387 0.0000000000
20761  -32.168  -46.278  -31.279 0.0000000000
20773  -31.502  -45.856  -32.289 0.0000000000
111597  -31.407  -45.191  -31.736 0.0000000000
18723  -40.838  -47.415  -36.121 0.0000000000
113138  -39.838  -46.208  -35.361 0.0000000000
21808  -39.025  -44.261  -31.258 0.0000000000
21807  -38.599  -43.611  -30.922 0.0000000000
21806  -38.034  -42.937  -30.482 0.0000000000
20747  -37.934  -44.244  -30.315 0.0000000000
19660  -41.281  -46.827  -25.021 0.0000000000
18571  -40.931  -46.767  -25.854 0.0000000000
18591  -40.613  -46.814  -26.648 0.0000000000
18570  -40.020  -46.864  -25.948 0.0000000000
21749  -36.366  -44.390  -24.462 0.0000000000
21763  -35.955  -44.382  -25.105 0.0000000000
21762  -35.708  -43.845  -25.676 0.0000000000
23852  -36.187  -42.570  -25.210 0.0000000000
16582  -32.547  -49.579  -34.317 0.0000000000
22949  -34.352  -43.134  -37.805 0.0000000000
20850  -34.746  -44.890  -39.320 0.0000000000
21908  -34.696  -44.116  -38.961 0.0000000000
21805  -35.573  -43.760  -30.798 0.0000000000
21804  -34.887  -43.850  -30.286 0.0000000000
22850  -33.428  -43.517  -29.369 0.0000000000
21799  -34.058  -43.904  -29.698 0.0000000000
21798  -32.945  -44.226  -29.599 0.0000000000
21802  -32.426  -44.890  -30.018 0.0000000000
21797  -32.071  -44.237  -29.735 0.0000000000
19730  -39.943  -45.706  -31.514 0.0000000000
109109  -40.297  -46.838  -31.038 0.0000000000
121368  -40.600  -46.363  -23.439 0.0000000000
19628  -39.918  -46.395  -23.582 0.0000000000
19627  -39.018  -46.387  -23.734 0.0000000000
20684  -39.314  -46.028  -22.964 0.0000000000
21713  -37.326  -44.391  -22.965 0.0000000000
13579  -31.663  -52.800  -36.205 0.0000000000
17599  -31.310  -48.334  -35.346 0.0000000000
109258  -31.170  -49.112  -35.338 0.0000000000
17623  -30.410  -48.201  -37.365 0.0000000000
108100  -29.336  -48.738  -38.137 0.0000000000
16637  -29.229  -48.951  -39.017 0.0000000000
123494  -30.951  -48.049  -39.314 0.0000000000
17649  -30.459  -48.416  -39.548 0.0000000000
17650  -31.321  -48.070  -39.915 0.0000000000
18772  -32.168  -47.889  -40.352 0.0000000000
111352  -36.445  -49.109  -34.461 0.0000000000
16585  -35.980  -49.758  -34.500 0.0000000000
17578  -33.512  -48.772  -33.279 0.0000000000
20762  -34.411  -45.877  -30.898 0.0000000000
19728  -34.311  -46.586  -31.358 0.0000000000
18679  -32.688  -47.582  -32.371 0.0000000000
17577  -32.731  -48.509  -33.494 0.0000000000
17576  -32.103  -48.027  -33.833 0.0000000000
114267  -31.399  -46.261  -34.147 0.0000000000
19795  -31.313  -46.788  -35.508 0.0000000000
20819  -31.370  -46.043  -34.953 0.0000000000
19777  -38.671  -46.231  -34.619 0.0000000000
19776  -37.914  -46.577  -34.115 0.0000000000
19761  -37.635  -46.058  -33.472 0.0000000000
21848  -40.498  -44.221  -33.256 0.0000000000
110698  -40.202  -44.592  -33.957 0.0000000000
21836  -40.113  -43.801  -32.741 0.0000000000
22892  -38.813  -42.717  -32.176 0.0000000000
21835  -39.200  -43.216  -32.607 0.0000000000
21834  -38.499  -43.264  -32.599 0.0000000000
21833  -37.623  -43.667  -32.418 0.0000000000
22890  -37.435  -42.950  -31.912 0.0000000000
22872  -37.710  -42.348  -31.496 0.0000000000
23924  -37.220  -41.763  -30.327 0.0000000000
103446  -36.279  -41.139  -29.277 0.0000000000
112695  -36.436  -41.325  -29.323 0.0000000000
18625  -42.181  -47.308  -28.694 0.0000000000
116914  -39.435  -47.225  -27.594 0.0000000000
18623  -40.408  -47.344  -28.622 0.0000000000
18622  -39.575  -47.336  -28.481 0.0000000000
18633  -38.928  -47.228  -29.105 0.0000000000
104464  -38.129  -46.943  -28.819 0.0000000000
19640  -37.877  -46.574  -24.716 0.0000000000
19656  -37.570  -46.736  -25.500 0.0000000000
20714  -35.884  -45.771  -27.068 0.0000000000
19670  -36.422  -46.356  -26.643 0.0000000000
19681  -36.375  -46.201  -27.426 0.0000000000
20732  -36.705  -45.682  -28.628 0.0000000000
20724  -36.169  -45.570  -27.935 0.0000000000
21790  -36.495  -44.022  -28.882 0.0000000000
21780  -35.986  -44.601  -28.150 0.0000000000
23868  -35.637  -42.062  -26.752 0.0000000000
109000  -35.642  -41.174  -27.429 0.0000000000
14531  -34.033  -51.207  -34.627 0.0000000000
113078  -34.249  -51.732  -35.347 0.0000000000
14542  -31.586  -51.718  -34.998 0.0000000000
13560  -30.322  -52.328  -35.673 0.0000000000
14540  -29.888  -51.721  -35.409 0.0000000000
16595  -30.474  -49.594  -35.491 0.0000000000
15566  -30.748  -50.434  -35.062 0.0000000000
15592  -27.632  -50.417  -35.942 0.0000000000
15579  -28.485  -50.736  -35.593 0.0000000000
102817  -31.159  -44.057  -32.706 0.0000000000
107366  -31.093  -43.059  -32.928 0.0000000000
21868  -32.178  -44.141  -35.448 0.0000000000
21893  -33.977  -44.374  -37.748 0.0000000000
21878  -33.575  -44.009  -37.055 0.0000000000
21892  -33.067  -44.797  -37.306 0.0000000000
20838  -32.966  -45.504  -37.848 0.0000000000
119511  -33.602  -45.599  -38.399 0.0000000000
19840  -34.471  -46.276  -39.710 0.0000000000
18762  -33.897  -46.857  -39.975 0.0000000000
23921  -35.135  -41.932  -29.525 0.0000000000
22856  -34.980  -42.854  -29.963 0.0000000000
23920  -33.350  -42.805  -28.956 0.0000000000
20664  -38.713  -45.368  -22.465 0.0000000000
21715  -39.202  -44.735  -21.910 0.0000000000
13581  -33.520  -52.505  -36.509 0.0000000000
17608  -31.002  -47.878  -36.198 0.0000000000
18729  -30.833  -47.738  -37.070 0.0000000000
18740  -30.759  -47.798  -37.836 0.0000000000
17635  -31.432  -47.709  -39.120 0.0000000000
118689  -35.855  -47.685  -32.917 0.0000000000
111536  -35.428  -48.099  -32.947 0.0000000000
17567  -34.756  -48.254  -32.754 0.0000000000
19709  -32.744  -46.152  -30.826 0.0000000000
112593  -32.840  -46.779  -31.370 0.0000000000
19726  -32.286  -46.926  -31.930 0.0000000000
19745  -31.791  -46.697  -32.493 0.0000000000
18695  -31.819  -47.244  -33.309 0.0000000000
20787  -31.366  -45.407  -33.214 0.0000000000
19796  -39.061  -46.709  -35.374 0.0000000000
20788  -39.182  -45.445  -34.448 0.0000000000
21823  -40.228  -44.382  -32.342 0.0000000000
113294  -39.695  -43.595  -32.220 0.0000000000
21821  -39.162  -43.282  -31.613 0.0000000000
22873  -38.746  -42.689  -31.701 0.0000000000
23931  -38.142  -42.354  -31.266 0.0000000000
22852  -37.457  -42.237  -30.023 0.0000000000
22843  -36.750  -42.517  -29.171 0.0000000000
18593  -42.379  -46.913  -26.500 0.0000000000
114166  -42.033  -46.933  -27.259 0.0000000000
109665  -41.690  -47.128  -27.984 0.0000000000
18606  -41.174  -46.908  -27.314 0.0000000000
18605  -40.338  -47.006  -27.383 0.0000000000
20698  -36.597  -45.826  -24.645 0.0000000000
19655  -36.610  -46.325  -25.601 0.0000000000
120741  -36.100  -45.619  -25.354 0.0000000000
20713  -35.601  -45.012  -26.752 0.0000000000
21779  -35.680  -44.242  -27.501 0.0000000000
21771  -35.538  -43.901  -26.651 0.0000000000
22813  -35.585  -43.042  -26.243 0.0000000000
23851  -35.691  -42.282  -25.892 0.0000000000
15569  -33.612  -50.597  -34.323 0.0000000000
14530  -33.061  -51.164  -34.553 0.0000000000
14528  -31.133  -51.128  -34.888 0.0000000000
25091  -34.026  -41.393  -37.722 0.0000000000
24003  -33.858  -41.997  -37.143 0.0000000000
111380  -33.627  -42.594  -36.547 0.0000000000
117109  -34.043  -42.679  -37.250 0.0000000000
118147  -34.111  -43.773  -37.546 0.0000000000
19829  -33.977  -45.959  -38.968 0.0000000000
103866  -34.733  -45.626  -39.567 0.0000000000
19841  -35.181  -45.990  -40.268 0.0000000000
20764  -36.166  -44.646  -31.566 0.0000000000
20763  -35.377  -45.342  -31.214 0.0000000000
20745  -33.901  -45.316  -30.378 0.0000000000
20744  -32.924  -45.519  -30.334 0.0000000000
21801  -31.776  -44.633  -30.227 0.0000000000
20802  -40.904  -45.269  -34.438 0.0000000000
20777  -40.893  -44.904  -32.653 0.0000000000
20766  -41.252  -45.894  -32.316 0.0000000000
124070  -40.112  -44.922  -31.888 0.0000000000
20749  -39.177  -45.336  -31.110 0.0000000000
19711  -38.677  -46.069  -30.458 0.0000000000
19643  -40.686  -46.621  -24.192 0.0000000000
19658  -39.402  -46.826  -25.241 0.0000000000
19641  -38.760  -46.638  -24.551 0.0000000000
19626  -38.114  -46.351  -23.920 0.0000000000
20682  -37.551  -45.784  -23.520 0.0000000000
119063  -36.954  -45.628  -23.925 0.0000000000
21733  -36.770  -44.396  -23.688 0.0000000000
22800  -36.655  -43.682  -24.183 0.0000000000
16610  -30.007  -49.042  -36.249 0.0000000000
16624  -28.716  -49.064  -37.420 0.0000000000
17633  -29.939  -48.545  -38.804 0.0000000000
17661  -29.957  -48.879  -40.167 0.0000000000
16657  -29.513  -49.429  -40.595 0.0000000000
16658  -30.202  -49.175  -40.964 0.0000000000
17677  -30.980  -49.018  -41.341 0.0000000000
15571  -35.653  -50.615  -34.942 0.0000000000
15570  -34.726  -50.715  -34.494 0.0000000000
16573  -34.888  -49.437  -33.735 0.0000000000
16584  -34.261  -50.136  -34.097 0.0000000000
16583  -33.358  -49.901  -34.099 0.0000000000
19746  -34.737  -47.040  -31.817 0.0000000000
18680  -33.415  -47.758  -32.220 0.0000000000
17590  -31.748  -48.247  -34.583 0.0000000000
105993  -31.451  -47.572  -34.979 0.0000000000
16586  -36.785  -49.489  -35.095 0.0000000000
118497  -37.145  -48.064  -34.334 0.0000000000
18720  -37.727  -47.848  -34.906 0.0000000000
18711  -36.807  -47.793  -33.784 0.0000000000
18698  -37.204  -47.014  -33.590 0.0000000000
19760  -36.836  -46.564  -33.015 0.0000000000
20801  -39.955  -45.435  -34.697 0.0000000000
122582  -39.632  -44.988  -34.266 0.0000000000
111394  -39.195  -44.640  -33.828 0.0000000000
21846  -38.866  -43.824  -33.140 0.0000000000
121683  -38.148  -44.839  -33.358 0.0000000000
20776  -37.596  -44.571  -32.775 0.0000000000
20775  -36.831  -44.859  -32.255 0.0000000000
21819  -36.204  -43.639  -31.322 0.0000000000
22857  -36.178  -42.718  -30.932 0.0000000000
23935  -37.201  -41.981  -31.110 0.0000000000
22858  -36.746  -42.012  -30.910 0.0000000000
120637  -36.045  -41.826  -30.320 0.0000000000
23922  -35.878  -41.292  -29.483 0.0000000000
18624  -41.282  -47.308  -28.681 0.0000000000
18635  -40.701  -47.389  -29.433 0.0000000000
18649  -40.005  -47.248  -30.210 0.0000000000
19703  -39.118  -47.022  -30.013 0.0000000000
20740  -37.895  -45.609  -29.998 0.0000000000
18569  -39.115  -47.004  -26.055 0.0000000000
18589  -38.838  -47.163  -26.862 0.0000000000
19683  -37.958  -47.153  -27.050 0.0000000000
19671  -37.258  -46.845  -26.381 0.0000000000
19696  -37.944  -47.066  -27.932 0.0000000000
19695  -37.286  -46.474  -28.522 0.0000000000
20733  -37.238  -45.689  -29.277 0.0000000000
20739  -37.405  -44.839  -29.731 0.0000000000
22832  -35.726  -43.087  -27.588 0.0000000000
23905  -36.254  -42.097  -28.416 0.0000000000
23885  -36.154  -41.195  -28.671 0.0000000000
24956  -35.674  -40.941  -28.088 0.0000000000
121383  -33.725  -52.124  -35.709 0.0000000000
13563  -32.967  -52.254  -35.600 0.0000000000
14543  -32.500  -51.750  -34.902 0.0000000000
13562  -32.057  -52.285  -35.515 0.0000000000
110227  -30.281  -51.100  -35.135 0.0000000000
120569  -29.123  -50.345  -35.604 0.0000000000
23903  -32.740  -42.220  -28.474 0.0000000000
22848  -31.642  -43.537  -29.663 0.0000000000
22855  -31.313  -43.937  -30.367 0.0000000000
22870  -30.983  -43.919  -31.174 0.0000000000
109997  -31.137  -44.448  -31.811 0.0000000000
21845  -31.357  -44.546  -33.349 0.0000000000
20800  -31.453  -44.969  -34.096 0.0000000000
107368  -31.565  -43.000  -33.849 0.0000000000
112814  -31.519  -44.224  -33.990 0.0000000000
21867  -31.629  -45.078  -35.071 0.0000000000
19806  -31.887  -45.915  -36.823 0.0000000000
22932  -33.340  -43.462  -36.428 0.0000000000
22931  -32.763  -43.606  -35.890 0.0000000000
120206  -32.250  -45.161  -36.602 0.0000000000
19815  -32.254  -46.061  -37.584 0.0000000000
18750  -32.247  -47.054  -38.879 0.0000000000
18761  -32.929  -47.103  -39.588 0.0000000000
18760  -32.162  -47.541  -39.677 0.0000000000
19639  -37.136  -46.411  -24.894 0.0000000000
19694  -36.657  -46.213  -28.019 0.0000000000
19701  -37.708  -46.348  -29.304 0.0000000000
19710  -33.482  -45.932  -30.642 0.0000000000
19759  -31.523  -46.871  -33.883 0.0000000000
19779  -40.650  -45.936  -35.160 0.0000000000
19851  -34.904  -46.552  -40.416 0.0000000000
21838  -41.092  -44.744  -33.165 0.0000000000
21853  -32.042  -43.656  -34.853 0.0000000000
22891  -38.106  -42.720  -32.155 0.0000000000
23906  -36.582  -41.627  -29.057 0.0000000000
23919  -32.134  -42.898  -29.007 0.0000000000
23929  -36.953  -41.738  -30.600 0.0000000000
23930  -37.527  -41.975  -30.920 0.0000000000
112552  -36.386  -44.990  -28.588 0.0000000000
114070  -34.248  -44.598  -30.139 0.0000000000
114847  -40.143  -47.240  -27.997 0.0000000000
117207  -38.587  -47.232  -27.534 0.0000000000
117328  -35.825  -43.091  -25.574 0.0000000000
117619  -31.383  -45.720  -33.832 0.0000000000
120200  -36.130  -45.066  -24.850 0.0000000000
120699  -39.633  -43.398  -32.544 0.0000000000
122749  -39.746  -46.826  -35.885 0.0000000000
123976  -35.882  -41.126  -27.984 0.0000000000
