#!ascii label  , from subject sub-s007 vox2ras=TkReg
352
69392  -27.212  7.356  -29.822 0.0000000000
72314  -24.270  11.313  -31.578 0.0000000000
82183  -24.532  25.490  -31.623 0.0000000000
79318  -26.107  21.333  -30.671 0.0000000000
75880  -26.853  16.462  -29.975 0.0000000000
120114  -29.268  12.449  -28.943 0.0000000000
105765  -23.826  26.837  -31.917 0.0000000000
117376  -25.866  18.570  -30.334 0.0000000000
102491  -24.007  16.098  -31.610 0.0000000000
70918  -25.482  9.661  -31.570 0.0000000000
112099  -26.873  11.762  -31.141 0.0000000000
70900  -28.104  9.437  -29.718 0.0000000000
65207  -24.337  2.440  -30.496 0.0000000000
68635  -24.793  6.593  -31.136 0.0000000000
87873  -22.681  33.254  -32.615 0.0000000000
86626  -24.448  31.965  -32.421 0.0000000000
85214  -26.026  30.048  -31.474 0.0000000000
84382  -26.864  28.104  -30.920 0.0000000000
82943  -27.629  26.368  -30.706 0.0000000000
80089  -24.868  22.985  -31.366 0.0000000000
81459  -28.433  23.976  -30.176 0.0000000000
79304  -29.056  22.029  -29.120 0.0000000000
77850  -28.689  19.308  -28.526 0.0000000000
106980  -29.509  16.895  -28.256 0.0000000000
102614  -25.680  13.811  -31.338 0.0000000000
102479  -27.929  14.889  -29.900 0.0000000000
103614  -23.889  17.032  -31.625 0.0000000000
102424  -22.763  15.912  -31.563 0.0000000000
70152  -26.331  8.454  -30.640 0.0000000000
70909  -26.752  9.838  -30.802 0.0000000000
115072  -27.897  8.245  -29.602 0.0000000000
60738  -25.097  -1.981  -28.916 0.0000000000
61603  -25.158  -1.170  -29.020 0.0000000000
117149  -25.402  0.395  -29.170 0.0000000000
69408  -24.234  7.997  -31.420 0.0000000000
68633  -23.385  6.832  -31.352 0.0000000000
86610  -25.339  31.436  -31.918 0.0000000000
120971  -23.929  26.102  -31.838 0.0000000000
114537  -25.400  27.904  -31.520 0.0000000000
82954  -25.536  26.502  -31.452 0.0000000000
121063  -27.234  27.496  -30.766 0.0000000000
105290  -26.097  25.750  -31.277 0.0000000000
106297  -25.125  22.174  -31.333 0.0000000000
80767  -26.983  23.834  -30.692 0.0000000000
80078  -27.073  22.933  -30.552 0.0000000000
111904  -28.568  23.227  -29.840 0.0000000000
117943  -27.292  21.774  -30.198 0.0000000000
76559  -26.587  17.979  -29.901 0.0000000000
77869  -27.435  19.637  -29.528 0.0000000000
77219  -28.077  18.134  -29.157 0.0000000000
77205  -28.638  18.451  -28.656 0.0000000000
76561  -28.135  17.294  -29.146 0.0000000000
109574  -22.916  12.017  -31.476 0.0000000000
105581  -23.849  13.908  -31.509 0.0000000000
73747  -24.365  13.015  -31.451 0.0000000000
73015  -27.963  11.885  -29.906 0.0000000000
102470  -27.846  13.272  -30.283 0.0000000000
102420  -28.668  13.600  -29.657 0.0000000000
74476  -29.251  14.820  -29.070 0.0000000000
102439  -29.412  13.552  -29.058 0.0000000000
65190  -25.653  2.349  -29.478 0.0000000000
66085  -24.514  3.311  -30.596 0.0000000000
66066  -25.629  3.295  -29.740 0.0000000000
115295  -26.292  4.585  -29.584 0.0000000000
77902  -23.930  19.092  -31.653 0.0000000000
77885  -25.322  19.883  -30.574 0.0000000000
116048  -24.548  18.795  -31.282 0.0000000000
76576  -25.307  17.192  -31.042 0.0000000000
123380  -25.713  16.569  -30.848 0.0000000000
110865  -24.668  10.662  -31.663 0.0000000000
72315  -25.398  11.316  -31.560 0.0000000000
71603  -26.468  10.429  -31.226 0.0000000000
71604  -27.216  10.581  -30.614 0.0000000000
71597  -28.438  10.693  -29.491 0.0000000000
64368  -25.407  1.480  -29.461 0.0000000000
112781  -23.178  10.154  -31.633 0.0000000000
70917  -24.632  9.571  -31.676 0.0000000000
70151  -25.497  8.341  -31.083 0.0000000000
68629  -26.177  6.713  -30.358 0.0000000000
89102  -23.128  35.567  -32.762 0.0000000000
86624  -22.380  31.752  -32.559 0.0000000000
87262  -23.780  32.700  -32.622 0.0000000000
87867  -26.102  33.186  -31.606 0.0000000000
86612  -26.954  32.046  -30.914 0.0000000000
85925  -27.437  30.639  -30.594 0.0000000000
83648  -24.617  28.248  -31.778 0.0000000000
85206  -26.609  29.527  -31.101 0.0000000000
85208  -28.022  30.035  -30.181 0.0000000000
85199  -28.636  29.415  -29.815 0.0000000000
84371  -29.205  27.960  -29.689 0.0000000000
83641  -29.112  27.081  -29.834 0.0000000000
80778  -24.597  23.947  -31.430 0.0000000000
81457  -26.854  24.630  -30.848 0.0000000000
82174  -27.983  25.104  -30.554 0.0000000000
82166  -29.398  25.516  -29.871 0.0000000000
81451  -29.836  24.737  -29.570 0.0000000000
80044  -30.210  22.558  -28.546 0.0000000000
78568  -27.146  20.493  -29.936 0.0000000000
117850  -28.452  20.680  -28.994 0.0000000000
102590  -23.419  14.692  -31.542 0.0000000000
108223  -24.516  15.323  -31.530 0.0000000000
102484  -26.290  15.324  -30.766 0.0000000000
115794  -26.235  13.011  -31.248 0.0000000000
102652  -26.785  14.481  -30.687 0.0000000000
102471  -27.574  15.824  -29.739 0.0000000000
75182  -28.563  15.424  -29.291 0.0000000000
75868  -29.658  16.037  -28.281 0.0000000000
67847  -25.067  5.877  -30.937 0.0000000000
67848  -25.789  5.882  -30.488 0.0000000000
67836  -27.157  5.978  -29.435 0.0000000000
69402  -26.611  7.500  -30.233 0.0000000000
69403  -27.193  8.182  -29.990 0.0000000000
69393  -27.780  7.572  -29.524 0.0000000000
117868  -25.709  -2.330  -28.634 0.0000000000
61589  -25.807  -1.616  -28.650 0.0000000000
82196  -23.464  25.540  -31.844 0.0000000000
82953  -24.678  26.330  -31.674 0.0000000000
116064  -25.276  25.843  -31.503 0.0000000000
82955  -26.389  26.604  -31.194 0.0000000000
82184  -25.417  25.180  -31.410 0.0000000000
103141  -24.657  20.768  -31.246 0.0000000000
79329  -24.473  21.493  -31.444 0.0000000000
79330  -25.316  21.442  -31.113 0.0000000000
120987  -26.355  22.630  -30.845 0.0000000000
106366  -26.730  22.044  -30.546 0.0000000000
109429  -27.384  22.319  -30.284 0.0000000000
76560  -26.878  17.186  -29.748 0.0000000000
111025  -27.441  17.672  -29.469 0.0000000000
108000  -27.513  16.804  -29.503 0.0000000000
109573  -23.835  12.083  -31.485 0.0000000000
73034  -24.868  12.162  -31.487 0.0000000000
102608  -28.751  12.084  -29.342 0.0000000000
73026  -28.315  12.700  -29.838 0.0000000000
102467  -29.050  12.892  -29.334 0.0000000000
102428  -29.553  12.936  -28.759 0.0000000000
109053  -29.913  12.878  -28.375 0.0000000000
103397  -29.728  12.342  -28.425 0.0000000000
77248  -24.183  18.309  -31.556 0.0000000000
76589  -24.453  17.541  -31.472 0.0000000000
102487  -24.612  16.721  -31.465 0.0000000000
102431  -25.222  16.481  -31.215 0.0000000000
115291  -25.055  10.150  -31.689 0.0000000000
119904  -25.451  10.620  -31.627 0.0000000000
114012  -25.821  10.257  -31.560 0.0000000000
70910  -27.446  9.688  -30.259 0.0000000000
71596  -27.950  10.228  -29.967 0.0000000000
72294  -27.874  11.058  -30.052 0.0000000000
112075  -28.501  9.928  -29.375 0.0000000000
71584  -28.932  10.338  -28.916 0.0000000000
60737  -24.340  -2.448  -29.239 0.0000000000
111585  -24.567  -3.183  -28.943 0.0000000000
117163  -25.268  0.870  -29.416 0.0000000000
64369  -26.040  1.637  -29.047 0.0000000000
111929  -24.116  10.122  -31.713 0.0000000000
108461  -24.863  8.327  -31.382 0.0000000000
69409  -24.980  7.499  -31.124 0.0000000000
69401  -25.828  7.546  -30.667 0.0000000000
68628  -25.437  6.686  -30.780 0.0000000000
102790  -21.957  34.010  -32.487 0.0000000000
105172  -21.941  35.233  -32.573 0.0000000000
115574  -22.475  34.689  -32.590 0.0000000000
113239  -23.792  34.848  -32.580 0.0000000000
88496  -23.214  34.077  -32.606 0.0000000000
123216  -23.778  31.556  -32.593 0.0000000000
86625  -23.249  31.925  -32.672 0.0000000000
87263  -24.831  32.682  -32.330 0.0000000000
115914  -24.680  33.186  -32.414 0.0000000000
117992  -25.387  33.188  -32.086 0.0000000000
87249  -25.565  32.400  -31.858 0.0000000000
85935  -26.072  30.891  -31.436 0.0000000000
86611  -26.236  31.762  -31.420 0.0000000000
86602  -26.829  31.208  -30.981 0.0000000000
85924  -26.725  30.347  -31.051 0.0000000000
83647  -23.748  27.741  -32.020 0.0000000000
113607  -26.124  28.018  -31.298 0.0000000000
84381  -26.392  28.764  -31.198 0.0000000000
84368  -27.117  28.893  -30.744 0.0000000000
85207  -27.300  29.757  -30.654 0.0000000000
108997  -27.863  29.119  -30.255 0.0000000000
83639  -27.879  27.078  -30.568 0.0000000000
113008  -28.504  27.598  -30.155 0.0000000000
83640  -28.551  26.855  -30.262 0.0000000000
82944  -28.249  26.286  -30.464 0.0000000000
80100  -24.181  22.303  -31.523 0.0000000000
80793  -23.871  23.197  -31.508 0.0000000000
81473  -25.492  24.398  -31.324 0.0000000000
80779  -25.568  23.577  -31.243 0.0000000000
80768  -27.731  23.567  -30.385 0.0000000000
81458  -27.688  24.432  -30.545 0.0000000000
103105  -28.365  24.726  -30.373 0.0000000000
81460  -29.012  24.690  -30.060 0.0000000000
80064  -28.471  22.411  -29.627 0.0000000000
80065  -29.156  22.852  -29.392 0.0000000000
80043  -29.586  22.492  -28.920 0.0000000000
77886  -26.034  19.465  -30.275 0.0000000000
78567  -26.281  20.422  -30.374 0.0000000000
111685  -26.752  19.818  -30.000 0.0000000000
78551  -28.157  19.921  -28.903 0.0000000000
78531  -28.952  20.217  -28.466 0.0000000000
79279  -28.984  21.190  -28.719 0.0000000000
105249  -29.284  17.795  -28.350 0.0000000000
76549  -30.004  17.406  -27.774 0.0000000000
74509  -22.776  14.728  -31.486 0.0000000000
102483  -24.742  13.882  -31.475 0.0000000000
102490  -24.198  14.661  -31.556 0.0000000000
102595  -25.067  14.599  -31.444 0.0000000000
102617  -25.394  15.283  -31.283 0.0000000000
102482  -25.971  14.534  -31.164 0.0000000000
72316  -26.328  11.589  -31.377 0.0000000000
73035  -25.852  12.232  -31.429 0.0000000000
73036  -26.648  12.281  -31.221 0.0000000000
102421  -28.042  14.099  -30.126 0.0000000000
102475  -27.319  13.825  -30.589 0.0000000000
118807  -27.476  14.466  -30.330 0.0000000000
102480  -27.130  15.104  -30.258 0.0000000000
75174  -29.768  15.130  -28.502 0.0000000000
75173  -29.249  15.491  -28.791 0.0000000000
66980  -26.076  5.138  -30.091 0.0000000000
105070  -26.664  5.234  -29.468 0.0000000000
67835  -26.458  5.938  -29.960 0.0000000000
67816  -27.330  5.217  -28.898 0.0000000000
102651  -23.257  17.484  -31.685 0.0000000000
102495  -23.245  16.540  -31.619 0.0000000000
102494  -23.333  15.828  -31.594 0.0000000000
70160  -25.858  9.102  -31.246 0.0000000000
70919  -26.152  9.786  -31.311 0.0000000000
70153  -26.970  9.073  -30.432 0.0000000000
70142  -27.666  8.892  -29.916 0.0000000000
70901  -28.651  9.224  -29.162 0.0000000000
70143  -28.300  8.687  -29.428 0.0000000000
69394  -28.462  7.857  -29.114 0.0000000000
60719  -25.139  -2.766  -28.776 0.0000000000
63471  -24.858  0.427  -29.580 0.0000000000
62556  -25.157  -0.291  -29.192 0.0000000000
62539  -25.844  -0.761  -28.710 0.0000000000
70158  -23.536  8.583  -31.481 0.0000000000
112565  -22.947  8.279  -31.400 0.0000000000
69407  -23.477  7.708  -31.427 0.0000000000
68634  -24.160  6.991  -31.378 0.0000000000
111398  -21.514  33.061  -32.323 0.0000000000
85949  -24.266  31.062  -32.403 0.0000000000
85933  -24.380  30.090  -32.275 0.0000000000
85934  -25.259  30.534  -31.896 0.0000000000
85213  -25.290  29.659  -31.736 0.0000000000
104440  -24.820  27.259  -31.660 0.0000000000
83649  -25.836  27.270  -31.385 0.0000000000
83650  -26.599  27.376  -31.073 0.0000000000
82956  -27.125  26.807  -30.871 0.0000000000
82186  -27.049  25.962  -30.991 0.0000000000
80090  -25.726  22.781  -31.176 0.0000000000
80780  -26.329  23.309  -30.938 0.0000000000
122085  -28.182  23.403  -30.158 0.0000000000
80079  -27.916  22.835  -30.145 0.0000000000
80063  -27.807  22.023  -29.890 0.0000000000
77887  -26.711  19.018  -29.914 0.0000000000
77218  -27.396  18.582  -29.492 0.0000000000
77870  -28.044  19.001  -29.029 0.0000000000
117695  -28.585  17.729  -28.796 0.0000000000
76548  -28.847  16.961  -28.705 0.0000000000
114147  -22.934  13.853  -31.470 0.0000000000
112779  -23.441  12.951  -31.447 0.0000000000
73024  -27.118  12.201  -30.924 0.0000000000
73025  -27.593  12.439  -30.418 0.0000000000
102623  -28.641  14.495  -29.576 0.0000000000
102429  -29.208  14.152  -29.264 0.0000000000
74477  -29.796  14.261  -28.657 0.0000000000
74478  -30.470  13.977  -28.031 0.0000000000
102430  -30.010  13.413  -28.416 0.0000000000
65208  -25.014  2.815  -30.149 0.0000000000
66086  -25.141  3.566  -30.314 0.0000000000
66993  -24.806  4.238  -30.684 0.0000000000
66994  -25.363  5.064  -30.590 0.0000000000
66979  -25.675  4.228  -30.090 0.0000000000
66067  -26.311  3.797  -29.296 0.0000000000
78581  -24.044  19.974  -31.397 0.0000000000
78582  -24.751  20.157  -30.959 0.0000000000
78566  -25.400  20.695  -30.772 0.0000000000
77903  -24.588  19.467  -31.115 0.0000000000
77235  -25.178  19.046  -30.700 0.0000000000
76588  -23.844  17.789  -31.649 0.0000000000
77249  -25.026  18.170  -31.035 0.0000000000
105232  -25.784  17.787  -30.507 0.0000000000
76577  -26.205  17.052  -30.360 0.0000000000
71612  -26.083  10.876  -31.488 0.0000000000
72304  -26.735  11.143  -31.142 0.0000000000
120710  -27.322  11.590  -30.632 0.0000000000
72295  -28.400  11.387  -29.560 0.0000000000
72284  -28.988  11.229  -28.986 0.0000000000
102419  -29.257  11.928  -28.804 0.0000000000
70887  -29.202  9.149  -28.604 0.0000000000
59906  -24.368  -3.890  -28.890 0.0000000000
64381  -24.861  1.956  -29.988 0.0000000000
64367  -24.781  1.138  -29.854 0.0000000000
109605  -23.677  10.657  -31.637 0.0000000000
70159  -24.342  8.847  -31.565 0.0000000000
110684  -25.161  8.971  -31.563 0.0000000000
88494  -20.919  35.451  -32.525 0.0000000000
87260  -21.745  32.339  -32.316 0.0000000000
87261  -22.386  32.446  -32.567 0.0000000000
87874  -24.029  33.546  -32.573 0.0000000000
119236  -25.084  34.401  -32.329 0.0000000000
87250  -26.484  32.571  -31.320 0.0000000000
123860  -27.097  32.758  -30.892 0.0000000000
87242  -27.645  32.411  -30.566 0.0000000000
86603  -27.563  31.532  -30.545 0.0000000000
85926  -28.169  30.945  -30.125 0.0000000000
84379  -24.479  29.172  -31.932 0.0000000000
118808  -25.990  29.345  -31.418 0.0000000000
84380  -25.491  28.733  -31.533 0.0000000000
85916  -28.796  30.303  -29.732 0.0000000000
85200  -29.445  29.684  -29.478 0.0000000000
84369  -27.706  28.113  -30.464 0.0000000000
84370  -28.519  28.508  -29.952 0.0000000000
108838  -23.465  24.048  -31.618 0.0000000000
81472  -24.822  24.744  -31.485 0.0000000000
108004  -26.162  24.888  -31.205 0.0000000000
82185  -26.711  25.290  -31.013 0.0000000000
81474  -26.243  24.104  -31.059 0.0000000000
82173  -27.356  25.195  -30.745 0.0000000000
114507  -27.817  25.726  -30.637 0.0000000000
82933  -28.948  26.262  -30.090 0.0000000000
82934  -29.779  26.444  -29.544 0.0000000000
81450  -29.319  23.803  -29.632 0.0000000000
116943  -30.303  24.022  -29.095 0.0000000000
80740  -30.801  23.305  -28.465 0.0000000000
79302  -27.540  21.267  -29.837 0.0000000000
79303  -28.324  21.453  -29.393 0.0000000000
78550  -27.842  20.581  -29.436 0.0000000000
77206  -29.298  18.773  -28.192 0.0000000000
103643  -23.041  15.312  -31.553 0.0000000000
102624  -23.727  15.329  -31.589 0.0000000000
102486  -24.895  15.971  -31.427 0.0000000000
102485  -25.643  15.967  -31.057 0.0000000000
75896  -26.267  16.188  -30.549 0.0000000000
115494  -25.321  13.027  -31.403 0.0000000000
115800  -27.072  12.957  -30.865 0.0000000000
102478  -26.542  13.758  -31.030 0.0000000000
75879  -26.830  15.778  -30.263 0.0000000000
75881  -28.263  16.401  -29.180 0.0000000000
75867  -28.955  16.128  -28.764 0.0000000000
122167  -29.252  16.502  -28.515 0.0000000000
123120  -23.847  6.387  -31.398 0.0000000000
68618  -26.872  6.698  -29.879 0.0000000000
63455  -25.849  0.068  -28.772 0.0000000000
67854  -24.294  5.968  -31.302 0.0000000000
79319  -26.904  21.213  -30.323 0.0000000000
79331  -25.929  22.068  -31.011 0.0000000000
81489  -23.979  24.757  -31.635 0.0000000000
82175  -28.563  25.462  -30.341 0.0000000000
87875  -25.079  33.841  -32.323 0.0000000000
88495  -21.282  34.712  -32.344 0.0000000000
111947  -26.394  9.287  -30.893 0.0000000000
