#!ascii label  , from subject sub-s007 vox2ras=TkReg
218
113685  35.798  -41.720  -29.170 0.0000000000
18641  31.441  -44.352  -37.345 0.0000000000
19552  38.358  -43.925  -34.652 0.0000000000
20477  33.506  -42.552  -32.297 0.0000000000
110631  33.737  -47.404  -34.061 0.0000000000
17544  36.089  -45.733  -33.665 0.0000000000
13599  35.931  -49.226  -34.463 0.0000000000
19539  31.820  -43.125  -34.117 0.0000000000
23363  33.202  -38.957  -32.186 0.0000000000
20453  38.420  -42.274  -31.328 0.0000000000
116778  36.125  -43.492  -33.711 0.0000000000
18600  34.129  -44.525  -34.302 0.0000000000
112846  32.994  -45.587  -35.617 0.0000000000
116555  32.359  -48.099  -35.939 0.0000000000
19452  34.788  -43.187  -25.876 0.0000000000
18527  37.201  -44.216  -29.356 0.0000000000
18570  40.080  -43.897  -32.507 0.0000000000
111888  34.721  -38.703  -30.051 0.0000000000
14540  37.260  -48.337  -34.367 0.0000000000
19566  31.435  -43.472  -35.547 0.0000000000
21437  31.663  -41.941  -34.531 0.0000000000
20488  38.349  -42.708  -32.731 0.0000000000
19534  37.015  -43.426  -33.751 0.0000000000
15512  35.337  -47.294  -33.392 0.0000000000
17545  35.401  -45.834  -33.578 0.0000000000
16535  34.523  -46.002  -33.704 0.0000000000
17561  33.618  -45.162  -34.658 0.0000000000
111882  33.537  -46.627  -34.648 0.0000000000
15553  33.323  -47.035  -36.657 0.0000000000
17503  39.110  -45.534  -30.042 0.0000000000
18556  39.129  -44.053  -31.238 0.0000000000
18539  39.473  -45.164  -30.903 0.0000000000
20463  35.245  -41.477  -31.199 0.0000000000
21409  34.430  -40.980  -31.159 0.0000000000
25424  33.734  -37.584  -32.250 0.0000000000
124425  34.228  -37.123  -31.267 0.0000000000
17556  38.291  -45.476  -34.713 0.0000000000
17557  37.400  -45.206  -34.392 0.0000000000
16547  37.747  -46.396  -34.200 0.0000000000
15511  36.166  -47.313  -33.467 0.0000000000
14525  35.003  -48.018  -33.493 0.0000000000
19524  32.942  -43.059  -32.930 0.0000000000
22392  32.981  -40.450  -32.002 0.0000000000
109049  32.239  -41.205  -33.087 0.0000000000
23373  32.637  -39.711  -33.324 0.0000000000
19599  32.104  -44.082  -39.341 0.0000000000
21386  37.123  -41.596  -29.962 0.0000000000
20462  36.719  -42.062  -31.637 0.0000000000
19522  34.893  -43.121  -32.870 0.0000000000
19554  36.453  -43.871  -34.225 0.0000000000
122243  35.589  -43.869  -34.128 0.0000000000
19536  34.390  -43.553  -33.534 0.0000000000
19557  33.057  -44.089  -34.213 0.0000000000
18621  32.169  -44.754  -35.484 0.0000000000
17600  32.070  -45.241  -36.623 0.0000000000
15523  33.222  -47.879  -34.485 0.0000000000
15537  33.179  -47.016  -35.850 0.0000000000
16579  33.241  -46.466  -36.453 0.0000000000
17623  32.158  -45.335  -38.226 0.0000000000
110716  34.015  -41.988  -26.518 0.0000000000
20431  35.041  -43.087  -27.799 0.0000000000
19482  36.001  -44.168  -27.900 0.0000000000
19497  36.818  -43.351  -29.403 0.0000000000
19506  38.027  -42.930  -30.378 0.0000000000
19513  38.853  -42.977  -31.389 0.0000000000
19532  39.517  -43.428  -33.707 0.0000000000
19550  40.260  -43.717  -34.319 0.0000000000
108247  39.158  -44.164  -35.054 0.0000000000
24365  33.903  -38.469  -31.152 0.0000000000
20438  34.988  -42.136  -28.439 0.0000000000
21383  34.533  -41.405  -28.130 0.0000000000
21382  35.246  -41.177  -28.919 0.0000000000
19576  31.360  -44.059  -36.327 0.0000000000
20519  31.363  -43.120  -36.272 0.0000000000
19533  38.046  -43.278  -33.752 0.0000000000
20489  37.531  -42.903  -33.006 0.0000000000
15513  34.482  -47.033  -33.577 0.0000000000
16536  33.970  -46.583  -33.946 0.0000000000
14580  33.349  -47.725  -37.704 0.0000000000
20464  34.132  -41.942  -31.627 0.0000000000
26514  35.115  -35.948  -31.620 0.0000000000
14541  36.365  -48.539  -34.045 0.0000000000
14523  36.705  -47.793  -33.759 0.0000000000
14524  35.854  -47.980  -33.537 0.0000000000
14542  35.456  -48.647  -33.849 0.0000000000
19538  32.482  -43.427  -33.730 0.0000000000
20491  32.229  -42.728  -33.375 0.0000000000
20492  31.774  -42.318  -33.938 0.0000000000
22399  32.321  -40.509  -33.621 0.0000000000
23386  32.646  -39.806  -34.195 0.0000000000
24391  33.464  -38.337  -33.502 0.0000000000
20454  38.050  -42.136  -30.666 0.0000000000
21398  37.490  -41.717  -30.475 0.0000000000
20461  37.957  -41.799  -30.966 0.0000000000
20475  35.569  -42.587  -32.133 0.0000000000
19535  35.807  -43.074  -32.995 0.0000000000
17543  36.789  -45.968  -33.763 0.0000000000
18598  36.858  -44.442  -34.375 0.0000000000
17558  36.453  -45.157  -34.137 0.0000000000
17559  34.994  -45.067  -34.106 0.0000000000
123633  35.068  -44.307  -34.243 0.0000000000
19555  34.769  -43.889  -34.068 0.0000000000
19556  33.991  -43.913  -33.987 0.0000000000
19537  33.425  -43.570  -33.523 0.0000000000
104421  33.355  -45.760  -35.002 0.0000000000
17582  32.909  -45.073  -35.217 0.0000000000
18635  31.767  -44.747  -36.046 0.0000000000
17583  32.435  -45.237  -35.876 0.0000000000
12667  31.118  -50.048  -36.192 0.0000000000
14559  32.294  -48.693  -35.423 0.0000000000
15538  32.837  -47.742  -35.249 0.0000000000
124752  33.297  -47.035  -35.195 0.0000000000
16591  33.557  -46.640  -37.350 0.0000000000
125285  33.129  -46.084  -37.063 0.0000000000
17611  32.510  -45.608  -37.284 0.0000000000
17622  33.182  -45.987  -37.996 0.0000000000
21376  33.718  -41.567  -25.748 0.0000000000
20423  34.442  -42.729  -26.386 0.0000000000
20432  34.458  -42.379  -27.361 0.0000000000
20422  34.892  -43.365  -26.703 0.0000000000
18517  37.322  -44.905  -28.502 0.0000000000
18509  36.716  -44.708  -27.691 0.0000000000
18518  36.581  -44.241  -28.644 0.0000000000
19491  36.088  -43.450  -28.744 0.0000000000
19496  37.472  -43.392  -29.855 0.0000000000
18541  37.886  -44.180  -30.054 0.0000000000
19512  39.460  -43.439  -31.960 0.0000000000
20460  38.984  -42.693  -32.143 0.0000000000
19520  39.578  -43.242  -32.787 0.0000000000
18594  40.830  -44.000  -35.006 0.0000000000
18595  39.927  -44.024  -35.095 0.0000000000
110817  33.316  -39.694  -31.743 0.0000000000
23354  33.653  -39.044  -31.429 0.0000000000
25387  34.371  -37.287  -30.662 0.0000000000
19559  31.603  -43.436  -34.856 0.0000000000
20504  31.542  -42.699  -34.734 0.0000000000
20473  38.375  -42.397  -31.955 0.0000000000
111983  37.827  -42.071  -31.567 0.0000000000
125317  37.921  -42.477  -32.301 0.0000000000
16533  35.986  -46.494  -33.427 0.0000000000
17560  34.223  -45.301  -34.246 0.0000000000
16548  33.837  -45.894  -34.302 0.0000000000
15554  32.817  -47.523  -36.181 0.0000000000
15568  32.995  -47.519  -36.962 0.0000000000
15567  33.649  -47.141  -37.436 0.0000000000
17492  38.313  -45.216  -29.599 0.0000000000
18540  38.682  -44.700  -30.480 0.0000000000
18555  39.832  -44.525  -31.738 0.0000000000
22385  34.528  -40.131  -30.801 0.0000000000
23353  34.376  -39.182  -30.644 0.0000000000
24366  33.546  -38.299  -31.837 0.0000000000
116639  34.109  -37.019  -31.801 0.0000000000
109902  35.011  -35.888  -30.744 0.0000000000
18597  37.591  -44.391  -34.586 0.0000000000
104048  38.045  -44.689  -34.761 0.0000000000
16532  36.863  -46.910  -33.646 0.0000000000
20465  33.191  -41.944  -31.962 0.0000000000
20478  32.650  -42.234  -32.628 0.0000000000
21415  32.696  -41.329  -32.362 0.0000000000
22393  32.527  -40.464  -32.779 0.0000000000
21423  31.926  -41.370  -33.937 0.0000000000
23372  32.948  -38.931  -33.005 0.0000000000
24379  33.374  -38.239  -32.674 0.0000000000
25423  34.183  -37.040  -32.576 0.0000000000
19592  31.428  -43.943  -38.090 0.0000000000
20444  36.522  -42.284  -29.426 0.0000000000
120719  35.017  -42.195  -31.657 0.0000000000
20476  34.477  -42.650  -32.187 0.0000000000
18599  35.872  -44.473  -34.238 0.0000000000
116830  35.269  -43.503  -33.616 0.0000000000
19523  33.908  -43.151  -32.833 0.0000000000
19558  32.035  -43.836  -34.472 0.0000000000
18601  33.230  -44.691  -34.636 0.0000000000
18602  32.426  -44.483  -34.882 0.0000000000
106771  31.692  -44.161  -35.336 0.0000000000
17601  31.615  -44.717  -36.756 0.0000000000
14543  34.540  -48.599  -33.815 0.0000000000
13618  31.669  -49.320  -35.863 0.0000000000
14545  32.898  -48.511  -34.664 0.0000000000
15522  33.327  -47.352  -34.711 0.0000000000
113068  33.263  -46.305  -35.573 0.0000000000
17599  32.861  -45.755  -36.349 0.0000000000
17612  31.773  -45.059  -37.427 0.0000000000
18651  31.643  -44.671  -38.177 0.0000000000
18650  31.971  -44.839  -39.005 0.0000000000
22358  33.523  -40.694  -25.779 0.0000000000
22357  33.770  -40.981  -26.661 0.0000000000
21379  34.131  -41.471  -27.288 0.0000000000
20437  35.610  -42.729  -28.654 0.0000000000
18498  37.053  -44.725  -26.805 0.0000000000
19483  35.473  -43.858  -27.270 0.0000000000
19492  35.556  -43.535  -28.097 0.0000000000
20443  37.463  -42.353  -30.001 0.0000000000
19505  38.531  -43.528  -30.753 0.0000000000
122707  38.444  -42.632  -30.880 0.0000000000
19521  38.949  -43.003  -33.197 0.0000000000
112952  38.834  -43.420  -34.028 0.0000000000
19551  39.321  -43.690  -34.581 0.0000000000
21410  33.461  -41.215  -31.658 0.0000000000
120762  33.891  -39.694  -31.161 0.0000000000
110165  33.969  -37.676  -31.374 0.0000000000
24351  34.287  -38.209  -30.616 0.0000000000
16534  35.129  -46.519  -33.411 0.0000000000
18526  37.681  -44.795  -29.306 0.0000000000
18661  31.699  -44.249  -38.717 0.0000000000
19585  31.376  -43.453  -37.225 0.0000000000
21387  36.599  -41.214  -29.752 0.0000000000
21416  32.115  -41.932  -33.247 0.0000000000
22386  33.720  -40.372  -31.372 0.0000000000
23364  32.836  -39.674  -32.486 0.0000000000
23385  33.026  -39.042  -33.889 0.0000000000
25447  33.784  -37.624  -33.056 0.0000000000
26500  34.657  -36.516  -30.315 0.0000000000
26515  34.541  -36.575  -31.222 0.0000000000
111459  35.759  -45.226  -33.959 0.0000000000
121180  32.383  -41.681  -32.811 0.0000000000
124569  34.755  -47.564  -33.486 0.0000000000
124696  35.152  -43.533  -26.103 0.0000000000
