#!ascii label  , from subject sub-s007 vox2ras=TkReg
254
75225  25.555  18.756  -31.492 0.0000000000
66922  24.969  8.800  -30.692 0.0000000000
79396  23.237  23.871  -33.094 0.0000000000
86978  21.367  33.355  -30.305 0.0000000000
65389  22.988  7.119  -30.802 0.0000000000
118206  25.511  26.446  -31.254 0.0000000000
83206  24.366  28.417  -29.802 0.0000000000
73638  24.138  16.650  -31.625 0.0000000000
71284  25.381  14.028  -31.634 0.0000000000
72859  26.707  15.777  -31.249 0.0000000000
76852  27.305  20.921  -30.343 0.0000000000
75210  28.107  18.573  -30.209 0.0000000000
114592  24.340  21.492  -32.291 0.0000000000
79381  25.958  24.140  -31.454 0.0000000000
85575  21.169  31.237  -31.513 0.0000000000
85550  24.475  31.396  -28.150 0.0000000000
68640  26.087  10.801  -30.943 0.0000000000
82451  23.973  27.770  -31.781 0.0000000000
83207  23.562  28.775  -30.270 0.0000000000
74436  24.342  17.374  -31.606 0.0000000000
113418  25.241  15.909  -31.692 0.0000000000
74434  25.860  17.327  -31.515 0.0000000000
66126  24.217  7.645  -30.451 0.0000000000
78562  24.375  23.160  -32.724 0.0000000000
78551  25.199  23.151  -32.270 0.0000000000
79394  24.838  24.009  -32.785 0.0000000000
124707  26.259  27.332  -28.878 0.0000000000
81662  26.271  25.892  -29.907 0.0000000000
115485  19.851  33.147  -30.740 0.0000000000
85576  20.522  31.291  -32.110 0.0000000000
115592  21.586  32.582  -29.955 0.0000000000
88319  25.639  35.916  -27.877 0.0000000000
87644  25.778  34.377  -27.539 0.0000000000
86272  24.380  32.416  -28.011 0.0000000000
115172  25.757  32.899  -27.403 0.0000000000
85536  25.505  31.149  -27.738 0.0000000000
71283  26.071  13.722  -31.272 0.0000000000
70439  25.508  12.317  -31.239 0.0000000000
64656  22.228  5.927  -30.151 0.0000000000
80907  25.088  25.380  -32.859 0.0000000000
81685  24.557  26.596  -32.962 0.0000000000
82439  24.731  27.629  -30.290 0.0000000000
83205  25.158  28.181  -29.290 0.0000000000
121213  23.655  14.232  -31.543 0.0000000000
110260  24.508  15.170  -31.616 0.0000000000
124157  26.029  15.064  -31.593 0.0000000000
72073  27.091  14.253  -30.610 0.0000000000
76864  26.229  20.234  -31.269 0.0000000000
75223  26.926  18.668  -31.029 0.0000000000
106559  27.530  19.988  -30.524 0.0000000000
75242  24.075  18.955  -31.680 0.0000000000
76051  23.322  20.189  -31.964 0.0000000000
76040  25.119  19.587  -31.623 0.0000000000
109195  25.783  21.114  -31.470 0.0000000000
78537  26.241  22.423  -30.926 0.0000000000
79369  27.217  23.982  -29.919 0.0000000000
80896  26.007  25.209  -31.508 0.0000000000
80884  26.981  25.103  -29.752 0.0000000000
83986  21.243  29.481  -31.967 0.0000000000
86977  22.083  33.327  -29.611 0.0000000000
86280  22.410  32.581  -29.310 0.0000000000
85560  22.637  30.965  -29.558 0.0000000000
84743  22.904  30.131  -29.934 0.0000000000
83963  23.840  29.858  -28.946 0.0000000000
83961  25.360  29.683  -28.352 0.0000000000
68659  24.606  9.962  -31.296 0.0000000000
70440  24.623  12.330  -31.420 0.0000000000
73624  27.426  16.930  -30.778 0.0000000000
72837  28.256  15.967  -29.922 0.0000000000
83234  22.755  27.874  -31.783 0.0000000000
110742  22.409  28.461  -31.474 0.0000000000
113273  25.281  18.005  -31.536 0.0000000000
74435  25.081  17.272  -31.631 0.0000000000
114108  25.901  18.107  -31.443 0.0000000000
120467  21.813  4.832  -29.709 0.0000000000
64642  22.452  5.261  -29.672 0.0000000000
66923  24.258  8.308  -30.884 0.0000000000
79395  24.001  23.940  -33.092 0.0000000000
110512  26.830  27.896  -28.585 0.0000000000
118671  26.946  27.097  -28.724 0.0000000000
86984  20.568  33.401  -30.670 0.0000000000
86288  20.268  32.503  -30.933 0.0000000000
85568  20.707  31.927  -31.413 0.0000000000
86287  20.951  32.664  -30.757 0.0000000000
86956  25.382  33.650  -27.516 0.0000000000
114120  26.542  32.872  -27.402 0.0000000000
71272  26.693  13.566  -30.718 0.0000000000
120053  26.550  12.456  -30.554 0.0000000000
66924  23.457  8.678  -31.157 0.0000000000
81696  24.128  26.362  -33.685 0.0000000000
108847  24.000  26.778  -33.297 0.0000000000
83217  24.011  27.935  -30.776 0.0000000000
82450  24.549  27.435  -31.501 0.0000000000
120528  20.497  34.141  -30.591 0.0000000000
72860  23.603  14.992  -31.519 0.0000000000
113404  24.675  15.893  -31.646 0.0000000000
112854  25.863  15.856  -31.694 0.0000000000
123153  25.451  15.383  -31.652 0.0000000000
72846  26.747  14.915  -31.044 0.0000000000
65390  22.490  6.552  -30.453 0.0000000000
65376  22.844  6.023  -29.951 0.0000000000
76863  26.922  20.137  -30.866 0.0000000000
75227  23.800  18.288  -31.590 0.0000000000
107946  23.643  21.523  -32.451 0.0000000000
121325  24.082  21.001  -32.236 0.0000000000
76875  23.789  20.510  -32.084 0.0000000000
76874  24.585  20.553  -31.918 0.0000000000
76865  25.454  20.360  -31.604 0.0000000000
114695  25.046  21.302  -31.927 0.0000000000
116790  25.679  23.522  -31.704 0.0000000000
78550  25.729  22.741  -31.447 0.0000000000
116791  26.175  23.267  -30.932 0.0000000000
117177  26.923  23.253  -30.248 0.0000000000
79370  26.497  24.060  -30.639 0.0000000000
81673  25.596  26.082  -31.763 0.0000000000
80897  25.647  25.411  -32.166 0.0000000000
80886  25.934  25.595  -31.441 0.0000000000
80872  26.959  25.580  -29.497 0.0000000000
80121  27.532  24.652  -29.333 0.0000000000
84774  20.088  30.440  -32.512 0.0000000000
84773  20.976  30.452  -32.219 0.0000000000
83987  20.439  29.592  -32.492 0.0000000000
84758  21.639  30.228  -31.153 0.0000000000
87661  24.391  34.493  -27.958 0.0000000000
88320  24.284  35.319  -28.248 0.0000000000
118423  23.085  34.181  -28.775 0.0000000000
86970  22.894  33.349  -28.857 0.0000000000
110038  23.669  32.041  -28.512 0.0000000000
85551  23.484  31.164  -28.755 0.0000000000
84742  23.378  30.358  -29.144 0.0000000000
109534  23.462  29.632  -29.610 0.0000000000
84729  24.069  30.481  -28.568 0.0000000000
84715  26.400  31.042  -27.614 0.0000000000
84727  25.890  30.365  -27.859 0.0000000000
83960  26.278  29.619  -28.116 0.0000000000
109714  23.363  10.293  -31.235 0.0000000000
71285  24.781  13.959  -31.730 0.0000000000
71286  24.076  13.753  -31.610 0.0000000000
109086  25.121  13.205  -31.511 0.0000000000
69543  25.920  11.529  -31.099 0.0000000000
68641  25.462  10.315  -31.160 0.0000000000
75211  27.537  18.665  -30.650 0.0000000000
116794  27.290  18.024  -30.920 0.0000000000
74419  27.646  17.502  -30.630 0.0000000000
81686  23.386  26.868  -32.889 0.0000000000
82466  23.457  27.612  -32.156 0.0000000000
83218  23.258  28.160  -31.293 0.0000000000
73637  24.874  16.585  -31.671 0.0000000000
73636  25.525  16.548  -31.651 0.0000000000
73635  26.228  16.543  -31.520 0.0000000000
66127  23.582  7.754  -30.884 0.0000000000
66109  23.753  7.010  -30.249 0.0000000000
116426  24.556  7.324  -29.701 0.0000000000
77685  27.127  21.846  -30.227 0.0000000000
77711  23.390  22.389  -32.634 0.0000000000
77710  23.984  22.327  -32.630 0.0000000000
77709  24.715  22.277  -32.323 0.0000000000
79382  25.498  24.094  -32.216 0.0000000000
81663  25.682  26.399  -30.287 0.0000000000
81672  25.944  25.949  -30.963 0.0000000000
81649  26.239  26.634  -29.287 0.0000000000
114619  26.991  26.286  -29.028 0.0000000000
85567  21.256  31.873  -30.536 0.0000000000
88302  25.149  35.080  -27.731 0.0000000000
87645  25.041  34.273  -27.642 0.0000000000
115489  24.259  33.161  -27.994 0.0000000000
86259  25.295  32.084  -27.578 0.0000000000
125242  26.035  31.631  -27.522 0.0000000000
70438  25.746  13.101  -31.194 0.0000000000
116283  26.332  12.962  -30.752 0.0000000000
70424  26.212  12.237  -30.851 0.0000000000
67780  24.420  9.105  -31.162 0.0000000000
80156  23.527  24.614  -33.399 0.0000000000
80155  24.465  24.882  -33.167 0.0000000000
80908  24.593  25.835  -33.330 0.0000000000
80898  25.178  26.070  -32.593 0.0000000000
81674  25.137  26.911  -32.076 0.0000000000
82465  24.274  27.345  -32.552 0.0000000000
82449  25.101  26.925  -30.857 0.0000000000
82438  25.509  27.229  -29.572 0.0000000000
82428  25.989  28.024  -28.781 0.0000000000
86985  19.891  33.870  -30.575 0.0000000000
87676  21.134  34.039  -30.489 0.0000000000
72089  24.326  14.482  -31.654 0.0000000000
72088  24.928  14.657  -31.670 0.0000000000
109535  25.037  15.278  -31.633 0.0000000000
72086  25.798  14.408  -31.556 0.0000000000
72074  26.414  14.309  -31.200 0.0000000000
71271  27.362  13.460  -30.203 0.0000000000
76039  25.891  19.492  -31.426 0.0000000000
75224  26.255  18.708  -31.336 0.0000000000
76038  26.601  19.424  -31.139 0.0000000000
76023  27.237  19.363  -30.775 0.0000000000
76022  27.843  19.337  -30.356 0.0000000000
76851  28.105  20.173  -29.963 0.0000000000
76005  28.438  19.260  -29.802 0.0000000000
75226  24.561  18.063  -31.564 0.0000000000
75241  24.811  18.801  -31.595 0.0000000000
76050  23.734  19.731  -31.819 0.0000000000
76049  24.328  19.673  -31.758 0.0000000000
76853  26.522  20.976  -31.016 0.0000000000
77698  25.377  22.089  -31.766 0.0000000000
77697  26.030  21.845  -31.207 0.0000000000
77686  26.647  21.732  -30.676 0.0000000000
78520  27.306  22.464  -29.919 0.0000000000
122089  27.522  23.178  -29.523 0.0000000000
80145  25.292  24.763  -32.612 0.0000000000
80144  25.824  24.770  -31.925 0.0000000000
80136  26.189  24.760  -31.093 0.0000000000
80885  26.335  25.339  -30.601 0.0000000000
80135  26.757  24.692  -30.247 0.0000000000
83219  22.037  29.272  -31.330 0.0000000000
87669  21.810  34.011  -30.007 0.0000000000
86976  22.489  34.082  -29.371 0.0000000000
85561  21.952  31.759  -29.683 0.0000000000
86274  23.098  32.551  -28.799 0.0000000000
85552  22.895  31.855  -29.093 0.0000000000
106449  21.649  31.033  -30.283 0.0000000000
84744  22.237  30.441  -30.276 0.0000000000
84757  22.477  29.785  -30.652 0.0000000000
83972  23.067  29.486  -30.287 0.0000000000
83971  24.083  29.232  -29.353 0.0000000000
84728  24.963  30.469  -28.177 0.0000000000
83962  24.496  29.774  -28.666 0.0000000000
83197  24.846  29.016  -28.979 0.0000000000
83196  25.702  28.875  -28.575 0.0000000000
67781  23.823  9.563  -31.280 0.0000000000
107892  23.862  11.893  -31.413 0.0000000000
69559  24.384  11.376  -31.372 0.0000000000
68658  24.909  10.782  -31.329 0.0000000000
116321  26.551  17.890  -31.271 0.0000000000
74433  26.510  17.143  -31.328 0.0000000000
73634  26.920  16.664  -31.142 0.0000000000
73623  27.960  16.875  -30.315 0.0000000000
72845  27.483  16.231  -30.677 0.0000000000
72072  27.495  15.166  -30.457 0.0000000000
72087  25.368  14.825  -31.629 0.0000000000
74420  27.080  17.358  -31.052 0.0000000000
75243  23.361  19.357  -31.757 0.0000000000
76838  27.933  20.994  -29.673 0.0000000000
77671  27.628  21.675  -29.766 0.0000000000
78536  26.731  22.499  -30.468 0.0000000000
85535  26.776  31.720  -27.536 0.0000000000
86258  26.240  32.253  -27.442 0.0000000000
86273  23.669  32.887  -28.392 0.0000000000
86957  24.602  33.725  -27.772 0.0000000000
106750  22.811  28.995  -30.880 0.0000000000
111409  24.509  13.248  -31.545 0.0000000000
111970  24.904  32.982  -27.599 0.0000000000
114297  25.565  10.973  -31.209 0.0000000000
121334  23.125  6.574  -30.303 0.0000000000
121419  27.790  18.088  -30.533 0.0000000000
121461  24.854  35.828  -28.109 0.0000000000
123901  23.992  10.089  -31.325 0.0000000000
