#!ascii label  , from subject sub-s004 vox2ras=TkReg
449
41400  29.191  -30.300  49.804 0.0000000000
55361  45.879  -16.091  38.061 0.0000000000
54370  51.312  -17.117  33.589 0.0000000000
48462  44.912  -23.153  43.699 0.0000000000
131103  33.677  -30.619  43.990 0.0000000000
38327  32.372  -32.884  48.020 0.0000000000
55400  49.344  -16.826  36.285 0.0000000000
127854  49.346  -16.246  40.689 0.0000000000
131417  42.757  -26.271  43.069 0.0000000000
149262  37.867  -30.382  43.806 0.0000000000
61395  50.925  -10.151  24.695 0.0000000000
128094  51.076  -15.815  28.791 0.0000000000
127346  42.453  -20.843  41.140 0.0000000000
125670  45.124  -17.743  42.591 0.0000000000
40416  30.588  -31.006  45.990 0.0000000000
40365  30.635  -31.514  49.263 0.0000000000
136207  47.076  -16.402  37.573 0.0000000000
133136  49.429  -16.313  38.708 0.0000000000
55344  47.104  -16.319  39.111 0.0000000000
43563  42.916  -28.964  40.271 0.0000000000
40411  35.423  -31.598  45.933 0.0000000000
42464  35.917  -29.582  44.572 0.0000000000
39450  37.359  -32.618  44.435 0.0000000000
59552  50.407  -11.797  24.840 0.0000000000
60451  52.004  -11.306  25.500 0.0000000000
58576  51.303  -13.457  26.426 0.0000000000
54389  50.316  -17.384  32.637 0.0000000000
55495  50.371  -16.768  30.189 0.0000000000
55474  51.478  -16.807  31.349 0.0000000000
56602  52.410  -15.587  29.672 0.0000000000
55472  53.074  -16.177  31.938 0.0000000000
47524  43.467  -24.977  44.136 0.0000000000
136106  42.435  -23.365  42.432 0.0000000000
50622  42.844  -21.338  44.116 0.0000000000
52566  42.800  -19.287  42.734 0.0000000000
52546  44.420  -19.274  44.325 0.0000000000
52545  46.685  -18.866  43.648 0.0000000000
50627  46.358  -21.214  42.546 0.0000000000
141284  33.517  -31.658  46.959 0.0000000000
54373  48.921  -17.444  33.725 0.0000000000
54357  50.396  -17.207  34.625 0.0000000000
55357  51.023  -16.102  37.879 0.0000000000
126955  50.836  -15.953  39.951 0.0000000000
147455  40.306  -29.645  41.364 0.0000000000
133713  43.213  -28.404  42.578 0.0000000000
45664  44.223  -27.134  42.802 0.0000000000
47546  45.310  -24.930  41.621 0.0000000000
125525  45.386  -23.386  40.945 0.0000000000
42513  37.825  -28.643  41.768 0.0000000000
41471  40.150  -31.556  42.476 0.0000000000
63289  50.864  -7.870  25.284 0.0000000000
57705  50.365  -14.492  26.751 0.0000000000
57686  52.099  -14.269  27.809 0.0000000000
57672  53.190  -14.146  28.748 0.0000000000
139755  45.853  -16.892  40.582 0.0000000000
138566  47.646  -16.632  42.121 0.0000000000
53370  48.585  -17.733  42.676 0.0000000000
40355  29.159  -30.940  50.246 0.0000000000
41399  29.853  -30.695  49.498 0.0000000000
40366  29.762  -31.288  49.810 0.0000000000
141117  46.620  -16.271  38.243 0.0000000000
132992  47.478  -16.369  38.398 0.0000000000
55345  46.299  -16.312  38.800 0.0000000000
40410  36.237  -31.474  45.451 0.0000000000
59539  50.160  -12.659  25.183 0.0000000000
59538  50.973  -12.300  25.407 0.0000000000
59526  50.783  -13.112  25.757 0.0000000000
54388  51.134  -17.208  32.866 0.0000000000
55458  50.937  -17.214  31.975 0.0000000000
55457  51.709  -16.849  32.287 0.0000000000
55473  52.252  -16.499  31.667 0.0000000000
145930  44.499  -23.893  43.970 0.0000000000
48447  43.011  -23.406  44.416 0.0000000000
140824  43.710  -21.820  44.579 0.0000000000
51609  43.284  -20.242  44.399 0.0000000000
50621  44.521  -21.449  44.254 0.0000000000
51636  46.049  -20.844  43.320 0.0000000000
50628  45.952  -21.904  42.823 0.0000000000
145055  32.202  -31.416  47.051 0.0000000000
39404  33.165  -32.272  47.753 0.0000000000
40378  33.870  -32.235  47.237 0.0000000000
55401  48.294  -16.943  36.098 0.0000000000
54359  48.438  -17.369  34.560 0.0000000000
54340  48.869  -17.207  35.380 0.0000000000
147111  49.766  -17.391  33.943 0.0000000000
54339  49.843  -17.109  35.440 0.0000000000
125335  50.392  -16.670  36.207 0.0000000000
145715  49.362  -16.570  37.098 0.0000000000
127084  48.957  -16.274  39.687 0.0000000000
55343  49.977  -16.146  39.544 0.0000000000
55325  50.174  -16.116  40.451 0.0000000000
55310  50.880  -16.310  40.898 0.0000000000
55311  49.912  -16.371  41.290 0.0000000000
42490  41.911  -30.284  42.076 0.0000000000
43548  42.160  -29.291  42.039 0.0000000000
41467  42.835  -30.043  42.147 0.0000000000
43546  44.252  -28.210  41.782 0.0000000000
46617  44.998  -26.148  41.747 0.0000000000
42474  36.935  -29.213  44.005 0.0000000000
43524  37.116  -28.779  43.327 0.0000000000
42492  37.680  -29.072  42.681 0.0000000000
41485  38.913  -29.904  41.769 0.0000000000
41451  39.351  -31.553  43.074 0.0000000000
61396  50.213  -10.206  24.511 0.0000000000
62327  50.983  -8.834  24.928 0.0000000000
60441  52.227  -12.034  25.955 0.0000000000
55511  50.964  -16.300  29.467 0.0000000000
55512  49.989  -16.508  29.376 0.0000000000
55525  50.392  -16.049  28.702 0.0000000000
57688  50.139  -15.134  27.338 0.0000000000
140917  50.778  -15.407  28.096 0.0000000000
147643  51.450  -14.372  27.419 0.0000000000
56631  51.479  -14.866  27.944 0.0000000000
56585  52.989  -15.625  30.475 0.0000000000
57661  52.728  -14.864  29.077 0.0000000000
143485  41.835  -26.545  41.539 0.0000000000
47548  41.852  -24.830  41.156 0.0000000000
140457  42.469  -21.801  41.635 0.0000000000
49571  42.025  -22.684  40.318 0.0000000000
53373  43.690  -18.588  43.164 0.0000000000
53410  42.917  -18.383  41.251 0.0000000000
54257  43.794  -18.121  41.503 0.0000000000
54269  44.416  -17.641  40.767 0.0000000000
54255  45.614  -17.394  42.033 0.0000000000
55300  46.118  -17.006  41.413 0.0000000000
147930  46.391  -17.135  42.285 0.0000000000
52563  47.698  -19.139  42.778 0.0000000000
53371  47.807  -18.100  43.140 0.0000000000
53389  48.276  -18.591  42.424 0.0000000000
144618  48.899  -18.489  41.420 0.0000000000
40380  31.083  -31.427  48.868 0.0000000000
39391  31.347  -31.900  48.995 0.0000000000
38328  31.588  -32.935  48.111 0.0000000000
39407  31.156  -32.354  48.825 0.0000000000
55377  48.599  -16.665  36.903 0.0000000000
55359  48.940  -16.502  37.740 0.0000000000
55360  48.029  -16.510  37.632 0.0000000000
126993  47.939  -16.378  39.134 0.0000000000
148491  48.647  -16.313  40.491 0.0000000000
127059  34.507  -30.705  44.962 0.0000000000
41454  34.711  -30.114  44.178 0.0000000000
41427  35.758  -30.715  45.439 0.0000000000
41426  36.448  -30.631  45.141 0.0000000000
40428  37.780  -31.977  44.365 0.0000000000
40447  38.963  -31.833  43.512 0.0000000000
39467  38.115  -32.747  43.922 0.0000000000
60466  50.692  -10.907  24.692 0.0000000000
61381  51.546  -10.509  25.044 0.0000000000
60453  51.224  -11.470  25.153 0.0000000000
59525  51.608  -12.677  26.007 0.0000000000
58575  52.019  -13.140  26.705 0.0000000000
54390  49.513  -17.445  32.437 0.0000000000
54406  50.100  -17.356  31.768 0.0000000000
55475  50.690  -17.102  31.066 0.0000000000
56603  51.645  -15.782  29.221 0.0000000000
56587  51.794  -16.182  29.921 0.0000000000
56570  52.707  -16.133  31.029 0.0000000000
46609  43.026  -25.421  43.854 0.0000000000
47547  42.314  -24.844  42.229 0.0000000000
48475  42.602  -23.550  43.440 0.0000000000
49541  42.544  -22.715  43.110 0.0000000000
50638  42.586  -20.988  42.293 0.0000000000
51648  42.514  -19.995  41.991 0.0000000000
51637  42.674  -20.241  43.095 0.0000000000
52527  43.611  -19.461  44.249 0.0000000000
53359  44.847  -18.488  43.992 0.0000000000
53358  45.745  -18.013  43.794 0.0000000000
141510  45.663  -18.820  44.021 0.0000000000
51623  46.364  -19.756  43.576 0.0000000000
146599  46.699  -20.704  42.156 0.0000000000
40432  30.849  -31.130  45.053 0.0000000000
40430  32.629  -31.355  45.003 0.0000000000
41440  33.600  -31.143  44.994 0.0000000000
40412  34.576  -31.612  46.396 0.0000000000
39438  34.855  -32.735  46.243 0.0000000000
54372  49.671  -17.446  33.213 0.0000000000
54371  50.530  -17.326  33.579 0.0000000000
54356  51.118  -17.120  34.201 0.0000000000
55399  50.689  -16.823  35.505 0.0000000000
55375  50.969  -16.345  36.919 0.0000000000
55341  51.538  -15.796  38.795 0.0000000000
55358  49.890  -16.376  37.834 0.0000000000
55342  50.597  -16.045  38.909 0.0000000000
43565  39.571  -28.451  40.509 0.0000000000
44632  40.813  -28.063  40.902 0.0000000000
131483  42.024  -27.495  41.801 0.0000000000
44619  43.231  -27.645  42.792 0.0000000000
43547  43.759  -29.061  41.826 0.0000000000
44618  43.655  -28.071  42.632 0.0000000000
45659  43.551  -26.585  43.344 0.0000000000
46607  44.075  -26.502  43.309 0.0000000000
47536  45.016  -24.935  43.025 0.0000000000
48474  45.179  -24.108  43.220 0.0000000000
49540  45.749  -22.905  42.380 0.0000000000
48499  45.333  -24.162  41.205 0.0000000000
42511  39.388  -29.558  41.193 0.0000000000
41483  40.960  -30.799  42.056 0.0000000000
150223  41.494  -31.534  42.077 0.0000000000
39481  39.769  -32.323  42.694 0.0000000000
39480  40.364  -32.308  42.287 0.0000000000
64200  49.642  -7.043  25.320 0.0000000000
58578  49.953  -14.215  26.166 0.0000000000
57704  51.062  -14.136  26.865 0.0000000000
58567  51.731  -13.817  27.092 0.0000000000
58566  52.432  -13.491  27.394 0.0000000000
57673  52.088  -14.887  28.453 0.0000000000
146792  52.591  -14.427  28.421 0.0000000000
58557  52.839  -13.823  28.077 0.0000000000
48502  41.726  -24.073  40.578 0.0000000000
55329  44.960  -16.766  39.296 0.0000000000
55328  46.033  -16.553  39.670 0.0000000000
55327  47.110  -16.405  40.090 0.0000000000
126925  47.443  -16.498  41.237 0.0000000000
55298  48.248  -16.440  41.760 0.0000000000
147630  47.323  -17.580  43.212 0.0000000000
54233  48.004  -17.229  42.937 0.0000000000
54242  49.355  -16.922  42.280 0.0000000000
53387  49.797  -17.376  41.933 0.0000000000
50637  46.050  -22.048  42.056 0.0000000000
50636  46.236  -21.259  41.629 0.0000000000
41385  28.837  -30.482  50.334 0.0000000000
40354  29.544  -30.913  50.047 0.0000000000
58594  49.882  -13.546  25.604 0.0000000000
55439  51.847  -16.850  33.185 0.0000000000
48445  44.035  -23.299  44.392 0.0000000000
49508  44.288  -22.441  44.320 0.0000000000
49525  44.980  -22.268  43.762 0.0000000000
50620  45.456  -21.670  43.503 0.0000000000
49524  45.571  -22.586  43.173 0.0000000000
39405  32.524  -32.310  48.231 0.0000000000
143825  32.617  -32.060  48.209 0.0000000000
38326  32.937  -32.688  47.790 0.0000000000
54358  49.366  -17.347  34.606 0.0000000000
40461  42.012  -31.152  42.020 0.0000000000
41468  42.276  -30.479  42.020 0.0000000000
41482  42.571  -30.592  41.855 0.0000000000
137094  37.393  -30.089  44.202 0.0000000000
127805  37.645  -29.671  43.477 0.0000000000
42491  38.346  -29.882  42.651 0.0000000000
41452  38.492  -30.765  43.359 0.0000000000
136944  49.889  -9.325  24.562 0.0000000000
62340  50.646  -9.460  24.689 0.0000000000
56616  51.534  -15.376  28.566 0.0000000000
145481  53.240  -15.071  29.907 0.0000000000
139118  42.361  -26.197  42.339 0.0000000000
46619  42.082  -25.597  41.760 0.0000000000
50647  42.249  -21.135  40.161 0.0000000000
54246  44.281  -18.167  42.606 0.0000000000
54256  44.744  -17.726  41.751 0.0000000000
54245  45.982  -17.513  43.054 0.0000000000
52584  47.225  -19.983  42.234 0.0000000000
52583  47.817  -19.307  41.992 0.0000000000
130144  48.385  -18.781  41.752 0.0000000000
41398  30.494  -30.988  49.185 0.0000000000
41410  30.514  -30.814  48.003 0.0000000000
40379  31.693  -31.745  48.633 0.0000000000
39392  30.476  -31.726  49.360 0.0000000000
55379  46.733  -16.488  36.716 0.0000000000
55378  47.678  -16.659  36.802 0.0000000000
55326  47.942  -16.349  39.883 0.0000000000
41428  35.011  -30.939  45.670 0.0000000000
41439  35.409  -30.233  44.913 0.0000000000
40429  36.965  -31.635  44.903 0.0000000000
41437  37.227  -30.830  44.649 0.0000000000
60467  49.697  -11.105  24.410 0.0000000000
55494  51.232  -16.610  30.417 0.0000000000
55493  51.981  -16.403  30.743 0.0000000000
47525  42.934  -24.621  44.057 0.0000000000
48463  42.867  -23.837  44.146 0.0000000000
141835  42.933  -21.955  44.396 0.0000000000
49526  42.787  -22.890  44.127 0.0000000000
146267  42.679  -21.984  43.747 0.0000000000
136189  42.552  -21.876  42.698 0.0000000000
50629  42.679  -21.155  43.369 0.0000000000
51626  42.897  -20.584  44.020 0.0000000000
51608  43.761  -19.963  44.523 0.0000000000
53360  43.983  -18.778  44.011 0.0000000000
51635  46.778  -20.409  42.915 0.0000000000
144349  30.189  -30.792  45.109 0.0000000000
40415  31.440  -31.281  46.035 0.0000000000
40395  32.881  -31.498  46.770 0.0000000000
40414  32.312  -31.400  45.947 0.0000000000
40413  33.321  -31.370  46.022 0.0000000000
41429  34.215  -31.196  45.826 0.0000000000
138317  33.956  -31.507  46.465 0.0000000000
137950  49.034  -17.472  32.957 0.0000000000
55376  50.141  -16.486  36.992 0.0000000000
56443  51.517  -15.843  39.523 0.0000000000
43564  40.264  -28.684  40.833 0.0000000000
43549  41.083  -28.998  41.393 0.0000000000
43534  42.910  -29.065  42.438 0.0000000000
44631  41.667  -28.259  41.586 0.0000000000
44630  42.647  -28.212  42.368 0.0000000000
42525  43.300  -29.802  41.492 0.0000000000
131821  43.445  -29.296  41.035 0.0000000000
44629  44.334  -27.729  42.323 0.0000000000
43533  43.977  -28.353  42.376 0.0000000000
44617  44.030  -27.783  42.713 0.0000000000
44610  43.699  -27.287  43.002 0.0000000000
45658  43.894  -26.903  43.182 0.0000000000
150326  45.187  -25.533  41.723 0.0000000000
46613  45.170  -25.499  42.341 0.0000000000
47535  45.383  -24.625  42.385 0.0000000000
127872  45.501  -24.260  41.847 0.0000000000
42465  35.389  -29.675  44.278 0.0000000000
42477  34.909  -29.485  43.578 0.0000000000
42476  35.653  -29.151  43.883 0.0000000000
43567  37.859  -27.968  40.938 0.0000000000
42529  38.388  -28.661  40.966 0.0000000000
42528  39.069  -28.953  40.732 0.0000000000
42512  38.613  -29.224  41.304 0.0000000000
41484  39.796  -30.412  41.782 0.0000000000
41470  41.055  -31.673  42.230 0.0000000000
39466  39.186  -32.419  43.233 0.0000000000
151161  40.915  -32.056  41.328 0.0000000000
63305  50.318  -8.543  24.905 0.0000000000
55496  49.469  -16.931  30.072 0.0000000000
58577  50.571  -13.831  26.245 0.0000000000
56615  52.092  -15.342  28.972 0.0000000000
130153  42.473  -24.159  42.808 0.0000000000
48489  42.198  -23.972  41.640 0.0000000000
55314  45.164  -17.110  40.157 0.0000000000
54284  44.208  -17.419  39.849 0.0000000000
55299  46.916  -16.785  41.817 0.0000000000
53357  46.315  -18.202  43.742 0.0000000000
54234  46.600  -17.688  43.447 0.0000000000
53356  47.044  -18.151  43.525 0.0000000000
54243  48.748  -16.981  42.554 0.0000000000
54254  49.178  -17.428  42.349 0.0000000000
53408  49.618  -18.112  41.392 0.0000000000
48488  45.585  -23.583  41.701 0.0000000000
49555  45.674  -22.780  41.497 0.0000000000
40353  30.126  -31.250  49.628 0.0000000000
130769  46.206  -16.166  37.464 0.0000000000
39437  35.452  -32.476  45.879 0.0000000000
39436  36.013  -32.208  45.566 0.0000000000
39451  36.627  -32.395  45.043 0.0000000000
47508  43.762  -24.097  44.346 0.0000000000
47509  43.148  -24.082  44.338 0.0000000000
48446  43.316  -23.387  44.486 0.0000000000
49510  43.037  -22.674  44.505 0.0000000000
50613  43.200  -21.819  44.554 0.0000000000
51610  43.114  -21.110  44.421 0.0000000000
50612  43.584  -20.900  44.562 0.0000000000
51625  44.373  -20.282  44.427 0.0000000000
51624  45.374  -19.926  44.045 0.0000000000
136727  45.188  -20.836  43.896 0.0000000000
127390  32.963  -31.797  47.632 0.0000000000
40394  34.042  -31.843  46.986 0.0000000000
143533  33.573  -31.977  47.415 0.0000000000
54341  47.951  -17.195  35.298 0.0000000000
151167  50.911  -16.041  40.479 0.0000000000
54253  50.405  -16.786  41.503 0.0000000000
42510  41.350  -29.894  41.795 0.0000000000
42489  42.628  -29.784  42.205 0.0000000000
150251  43.022  -29.530  42.327 0.0000000000
43562  43.750  -28.452  40.941 0.0000000000
45667  44.689  -27.007  42.128 0.0000000000
45672  44.640  -26.856  41.369 0.0000000000
42475  36.277  -29.092  44.086 0.0000000000
43526  35.935  -28.561  43.463 0.0000000000
151463  36.742  -28.334  43.017 0.0000000000
43535  37.180  -28.364  42.619 0.0000000000
132615  38.254  -29.333  42.019 0.0000000000
41472  39.184  -30.747  42.505 0.0000000000
125276  49.855  -15.710  28.024 0.0000000000
57687  50.876  -14.735  27.404 0.0000000000
49556  42.442  -22.595  42.073 0.0000000000
137877  42.315  -23.180  41.597 0.0000000000
49570  42.320  -22.591  41.148 0.0000000000
145532  43.129  -18.803  42.755 0.0000000000
53391  42.815  -18.762  41.931 0.0000000000
53390  43.355  -18.483  42.221 0.0000000000
54270  43.259  -17.916  40.463 0.0000000000
54268  45.330  -17.316  41.079 0.0000000000
52544  47.322  -18.787  43.297 0.0000000000
53388  49.053  -18.121  42.054 0.0000000000
41418  30.319  -30.805  46.792 0.0000000000
40396  31.310  -31.222  47.515 0.0000000000
39390  32.095  -32.056  48.599 0.0000000000
39406  31.928  -32.332  48.591 0.0000000000
133300  48.429  -16.402  38.557 0.0000000000
41497  42.821  -30.415  41.298 0.0000000000
41455  34.073  -29.985  43.293 0.0000000000
41438  36.019  -30.062  45.049 0.0000000000
42463  36.578  -29.805  44.636 0.0000000000
41453  38.071  -31.200  44.056 0.0000000000
40448  38.532  -32.273  43.781 0.0000000000
125532  38.685  -32.693  43.361 0.0000000000
60452  51.620  -11.994  25.572 0.0000000000
59524  52.269  -12.557  26.438 0.0000000000
54407  49.251  -17.387  31.654 0.0000000000
55476  49.819  -17.212  30.907 0.0000000000
56586  52.375  -16.014  30.330 0.0000000000
46614  42.804  -25.706  43.424 0.0000000000
46618  42.490  -25.592  42.720 0.0000000000
47537  42.653  -24.972  43.382 0.0000000000
52547  43.023  -19.735  43.815 0.0000000000
52565  43.328  -19.049  43.548 0.0000000000
151212  44.354  -18.408  43.520 0.0000000000
53372  45.054  -18.019  43.387 0.0000000000
52564  47.132  -19.568  43.153 0.0000000000
41456  32.613  -30.824  43.483 0.0000000000
41457  32.068  -31.235  44.123 0.0000000000
40449  32.928  -31.127  44.261 0.0000000000
40393  34.367  -32.076  46.888 0.0000000000
39422  34.854  -32.165  46.482 0.0000000000
55422  51.870  -16.776  34.139 0.0000000000
55423  51.431  -16.734  35.072 0.0000000000
126647  51.473  -16.390  36.265 0.0000000000
135546  40.095  -27.892  40.402 0.0000000000
44648  41.311  -27.352  41.071 0.0000000000
45668  42.615  -27.034  42.548 0.0000000000
41481  43.048  -30.178  41.856 0.0000000000
42509  43.261  -29.651  42.120 0.0000000000
42488  43.378  -28.896  42.348 0.0000000000
45665  43.177  -26.822  43.166 0.0000000000
132848  43.131  -26.114  43.535 0.0000000000
46608  43.498  -25.910  43.712 0.0000000000
127237  44.680  -26.364  42.615 0.0000000000
132989  44.442  -25.622  43.423 0.0000000000
47523  44.441  -24.646  43.785 0.0000000000
48473  45.533  -23.357  42.981 0.0000000000
133881  45.558  -23.836  42.403 0.0000000000
47555  44.973  -24.754  40.803 0.0000000000
43538  35.181  -28.794  42.968 0.0000000000
42527  39.711  -29.067  40.847 0.0000000000
41469  41.656  -31.060  42.117 0.0000000000
40446  39.731  -32.068  43.000 0.0000000000
40464  40.432  -32.112  42.468 0.0000000000
40463  41.113  -32.101  42.027 0.0000000000
42424  28.441  -29.734  50.103 0.0000000000
64199  50.313  -7.064  25.438 0.0000000000
58565  53.139  -13.079  27.715 0.0000000000
140372  45.538  -16.346  38.662 0.0000000000
149138  46.635  -16.388  39.358 0.0000000000
55313  46.587  -16.641  40.771 0.0000000000
125710  48.063  -16.361  40.815 0.0000000000
55312  48.981  -16.348  41.329 0.0000000000
54244  47.182  -17.046  42.840 0.0000000000
55285  48.184  -16.728  42.498 0.0000000000
55284  48.993  -16.570  42.093 0.0000000000
148563  49.407  -16.491  41.671 0.0000000000
55297  49.665  -16.689  41.840 0.0000000000
53407  50.411  -17.528  41.261 0.0000000000
138219  45.758  -21.970  41.161 0.0000000000
44646  44.520  -27.515  41.754 0.0000000000
49509  43.509  -22.578  44.548 0.0000000000
144718  42.698  -24.256  43.668 0.0000000000
