#!ascii label  , from subject sub-s004 vox2ras=TkReg
310
145624  45.092  -45.922  -6.735 0.0000000000
25824  43.482  -46.209  -17.510 0.0000000000
27857  50.615  -44.654  -11.290 0.0000000000
28966  43.984  -43.836  -11.190 0.0000000000
27943  49.433  -44.544  -16.825 0.0000000000
30103  49.856  -43.040  -13.404 0.0000000000
29090  52.082  -44.050  -16.855 0.0000000000
27900  43.038  -44.188  -13.746 0.0000000000
30055  39.836  -42.375  -10.445 0.0000000000
24732  48.055  -47.323  -9.391 0.0000000000
27861  46.680  -44.685  -11.173 0.0000000000
29043  46.681  -43.846  -14.095 0.0000000000
26873  46.367  -46.020  -17.007 0.0000000000
137436  49.076  -46.865  -20.235 0.0000000000
28911  46.697  -43.051  -6.490 0.0000000000
142011  48.995  -46.140  -7.223 0.0000000000
24728  51.878  -47.341  -8.825 0.0000000000
28927  40.046  -43.995  -7.782 0.0000000000
30129  52.662  -43.056  -14.876 0.0000000000
26849  43.553  -45.590  -15.743 0.0000000000
27901  42.033  -44.238  -13.875 0.0000000000
25758  49.440  -46.545  -10.417 0.0000000000
27859  48.594  -44.859  -11.271 0.0000000000
29060  49.254  -43.815  -15.446 0.0000000000
29027  48.127  -43.473  -13.806 0.0000000000
29061  47.908  -44.181  -15.239 0.0000000000
27923  46.547  -44.873  -15.578 0.0000000000
26855  48.052  -45.285  -17.043 0.0000000000
25876  47.300  -46.793  -20.685 0.0000000000
26734  50.582  -45.786  -7.132 0.0000000000
24699  50.743  -47.127  -7.803 0.0000000000
24697  52.605  -47.027  -7.857 0.0000000000
27841  43.658  -44.908  -10.117 0.0000000000
27843  41.808  -44.566  -9.361 0.0000000000
31086  38.739  -41.397  -10.436 0.0000000000
31070  38.506  -41.380  -8.757 0.0000000000
28985  52.210  -43.496  -11.913 0.0000000000
28987  50.362  -43.448  -11.960 0.0000000000
30084  51.248  -42.853  -13.049 0.0000000000
29058  50.994  -43.334  -15.200 0.0000000000
27942  50.319  -44.247  -16.750 0.0000000000
29017  43.833  -43.491  -12.491 0.0000000000
28968  41.790  -43.387  -10.710 0.0000000000
29019  42.099  -43.409  -12.324 0.0000000000
127073  39.722  -42.530  -11.933 0.0000000000
26912  43.570  -45.692  -19.071 0.0000000000
24703  46.976  -47.242  -7.959 0.0000000000
26797  45.285  -45.572  -10.276 0.0000000000
27862  45.710  -44.456  -11.102 0.0000000000
30064  48.187  -43.369  -12.209 0.0000000000
30066  46.717  -43.397  -12.173 0.0000000000
126924  45.164  -43.406  -12.568 0.0000000000
29045  44.801  -43.982  -13.788 0.0000000000
26847  45.202  -45.431  -15.737 0.0000000000
25814  44.705  -46.319  -16.967 0.0000000000
26895  48.754  -45.876  -18.196 0.0000000000
25842  48.211  -46.505  -18.916 0.0000000000
25844  46.458  -46.697  -18.757 0.0000000000
143394  44.975  -46.579  -19.193 0.0000000000
30003  44.821  -42.610  -6.123 0.0000000000
141995  46.167  -44.789  -6.489 0.0000000000
141799  47.817  -44.466  -6.643 0.0000000000
26737  47.779  -46.068  -7.133 0.0000000000
24701  48.885  -47.227  -7.882 0.0000000000
24730  50.202  -47.370  -9.382 0.0000000000
25756  51.358  -46.404  -10.302 0.0000000000
25754  53.313  -46.296  -9.812 0.0000000000
27855  52.525  -44.967  -10.919 0.0000000000
28953  40.064  -43.100  -9.260 0.0000000000
26714  44.824  -45.336  -6.403 0.0000000000
27798  44.378  -44.687  -6.054 0.0000000000
151173  44.086  -45.430  -6.370 0.0000000000
26859  43.244  -45.970  -16.622 0.0000000000
128325  42.419  -45.024  -15.122 0.0000000000
26792  50.016  -45.605  -10.875 0.0000000000
26793  49.027  -45.632  -10.887 0.0000000000
27858  49.546  -44.812  -11.290 0.0000000000
29075  48.969  -44.288  -16.086 0.0000000000
146493  48.582  -44.101  -15.504 0.0000000000
27921  48.205  -44.507  -15.930 0.0000000000
27945  47.773  -44.955  -16.396 0.0000000000
27944  48.544  -44.760  -16.632 0.0000000000
25908  48.858  -46.320  -22.835 0.0000000000
25696  52.037  -46.452  -7.403 0.0000000000
27863  44.187  -44.489  -10.629 0.0000000000
27842  42.588  -44.957  -9.537 0.0000000000
27865  42.399  -44.060  -10.248 0.0000000000
32030  38.300  -40.766  -10.085 0.0000000000
29010  51.755  -43.106  -12.549 0.0000000000
30083  52.291  -42.828  -13.234 0.0000000000
29071  52.568  -43.605  -16.191 0.0000000000
30130  51.841  -43.130  -14.967 0.0000000000
126220  51.686  -43.445  -15.683 0.0000000000
29073  50.778  -43.696  -16.077 0.0000000000
27941  51.169  -44.092  -16.797 0.0000000000
29030  43.486  -43.695  -13.077 0.0000000000
29018  43.097  -43.485  -12.412 0.0000000000
29031  42.581  -43.723  -13.094 0.0000000000
30089  40.362  -43.047  -12.447 0.0000000000
138573  39.457  -42.639  -12.733 0.0000000000
30090  38.970  -42.165  -12.270 0.0000000000
24718  47.507  -47.356  -8.597 0.0000000000
24719  46.497  -47.193  -8.660 0.0000000000
24733  47.224  -47.172  -9.419 0.0000000000
151536  45.515  -45.043  -10.645 0.0000000000
29012  49.901  -43.219  -12.395 0.0000000000
141109  49.485  -43.541  -11.885 0.0000000000
30086  49.424  -43.086  -12.817 0.0000000000
125206  47.335  -43.601  -13.780 0.0000000000
30106  47.324  -43.309  -12.831 0.0000000000
29028  46.800  -43.459  -13.289 0.0000000000
29015  45.902  -43.370  -12.241 0.0000000000
29029  45.931  -43.413  -13.025 0.0000000000
131930  45.190  -43.579  -13.228 0.0000000000
29044  45.727  -43.836  -13.853 0.0000000000
26856  46.476  -45.439  -16.306 0.0000000000
27924  45.647  -44.897  -15.263 0.0000000000
26857  45.598  -45.864  -16.469 0.0000000000
134297  44.805  -45.861  -16.213 0.0000000000
25822  45.564  -46.402  -17.409 0.0000000000
25904  52.323  -47.304  -23.304 0.0000000000
145404  50.263  -46.825  -21.518 0.0000000000
25874  49.927  -46.720  -20.421 0.0000000000
151092  48.925  -46.353  -18.946 0.0000000000
25862  48.609  -46.743  -19.650 0.0000000000
25864  46.723  -46.830  -19.806 0.0000000000
25865  45.762  -46.670  -19.543 0.0000000000
25845  45.517  -46.665  -18.413 0.0000000000
30002  45.487  -42.186  -6.379 0.0000000000
135854  46.183  -42.468  -6.456 0.0000000000
28912  45.676  -43.166  -6.307 0.0000000000
27796  46.375  -43.941  -6.434 0.0000000000
26710  49.120  -45.266  -6.916 0.0000000000
27794  48.714  -44.420  -6.672 0.0000000000
26711  48.221  -45.226  -6.828 0.0000000000
141065  47.360  -45.344  -6.784 0.0000000000
26736  48.492  -45.894  -7.105 0.0000000000
25700  48.385  -46.679  -7.476 0.0000000000
25699  49.328  -46.742  -7.519 0.0000000000
24714  51.285  -47.350  -8.240 0.0000000000
24715  50.420  -47.401  -8.392 0.0000000000
24729  51.052  -47.403  -9.089 0.0000000000
25737  50.808  -47.037  -9.911 0.0000000000
25736  51.667  -47.013  -9.659 0.0000000000
26788  54.635  -44.940  -10.277 0.0000000000
26789  53.520  -45.203  -10.551 0.0000000000
30053  41.213  -42.995  -11.186 0.0000000000
28969  41.032  -43.164  -10.413 0.0000000000
30045  40.362  -42.812  -10.050 0.0000000000
31052  38.251  -41.397  -7.895 0.0000000000
27910  43.509  -44.613  -14.423 0.0000000000
25739  48.645  -47.117  -10.030 0.0000000000
25740  47.815  -46.910  -10.051 0.0000000000
25759  48.423  -46.370  -10.470 0.0000000000
27860  47.635  -44.906  -11.194 0.0000000000
126402  49.571  -43.434  -14.631 0.0000000000
30104  48.931  -43.203  -13.347 0.0000000000
136802  48.548  -43.702  -14.767 0.0000000000
29042  47.596  -43.835  -14.461 0.0000000000
27906  47.051  -44.321  -14.969 0.0000000000
27907  46.136  -44.372  -14.720 0.0000000000
27922  47.438  -44.656  -15.722 0.0000000000
150178  47.116  -45.086  -16.167 0.0000000000
125361  47.210  -45.506  -16.819 0.0000000000
25875  48.280  -46.929  -20.633 0.0000000000
25890  48.479  -46.726  -21.696 0.0000000000
131520  47.740  -46.676  -21.418 0.0000000000
26735  49.718  -45.945  -7.182 0.0000000000
25698  50.210  -46.656  -7.484 0.0000000000
25697  51.102  -46.549  -7.440 0.0000000000
24698  51.634  -47.066  -7.791 0.0000000000
145019  52.002  -47.268  -8.145 0.0000000000
27826  41.425  -44.952  -8.461 0.0000000000
28939  41.071  -44.190  -9.026 0.0000000000
31085  39.296  -41.912  -10.792 0.0000000000
31079  39.304  -41.855  -10.014 0.0000000000
31080  38.698  -41.357  -9.607 0.0000000000
32021  38.213  -40.704  -9.245 0.0000000000
27881  51.443  -43.982  -11.500 0.0000000000
27882  50.729  -43.820  -11.620 0.0000000000
28986  51.223  -43.422  -11.975 0.0000000000
29011  50.804  -43.139  -12.485 0.0000000000
30102  50.735  -42.923  -13.565 0.0000000000
30118  51.142  -43.042  -14.364 0.0000000000
30119  50.209  -43.121  -14.083 0.0000000000
29059  50.122  -43.570  -15.387 0.0000000000
29074  49.794  -43.992  -16.122 0.0000000000
28993  43.722  -43.440  -11.820 0.0000000000
146020  42.542  -43.485  -10.994 0.0000000000
28994  42.796  -43.398  -11.680 0.0000000000
28995  41.961  -43.289  -11.477 0.0000000000
30067  41.253  -43.133  -11.903 0.0000000000
29032  41.642  -43.683  -13.150 0.0000000000
29020  41.203  -43.394  -12.591 0.0000000000
30069  39.844  -42.404  -11.182 0.0000000000
31095  39.189  -42.052  -11.517 0.0000000000
140792  38.674  -41.523  -11.204 0.0000000000
128773  43.232  -45.839  -18.337 0.0000000000
25702  46.472  -46.807  -7.542 0.0000000000
25679  44.862  -46.407  -7.227 0.0000000000
25703  45.624  -46.768  -7.665 0.0000000000
129640  44.977  -44.818  -10.640 0.0000000000
28965  44.826  -44.065  -11.190 0.0000000000
28989  47.754  -43.612  -11.860 0.0000000000
30087  48.560  -43.214  -12.695 0.0000000000
30065  47.420  -43.411  -12.158 0.0000000000
28990  46.952  -43.572  -11.880 0.0000000000
140718  46.287  -43.490  -11.901 0.0000000000
28991  45.534  -43.633  -11.694 0.0000000000
28992  44.604  -43.541  -11.709 0.0000000000
29016  44.475  -43.410  -12.231 0.0000000000
126123  44.406  -43.572  -12.999 0.0000000000
27899  43.935  -44.100  -13.721 0.0000000000
27908  45.241  -44.438  -14.531 0.0000000000
27909  44.374  -44.524  -14.445 0.0000000000
26848  44.404  -45.519  -15.685 0.0000000000
26858  44.093  -46.008  -16.348 0.0000000000
25815  43.926  -46.307  -16.996 0.0000000000
26870  50.173  -44.958  -17.767 0.0000000000
128881  52.044  -46.947  -22.537 0.0000000000
25841  49.543  -45.939  -18.655 0.0000000000
26871  48.873  -45.160  -17.386 0.0000000000
127156  48.249  -45.659  -17.623 0.0000000000
26872  47.595  -45.847  -17.486 0.0000000000
25820  47.095  -46.408  -18.071 0.0000000000
25863  47.730  -46.861  -19.767 0.0000000000
25843  47.348  -46.646  -18.909 0.0000000000
25821  46.321  -46.464  -17.834 0.0000000000
132241  44.912  -46.558  -17.786 0.0000000000
146550  43.653  -46.279  -18.029 0.0000000000
25847  43.863  -46.248  -18.528 0.0000000000
29973  44.140  -42.110  -5.874 0.0000000000
31014  44.789  -41.744  -6.208 0.0000000000
28913  44.726  -43.638  -5.964 0.0000000000
27797  45.423  -44.403  -6.255 0.0000000000
26713  45.631  -45.403  -6.567 0.0000000000
149785  48.973  -43.221  -6.553 0.0000000000
28910  47.307  -43.739  -6.549 0.0000000000
27795  46.928  -44.608  -6.582 0.0000000000
26712  46.466  -45.478  -6.712 0.0000000000
26738  46.871  -46.192  -7.102 0.0000000000
25701  47.383  -46.800  -7.521 0.0000000000
24702  47.920  -47.223  -7.906 0.0000000000
24717  48.428  -47.419  -8.575 0.0000000000
24700  49.836  -47.188  -7.864 0.0000000000
24716  49.425  -47.461  -8.677 0.0000000000
24731  48.790  -47.397  -9.355 0.0000000000
25738  50.075  -47.028  -10.083 0.0000000000
25757  50.455  -46.397  -10.415 0.0000000000
26791  50.997  -45.578  -10.797 0.0000000000
25755  52.275  -46.426  -10.107 0.0000000000
26790  51.913  -45.655  -10.633 0.0000000000
27856  51.637  -44.808  -11.129 0.0000000000
28951  41.499  -43.767  -9.877 0.0000000000
28952  40.745  -43.452  -9.565 0.0000000000
28941  39.729  -43.298  -8.430 0.0000000000
31069  39.090  -42.067  -9.096 0.0000000000
30034  39.196  -42.684  -8.299 0.0000000000
24704  46.208  -47.129  -7.988 0.0000000000
24713  52.646  -47.213  -8.532 0.0000000000
25678  45.849  -46.220  -7.018 0.0000000000
25823  44.157  -46.455  -17.731 0.0000000000
25846  44.594  -46.550  -18.507 0.0000000000
26846  45.912  -45.320  -15.848 0.0000000000
26850  42.591  -45.456  -15.845 0.0000000000
26874  42.784  -45.793  -17.550 0.0000000000
26896  47.904  -46.207  -18.146 0.0000000000
26911  44.226  -46.045  -19.394 0.0000000000
27864  43.297  -44.200  -10.546 0.0000000000
27884  48.151  -44.102  -11.549 0.0000000000
27885  47.254  -44.053  -11.558 0.0000000000
27886  46.387  -43.888  -11.578 0.0000000000
27925  44.805  -44.973  -15.124 0.0000000000
27926  43.956  -45.051  -15.085 0.0000000000
27927  43.102  -45.140  -15.075 0.0000000000
27976  43.013  -44.952  -19.193 0.0000000000
28909  49.196  -43.705  -6.563 0.0000000000
28940  40.391  -43.760  -8.701 0.0000000000
28967  43.228  -43.607  -11.163 0.0000000000
29013  49.020  -43.292  -12.282 0.0000000000
29014  46.635  -43.364  -12.624 0.0000000000
29040  50.424  -43.303  -14.720 0.0000000000
29041  48.929  -43.403  -14.080 0.0000000000
29046  41.225  -43.956  -13.781 0.0000000000
29057  52.429  -43.298  -15.410 0.0000000000
29072  51.614  -43.727  -16.335 0.0000000000
30035  38.690  -42.047  -8.187 0.0000000000
30046  39.716  -42.473  -9.655 0.0000000000
30054  40.503  -42.699  -10.826 0.0000000000
30068  40.508  -42.776  -11.566 0.0000000000
30085  50.318  -42.951  -12.922 0.0000000000
30088  47.779  -43.316  -12.554 0.0000000000
30105  48.039  -43.227  -13.043 0.0000000000
30120  49.513  -43.232  -13.881 0.0000000000
32041  38.217  -40.919  -10.894 0.0000000000
126313  45.127  -43.355  -12.044 0.0000000000
129183  46.939  -46.070  -17.408 0.0000000000
129680  39.560  -42.719  -8.967 0.0000000000
130415  49.178  -46.944  -21.045 0.0000000000
131105  47.527  -43.388  -13.301 0.0000000000
133903  43.136  -44.837  -9.947 0.0000000000
136666  52.712  -45.750  -10.443 0.0000000000
142026  49.962  -43.982  -11.560 0.0000000000
142091  49.427  -47.259  -9.764 0.0000000000
144374  44.377  -45.946  -6.718 0.0000000000
146754  47.170  -43.369  -12.439 0.0000000000
148573  46.264  -43.611  -13.551 0.0000000000
150356  46.128  -46.633  -20.164 0.0000000000
150847  42.838  -44.525  -10.084 0.0000000000
150896  42.883  -43.755  -10.759 0.0000000000
