#!ascii label  , from subject sub-s004 vox2ras=TkReg
319
80424  26.367  9.436  -35.653 0.0000000000
71705  25.991  -0.864  -32.417 0.0000000000
85878  22.188  14.694  -38.695 0.0000000000
94962  18.627  24.452  -40.905 0.0000000000
129542  23.869  -2.030  -31.605 0.0000000000
89684  24.034  17.778  -40.114 0.0000000000
91634  23.227  20.549  -41.247 0.0000000000
79484  24.326  7.174  -34.592 0.0000000000
76523  26.590  4.664  -32.602 0.0000000000
78377  29.004  6.767  -33.485 0.0000000000
83131  27.402  11.409  -36.493 0.0000000000
80402  30.309  8.684  -34.439 0.0000000000
83152  23.974  11.899  -37.137 0.0000000000
85865  25.561  14.503  -37.941 0.0000000000
92545  18.931  21.473  -39.347 0.0000000000
93391  21.785  22.876  -41.742 0.0000000000
73720  28.469  0.806  -33.118 0.0000000000
89699  22.142  18.257  -40.656 0.0000000000
91631  21.573  19.522  -40.728 0.0000000000
80407  25.884  8.219  -34.846 0.0000000000
78391  26.586  6.992  -34.019 0.0000000000
79481  27.624  7.736  -34.346 0.0000000000
70713  24.649  -1.648  -31.852 0.0000000000
84078  23.098  13.249  -37.772 0.0000000000
84092  25.155  13.082  -38.009 0.0000000000
85876  24.585  14.493  -38.823 0.0000000000
90638  23.780  19.854  -38.947 0.0000000000
135580  24.469  17.841  -38.343 0.0000000000
94942  17.434  24.237  -39.074 0.0000000000
93348  18.113  21.213  -38.451 0.0000000000
94155  18.967  23.464  -40.718 0.0000000000
97680  20.377  27.456  -41.891 0.0000000000
96698  21.263  26.554  -41.072 0.0000000000
94179  21.170  23.596  -42.266 0.0000000000
95825  22.035  25.617  -40.327 0.0000000000
94147  22.676  23.847  -40.361 0.0000000000
76521  28.448  4.283  -32.717 0.0000000000
74677  27.262  2.872  -32.375 0.0000000000
151390  22.465  -2.818  -31.315 0.0000000000
86850  23.930  16.120  -39.917 0.0000000000
87817  22.660  17.022  -40.385 0.0000000000
90659  23.627  19.315  -40.589 0.0000000000
91625  23.583  20.895  -39.790 0.0000000000
76539  24.383  4.880  -33.283 0.0000000000
78380  25.476  6.053  -33.746 0.0000000000
77435  27.592  5.984  -33.136 0.0000000000
76537  29.239  4.980  -33.077 0.0000000000
82211  26.929  10.497  -36.378 0.0000000000
80422  28.082  9.226  -35.105 0.0000000000
82189  28.962  10.147  -35.083 0.0000000000
81304  24.924  9.603  -35.812 0.0000000000
83136  23.482  11.306  -36.696 0.0000000000
82212  25.682  10.629  -36.680 0.0000000000
83149  26.425  11.614  -37.205 0.0000000000
84961  26.570  13.304  -37.001 0.0000000000
86808  25.977  14.957  -36.032 0.0000000000
87787  24.979  16.002  -38.747 0.0000000000
87767  25.215  16.177  -36.896 0.0000000000
132756  19.918  20.539  -39.812 0.0000000000
94995  19.358  24.430  -43.389 0.0000000000
94180  19.911  23.568  -42.630 0.0000000000
93379  20.677  22.310  -41.610 0.0000000000
92558  21.875  21.387  -41.464 0.0000000000
93363  22.927  22.037  -41.130 0.0000000000
129984  23.411  22.841  -39.578 0.0000000000
149397  24.703  0.826  -31.625 0.0000000000
75617  25.353  3.595  -32.342 0.0000000000
79458  29.367  7.562  -33.909 0.0000000000
77432  30.778  6.007  -33.499 0.0000000000
90661  20.937  18.877  -40.406 0.0000000000
142720  26.520  8.751  -35.125 0.0000000000
80406  26.853  8.119  -34.638 0.0000000000
149688  27.109  8.640  -34.944 0.0000000000
68787  22.198  -4.252  -30.944 0.0000000000
68802  22.816  -4.049  -31.287 0.0000000000
71691  25.324  -1.162  -32.110 0.0000000000
84997  22.667  13.927  -38.258 0.0000000000
84996  23.629  13.800  -38.410 0.0000000000
85877  23.067  14.548  -38.920 0.0000000000
91607  23.689  20.562  -38.157 0.0000000000
90628  23.781  19.667  -37.914 0.0000000000
135488  18.192  24.823  -40.333 0.0000000000
94149  17.807  23.357  -39.179 0.0000000000
143564  18.525  22.594  -39.582 0.0000000000
95826  21.506  25.737  -40.962 0.0000000000
96690  22.292  26.267  -39.926 0.0000000000
145459  29.342  3.825  -32.947 0.0000000000
75614  28.685  3.239  -32.713 0.0000000000
150853  23.405  -0.006  -31.475 0.0000000000
149209  22.226  16.711  -40.289 0.0000000000
87818  21.797  17.073  -40.309 0.0000000000
90677  23.088  19.642  -41.328 0.0000000000
89716  23.134  19.105  -41.059 0.0000000000
131773  23.450  19.987  -41.005 0.0000000000
90649  23.710  20.072  -40.029 0.0000000000
91630  23.484  20.728  -40.556 0.0000000000
130462  17.823  25.479  -40.093 0.0000000000
78381  24.668  5.948  -34.003 0.0000000000
78392  25.283  6.755  -34.215 0.0000000000
79460  27.385  7.121  -33.916 0.0000000000
78379  26.938  6.485  -33.548 0.0000000000
77434  28.603  5.974  -33.209 0.0000000000
77433  29.685  5.971  -33.352 0.0000000000
69764  22.918  -2.349  -31.390 0.0000000000
68801  24.041  -3.783  -31.732 0.0000000000
82210  27.365  10.843  -36.358 0.0000000000
82191  27.625  10.353  -35.814 0.0000000000
82209  27.874  10.890  -35.984 0.0000000000
80426  24.569  8.887  -35.372 0.0000000000
83153  23.009  11.980  -36.918 0.0000000000
82213  24.852  10.680  -36.579 0.0000000000
83135  24.419  11.241  -36.861 0.0000000000
83133  26.099  11.114  -37.047 0.0000000000
83151  24.912  11.788  -37.329 0.0000000000
85875  25.135  14.255  -38.523 0.0000000000
84976  26.151  13.124  -37.692 0.0000000000
85864  26.047  13.901  -37.445 0.0000000000
85854  26.286  14.139  -36.513 0.0000000000
85855  25.874  14.771  -37.034 0.0000000000
87815  23.892  16.729  -40.072 0.0000000000
87802  24.318  16.269  -39.755 0.0000000000
87788  24.619  16.489  -39.407 0.0000000000
88701  24.530  17.698  -37.460 0.0000000000
135975  24.922  16.725  -36.235 0.0000000000
92528  17.844  20.321  -37.900 0.0000000000
92537  19.216  20.546  -39.226 0.0000000000
92544  19.687  21.382  -40.025 0.0000000000
95834  20.552  25.752  -42.388 0.0000000000
96708  20.156  26.559  -42.527 0.0000000000
95005  19.844  24.229  -43.341 0.0000000000
94994  20.429  24.172  -43.000 0.0000000000
94166  21.796  23.529  -41.621 0.0000000000
93392  21.206  22.950  -42.030 0.0000000000
92559  21.056  21.477  -41.232 0.0000000000
93378  21.876  22.192  -41.664 0.0000000000
92557  22.581  21.426  -41.490 0.0000000000
93377  22.347  22.286  -41.508 0.0000000000
94954  22.892  24.557  -39.650 0.0000000000
94154  23.035  22.930  -40.391 0.0000000000
139138  23.190  23.673  -39.601 0.0000000000
73704  24.040  1.452  -31.671 0.0000000000
76538  25.253  5.105  -33.059 0.0000000000
76525  24.770  4.384  -32.761 0.0000000000
76524  25.701  4.567  -32.661 0.0000000000
74676  27.701  1.871  -32.590 0.0000000000
138222  26.768  2.158  -32.265 0.0000000000
73721  27.284  0.988  -32.562 0.0000000000
72695  26.321  0.810  -32.199 0.0000000000
80403  29.439  8.765  -34.585 0.0000000000
135709  29.182  8.229  -34.385 0.0000000000
79479  29.962  8.131  -34.229 0.0000000000
88742  21.536  17.666  -40.378 0.0000000000
89700  21.169  18.172  -40.358 0.0000000000
90660  21.908  18.872  -40.715 0.0000000000
91635  22.991  20.416  -41.518 0.0000000000
79483  25.148  7.642  -34.693 0.0000000000
148155  26.036  6.934  -34.101 0.0000000000
79482  26.108  7.453  -34.367 0.0000000000
150840  26.914  7.475  -34.257 0.0000000000
79459  28.308  7.322  -33.888 0.0000000000
69762  25.044  -2.772  -32.314 0.0000000000
69775  26.448  -3.157  -32.647 0.0000000000
84041  27.645  12.039  -36.077 0.0000000000
84040  28.268  11.611  -35.462 0.0000000000
144223  22.620  12.684  -37.204 0.0000000000
84077  23.509  12.570  -37.428 0.0000000000
84076  24.489  12.579  -37.702 0.0000000000
84093  24.430  13.384  -38.208 0.0000000000
84994  24.921  13.776  -38.447 0.0000000000
149193  24.155  18.709  -39.294 0.0000000000
89671  24.289  18.358  -38.872 0.0000000000
90637  24.011  19.054  -38.740 0.0000000000
89657  24.104  18.645  -37.695 0.0000000000
93365  19.397  22.424  -40.595 0.0000000000
96699  20.680  26.600  -41.711 0.0000000000
94993  21.018  24.412  -42.444 0.0000000000
94975  21.551  24.232  -41.701 0.0000000000
94974  22.115  24.057  -41.047 0.0000000000
93364  22.406  23.047  -41.181 0.0000000000
94960  22.339  24.760  -40.295 0.0000000000
95817  22.649  25.539  -39.654 0.0000000000
76522  27.500  4.551  -32.607 0.0000000000
75616  26.931  3.802  -32.423 0.0000000000
75615  27.811  3.576  -32.515 0.0000000000
140277  28.121  2.607  -32.601 0.0000000000
68803  22.149  -3.284  -31.178 0.0000000000
70715  22.942  -1.400  -31.417 0.0000000000
70714  23.734  -1.226  -31.522 0.0000000000
128809  24.174  -0.593  -31.574 0.0000000000
72696  25.120  -0.073  -31.768 0.0000000000
85892  22.577  15.353  -39.413 0.0000000000
87803  22.480  15.993  -39.863 0.0000000000
86851  23.347  16.541  -40.164 0.0000000000
88739  23.777  17.459  -40.237 0.0000000000
88741  22.327  17.661  -40.564 0.0000000000
88740  23.378  17.955  -40.550 0.0000000000
90658  23.803  18.536  -40.322 0.0000000000
90648  23.975  19.106  -39.751 0.0000000000
91616  23.659  20.706  -39.090 0.0000000000
92527  23.604  21.471  -39.235 0.0000000000
94956  17.425  25.176  -39.307 0.0000000000
94963  18.193  25.438  -41.042 0.0000000000
137460  24.917  5.491  -33.535 0.0000000000
77419  26.167  5.388  -32.951 0.0000000000
138471  26.092  6.549  -33.831 0.0000000000
77436  26.799  5.881  -33.169 0.0000000000
77418  27.126  5.363  -32.826 0.0000000000
77417  28.094  5.257  -32.860 0.0000000000
145007  30.005  4.238  -33.238 0.0000000000
81302  27.011  9.886  -35.824 0.0000000000
80423  27.229  9.177  -35.276 0.0000000000
138584  27.649  9.729  -35.462 0.0000000000
81284  28.845  9.387  -34.909 0.0000000000
140239  29.692  9.460  -34.753 0.0000000000
83113  28.479  10.858  -35.503 0.0000000000
146562  29.584  9.949  -34.915 0.0000000000
81283  30.604  9.242  -34.528 0.0000000000
80408  25.074  8.324  -35.080 0.0000000000
80425  25.568  8.965  -35.403 0.0000000000
134950  25.661  9.662  -35.942 0.0000000000
81321  24.448  10.180  -36.161 0.0000000000
81320  25.288  10.139  -36.293 0.0000000000
81303  26.197  10.104  -36.295 0.0000000000
139355  26.372  10.677  -36.697 0.0000000000
83132  26.845  11.107  -36.847 0.0000000000
83148  26.829  11.822  -37.060 0.0000000000
84075  25.458  12.375  -37.677 0.0000000000
84074  26.247  12.298  -37.493 0.0000000000
84058  26.731  12.516  -37.213 0.0000000000
130754  23.904  15.633  -39.672 0.0000000000
86838  24.695  15.763  -39.333 0.0000000000
86828  25.111  15.176  -38.635 0.0000000000
88700  24.831  16.932  -38.421 0.0000000000
87776  25.104  16.192  -37.833 0.0000000000
86818  25.413  15.445  -37.588 0.0000000000
86809  25.582  15.551  -36.540 0.0000000000
91626  19.623  19.747  -39.389 0.0000000000
94976  18.624  24.702  -41.911 0.0000000000
130260  18.700  24.729  -43.056 0.0000000000
94181  19.214  24.094  -42.503 0.0000000000
94167  19.494  23.394  -41.669 0.0000000000
93380  20.086  22.762  -41.640 0.0000000000
126810  20.532  23.622  -42.600 0.0000000000
93393  20.639  22.949  -42.095 0.0000000000
126730  20.228  21.920  -40.943 0.0000000000
92543  20.451  21.016  -40.426 0.0000000000
91632  20.664  19.978  -40.230 0.0000000000
147180  21.633  20.452  -41.032 0.0000000000
91636  22.417  20.659  -41.438 0.0000000000
92556  23.038  21.115  -41.382 0.0000000000
92542  23.289  21.359  -40.895 0.0000000000
93347  23.551  22.139  -39.470 0.0000000000
140508  23.648  22.713  -38.890 0.0000000000
74679  24.714  2.832  -32.131 0.0000000000
125520  26.346  3.150  -32.268 0.0000000000
74678  25.730  2.464  -32.061 0.0000000000
74663  25.038  2.153  -31.853 0.0000000000
73703  25.635  1.573  -31.890 0.0000000000
131759  25.472  0.778  -31.832 0.0000000000
80405  27.741  8.508  -34.783 0.0000000000
79480  28.485  7.989  -34.394 0.0000000000
79457  30.487  7.497  -33.866 0.0000000000
78376  30.074  6.827  -33.536 0.0000000000
77437  25.603  5.627  -33.349 0.0000000000
78378  27.969  6.649  -33.483 0.0000000000
80404  28.635  8.685  -34.705 0.0000000000
81301  28.244  9.917  -35.308 0.0000000000
81305  24.042  9.569  -35.688 0.0000000000
82190  28.245  10.487  -35.517 0.0000000000
82214  23.979  10.734  -36.444 0.0000000000
83112  29.601  10.324  -34.910 0.0000000000
83114  27.946  11.296  -35.969 0.0000000000
83134  25.293  11.157  -37.012 0.0000000000
83150  25.777  11.691  -37.370 0.0000000000
84057  27.184  12.059  -36.771 0.0000000000
84091  25.751  12.876  -37.779 0.0000000000
84094  23.835  13.091  -37.942 0.0000000000
84960  27.051  12.707  -36.514 0.0000000000
84993  25.470  13.485  -38.049 0.0000000000
84995  24.347  13.997  -38.602 0.0000000000
85011  23.909  14.526  -38.938 0.0000000000
85874  25.685  13.780  -38.020 0.0000000000
85889  24.651  15.102  -39.059 0.0000000000
85890  24.210  15.127  -39.312 0.0000000000
85891  23.497  15.163  -39.421 0.0000000000
86839  24.315  15.723  -39.540 0.0000000000
86840  23.238  15.877  -39.867 0.0000000000
87816  23.374  17.224  -40.339 0.0000000000
88684  24.842  16.886  -37.172 0.0000000000
88713  24.415  17.499  -39.328 0.0000000000
88726  24.235  16.991  -39.910 0.0000000000
89696  23.663  18.110  -40.443 0.0000000000
89697  23.408  18.720  -40.778 0.0000000000
89698  22.917  18.347  -40.803 0.0000000000
89717  22.726  18.987  -40.982 0.0000000000
90676  23.274  19.471  -41.156 0.0000000000
90678  22.467  19.739  -41.208 0.0000000000
92536  23.501  21.483  -40.077 0.0000000000
92577  21.248  22.259  -41.734 0.0000000000
93357  23.343  22.145  -40.316 0.0000000000
94168  19.023  24.024  -41.577 0.0000000000
94955  17.850  24.526  -39.680 0.0000000000
94961  21.802  24.918  -40.967 0.0000000000
95833  21.025  25.810  -41.632 0.0000000000
129374  26.170  3.953  -32.429 0.0000000000
135437  22.947  0.062  -31.472 0.0000000000
136655  26.176  6.016  -33.439 0.0000000000
144316  23.207  19.974  -41.393 0.0000000000
144855  24.142  18.317  -39.699 0.0000000000
145212  23.939  0.483  -31.535 0.0000000000
145358  20.917  25.155  -42.246 0.0000000000
145519  22.643  16.403  -40.154 0.0000000000
147122  24.872  1.530  -31.708 0.0000000000
147510  25.302  16.132  -36.142 0.0000000000
148250  25.178  15.692  -38.220 0.0000000000
148539  22.942  17.652  -40.572 0.0000000000
149412  21.918  16.449  -40.021 0.0000000000
151049  29.058  10.640  -35.039 0.0000000000
151317  20.984  20.720  -40.690 0.0000000000
