#!ascii label  , from subject sub-p005 vox2ras=TkReg
356
74129  -24.769  9.647  -33.724 0.0000000000
70683  -21.354  4.700  -31.526 0.0000000000
70699  -26.834  5.555  -32.261 0.0000000000
66491  -23.827  1.483  -31.720 0.0000000000
84027  -24.906  21.144  -34.759 0.0000000000
81772  -26.425  17.819  -34.615 0.0000000000
120259  -21.830  13.693  -33.133 0.0000000000
111178  -22.938  -2.617  -29.845 0.0000000000
68158  -22.614  2.816  -31.599 0.0000000000
111544  -21.678  1.643  -31.254 0.0000000000
82573  -26.303  18.838  -34.819 0.0000000000
125712  -25.032  16.844  -34.748 0.0000000000
134512  -21.248  9.814  -32.533 0.0000000000
76791  -18.064  12.413  -31.131 0.0000000000
75909  -23.041  11.866  -33.526 0.0000000000
77739  -25.715  13.445  -34.526 0.0000000000
75931  -26.609  12.080  -34.140 0.0000000000
74132  -26.989  9.914  -33.515 0.0000000000
72359  -20.150  7.073  -31.448 0.0000000000
72374  -23.146  7.270  -32.756 0.0000000000
72387  -26.127  7.556  -33.443 0.0000000000
70695  -23.691  5.068  -32.545 0.0000000000
68162  -25.559  3.144  -32.095 0.0000000000
126599  -26.490  1.736  -29.873 0.0000000000
79338  -22.026  14.877  -33.108 0.0000000000
78556  -25.061  15.497  -34.630 0.0000000000
79350  -27.523  16.022  -34.109 0.0000000000
111205  -20.322  -0.255  -29.787 0.0000000000
64850  -23.930  -0.846  -30.781 0.0000000000
117364  -21.094  2.487  -31.019 0.0000000000
111206  -20.358  1.621  -30.415 0.0000000000
81780  -25.091  17.549  -34.728 0.0000000000
80097  -23.957  16.463  -34.245 0.0000000000
122191  -22.597  9.779  -33.150 0.0000000000
125287  -21.954  10.464  -32.955 0.0000000000
130298  -24.079  10.685  -33.772 0.0000000000
129364  -25.269  11.794  -34.356 0.0000000000
75032  -25.562  10.613  -34.079 0.0000000000
75019  -26.582  10.653  -33.878 0.0000000000
74131  -26.366  9.900  -33.835 0.0000000000
71564  -20.616  6.220  -31.538 0.0000000000
72371  -20.890  7.011  -31.706 0.0000000000
71577  -21.876  6.054  -31.917 0.0000000000
71579  -23.639  6.598  -32.791 0.0000000000
119161  -22.409  5.380  -32.015 0.0000000000
67338  -22.992  2.218  -31.664 0.0000000000
128279  -24.152  2.859  -32.034 0.0000000000
68160  -24.554  2.318  -31.884 0.0000000000
68151  -25.814  2.696  -31.658 0.0000000000
111431  -25.105  1.276  -31.208 0.0000000000
129312  -24.629  20.159  -34.702 0.0000000000
84011  -23.826  20.948  -33.657 0.0000000000
84683  -24.467  21.713  -34.186 0.0000000000
85345  -25.246  23.024  -34.553 0.0000000000
84045  -26.386  21.739  -35.358 0.0000000000
81783  -26.511  18.379  -34.658 0.0000000000
76805  -20.645  12.732  -32.489 0.0000000000
78512  -19.768  14.494  -31.865 0.0000000000
78537  -22.355  14.382  -33.309 0.0000000000
79347  -24.320  15.682  -34.528 0.0000000000
120633  -24.066  14.089  -34.302 0.0000000000
77741  -26.815  13.550  -34.228 0.0000000000
116646  -26.799  15.292  -34.429 0.0000000000
79340  -28.104  15.298  -33.623 0.0000000000
130274  -26.661  6.854  -32.996 0.0000000000
118907  -27.223  8.004  -32.923 0.0000000000
63987  -21.507  -2.780  -29.592 0.0000000000
111184  -21.975  -2.139  -29.983 0.0000000000
65660  -22.639  -0.574  -30.836 0.0000000000
111180  -23.122  -2.007  -30.240 0.0000000000
69820  -20.761  4.434  -31.344 0.0000000000
125505  -21.805  4.095  -31.554 0.0000000000
111755  -21.331  3.246  -31.272 0.0000000000
68150  -22.327  2.359  -31.492 0.0000000000
134049  -22.920  1.436  -31.625 0.0000000000
82563  -24.739  18.981  -34.534 0.0000000000
83322  -26.283  19.827  -35.266 0.0000000000
82571  -25.247  18.156  -34.736 0.0000000000
81781  -25.505  17.623  -34.717 0.0000000000
80951  -25.658  17.263  -34.690 0.0000000000
124401  -19.060  9.899  -31.491 0.0000000000
124698  -19.571  11.138  -31.944 0.0000000000
75887  -20.267  11.807  -32.344 0.0000000000
76823  -22.910  12.632  -33.515 0.0000000000
77737  -24.512  13.353  -34.344 0.0000000000
76844  -24.914  12.553  -34.409 0.0000000000
76847  -26.443  12.734  -34.306 0.0000000000
76825  -26.962  12.855  -33.991 0.0000000000
76807  -27.473  12.032  -33.408 0.0000000000
63094  -23.633  -3.697  -28.327 0.0000000000
111584  -24.023  -2.558  -29.263 0.0000000000
73238  -20.460  8.644  -31.841 0.0000000000
73240  -21.931  8.574  -32.579 0.0000000000
73253  -23.382  8.697  -33.201 0.0000000000
120816  -24.793  8.779  -33.578 0.0000000000
72385  -23.924  7.502  -33.132 0.0000000000
71591  -24.953  6.396  -33.203 0.0000000000
70697  -25.655  5.282  -32.834 0.0000000000
69829  -23.295  3.829  -32.024 0.0000000000
124883  -24.802  3.929  -32.534 0.0000000000
69833  -26.030  4.056  -32.194 0.0000000000
68990  -26.251  3.415  -31.675 0.0000000000
133315  -26.938  3.029  -30.483 0.0000000000
121231  -26.742  20.709  -35.272 0.0000000000
80103  -23.905  15.958  -34.284 0.0000000000
80112  -25.176  16.664  -34.791 0.0000000000
80114  -26.105  16.665  -34.633 0.0000000000
78547  -25.291  14.474  -34.549 0.0000000000
79348  -26.375  16.148  -34.586 0.0000000000
80944  -27.244  17.243  -34.303 0.0000000000
114127  -26.660  9.090  -33.523 0.0000000000
74117  -27.874  9.136  -32.289 0.0000000000
111210  -19.528  1.072  -29.660 0.0000000000
65659  -21.074  0.273  -30.457 0.0000000000
120051  -22.499  0.844  -31.464 0.0000000000
111187  -23.957  0.069  -31.362 0.0000000000
64840  -24.646  -1.389  -29.606 0.0000000000
126338  -24.567  -0.832  -30.187 0.0000000000
126516  -25.073  0.463  -30.675 0.0000000000
74127  -23.320  9.511  -33.367 0.0000000000
75016  -23.195  10.386  -33.475 0.0000000000
75017  -24.050  9.990  -33.646 0.0000000000
75018  -24.832  10.503  -33.911 0.0000000000
129906  -25.322  10.035  -33.890 0.0000000000
74130  -25.843  9.965  -33.944 0.0000000000
134160  -20.754  4.991  -31.431 0.0000000000
70682  -20.348  5.574  -31.389 0.0000000000
71565  -21.140  5.512  -31.587 0.0000000000
71576  -21.231  6.282  -31.725 0.0000000000
122984  -21.750  5.216  -31.695 0.0000000000
67339  -23.790  2.134  -31.754 0.0000000000
67340  -24.292  1.820  -31.711 0.0000000000
67341  -24.831  1.886  -31.633 0.0000000000
67330  -24.414  1.300  -31.586 0.0000000000
131795  -24.517  21.001  -34.431 0.0000000000
84684  -24.950  22.167  -34.714 0.0000000000
84044  -25.538  21.445  -35.155 0.0000000000
125318  -26.109  20.789  -35.268 0.0000000000
82565  -27.076  18.752  -34.609 0.0000000000
133218  -26.800  18.188  -34.572 0.0000000000
81773  -26.958  17.777  -34.489 0.0000000000
77720  -21.522  12.915  -32.941 0.0000000000
77709  -19.433  13.572  -31.810 0.0000000000
77719  -20.883  13.637  -32.581 0.0000000000
78526  -20.606  14.523  -32.341 0.0000000000
129253  -23.561  14.119  -33.936 0.0000000000
77736  -22.798  13.864  -33.511 0.0000000000
78538  -27.739  14.508  -33.730 0.0000000000
70698  -26.353  5.962  -32.832 0.0000000000
120576  -27.048  6.400  -32.492 0.0000000000
126673  -22.702  -3.201  -29.467 0.0000000000
63106  -21.980  -3.333  -29.419 0.0000000000
63988  -22.290  -2.737  -29.738 0.0000000000
130870  -22.601  -2.251  -30.042 0.0000000000
111542  -22.617  -1.621  -30.336 0.0000000000
68988  -20.900  3.767  -31.235 0.0000000000
68980  -20.863  3.269  -31.080 0.0000000000
111208  -21.536  2.134  -31.222 0.0000000000
111657  -21.681  2.527  -31.308 0.0000000000
115853  -22.665  1.831  -31.566 0.0000000000
111197  -22.391  1.410  -31.492 0.0000000000
82564  -25.322  19.048  -34.887 0.0000000000
80949  -24.883  16.666  -34.816 0.0000000000
80950  -25.202  17.170  -34.714 0.0000000000
75001  -19.784  10.260  -31.921 0.0000000000
75002  -20.778  10.389  -32.441 0.0000000000
125691  -22.746  11.075  -33.422 0.0000000000
75888  -21.093  11.200  -32.658 0.0000000000
75908  -22.023  11.492  -33.165 0.0000000000
76806  -21.305  12.074  -32.767 0.0000000000
76824  -23.652  12.557  -33.765 0.0000000000
75910  -24.027  11.889  -33.878 0.0000000000
75930  -25.770  11.244  -34.284 0.0000000000
121077  -26.006  12.019  -34.415 0.0000000000
129886  -27.102  12.260  -33.834 0.0000000000
76826  -27.561  12.951  -33.511 0.0000000000
75020  -27.027  10.712  -33.613 0.0000000000
75889  -27.425  11.174  -33.308 0.0000000000
124874  -27.569  9.834  -32.832 0.0000000000
63075  -23.829  -3.963  -27.815 0.0000000000
63076  -24.307  -3.360  -27.930 0.0000000000
73225  -19.797  8.111  -31.404 0.0000000000
121893  -21.946  7.755  -32.377 0.0000000000
73239  -21.203  7.974  -32.086 0.0000000000
73241  -22.710  8.075  -32.754 0.0000000000
74116  -22.649  9.028  -32.997 0.0000000000
73242  -23.463  7.997  -33.045 0.0000000000
73254  -24.059  8.339  -33.350 0.0000000000
113930  -23.250  5.633  -32.470 0.0000000000
71580  -24.232  5.891  -32.834 0.0000000000
70696  -25.087  5.641  -33.053 0.0000000000
117712  -24.366  4.960  -32.738 0.0000000000
68998  -22.207  3.464  -31.571 0.0000000000
69828  -22.530  3.989  -31.738 0.0000000000
68999  -22.920  3.319  -31.750 0.0000000000
114262  -24.918  2.873  -32.225 0.0000000000
118760  -24.082  3.628  -32.306 0.0000000000
69001  -25.236  3.565  -32.374 0.0000000000
69832  -25.488  4.400  -32.562 0.0000000000
126643  -26.042  2.333  -31.127 0.0000000000
126648  -26.436  2.882  -31.121 0.0000000000
126550  -26.596  2.366  -30.371 0.0000000000
126642  -27.277  2.811  -29.793 0.0000000000
114939  -25.898  19.136  -35.020 0.0000000000
83323  -26.834  19.728  -35.096 0.0000000000
75867  -17.787  11.674  -31.068 0.0000000000
79326  -21.727  15.208  -32.667 0.0000000000
123117  -22.813  15.358  -33.298 0.0000000000
130686  -23.579  15.495  -34.001 0.0000000000
78546  -24.438  15.218  -34.516 0.0000000000
79355  -24.845  15.765  -34.650 0.0000000000
79356  -25.075  16.007  -34.676 0.0000000000
80113  -25.795  16.807  -34.659 0.0000000000
77738  -25.096  13.430  -34.495 0.0000000000
115043  -24.672  14.423  -34.503 0.0000000000
78548  -25.944  14.400  -34.551 0.0000000000
79349  -26.960  16.037  -34.434 0.0000000000
80106  -27.009  16.857  -34.408 0.0000000000
80107  -27.642  16.609  -33.994 0.0000000000
122551  -25.595  8.312  -33.585 0.0000000000
73255  -26.367  8.343  -33.533 0.0000000000
72375  -27.708  8.324  -32.409 0.0000000000
111204  -20.194  -1.250  -29.521 0.0000000000
66470  -20.357  0.710  -30.117 0.0000000000
130936  -22.349  0.289  -31.166 0.0000000000
111196  -22.866  0.324  -31.444 0.0000000000
111473  -23.382  -0.307  -31.212 0.0000000000
111173  -24.142  -1.949  -29.784 0.0000000000
126687  -24.502  -0.178  -30.843 0.0000000000
111216  -20.544  2.943  -30.847 0.0000000000
111628  -20.440  2.361  -30.664 0.0000000000
111207  -21.043  1.921  -30.898 0.0000000000
81770  -24.695  17.749  -34.546 0.0000000000
80941  -24.428  17.233  -34.522 0.0000000000
80948  -24.858  17.111  -34.744 0.0000000000
80104  -24.184  16.793  -34.330 0.0000000000
74115  -21.928  9.466  -32.769 0.0000000000
115275  -23.639  11.196  -33.694 0.0000000000
75911  -24.579  11.308  -34.031 0.0000000000
75031  -25.246  11.109  -34.173 0.0000000000
75912  -26.314  11.331  -34.173 0.0000000000
75913  -26.923  11.450  -33.833 0.0000000000
75033  -26.081  10.623  -34.116 0.0000000000
71563  -19.878  6.341  -31.281 0.0000000000
73226  -20.480  7.767  -31.660 0.0000000000
72372  -21.578  6.992  -32.027 0.0000000000
72373  -22.327  7.066  -32.388 0.0000000000
71578  -22.746  6.311  -32.417 0.0000000000
68159  -23.346  2.730  -31.775 0.0000000000
68161  -25.192  2.470  -31.901 0.0000000000
67331  -25.451  2.079  -31.432 0.0000000000
112182  -25.914  1.701  -30.672 0.0000000000
83296  -23.995  19.956  -34.191 0.0000000000
134388  -26.770  19.021  -34.772 0.0000000000
128429  -18.454  14.699  -30.862 0.0000000000
79345  -23.114  14.978  -33.510 0.0000000000
78544  -23.346  14.597  -33.702 0.0000000000
78545  -23.990  14.803  -34.350 0.0000000000
77740  -26.278  13.475  -34.455 0.0000000000
78549  -26.576  14.380  -34.429 0.0000000000
78550  -27.158  14.431  -34.177 0.0000000000
79339  -27.416  15.280  -34.128 0.0000000000
133578  -26.414  7.199  -33.241 0.0000000000
72388  -26.722  7.643  -33.225 0.0000000000
71581  -27.164  7.229  -32.732 0.0000000000
114860  -21.013  -1.949  -29.745 0.0000000000
111193  -21.031  -0.795  -30.085 0.0000000000
111186  -21.812  -0.186  -30.647 0.0000000000
111185  -21.867  -1.245  -30.242 0.0000000000
111411  -23.277  -1.211  -30.658 0.0000000000
127899  -21.260  4.135  -31.422 0.0000000000
68989  -21.554  3.622  -31.418 0.0000000000
68149  -21.920  3.007  -31.448 0.0000000000
68148  -21.185  2.896  -31.136 0.0000000000
133884  -21.569  2.962  -31.317 0.0000000000
67329  -23.255  1.692  -31.661 0.0000000000
115564  -23.355  1.181  -31.686 0.0000000000
82554  -23.969  19.578  -34.075 0.0000000000
83321  -25.507  20.180  -35.212 0.0000000000
82572  -25.761  18.335  -34.788 0.0000000000
81782  -26.027  17.892  -34.698 0.0000000000
80942  -26.108  17.386  -34.667 0.0000000000
75868  -18.515  11.812  -31.475 0.0000000000
127609  -20.279  10.961  -32.280 0.0000000000
75886  -19.337  11.887  -31.857 0.0000000000
76804  -19.787  12.657  -32.091 0.0000000000
77726  -22.391  13.115  -33.383 0.0000000000
77727  -23.384  13.359  -33.716 0.0000000000
77728  -24.010  13.170  -34.060 0.0000000000
76843  -24.325  12.550  -34.123 0.0000000000
76845  -25.527  12.590  -34.482 0.0000000000
75929  -24.660  11.981  -34.219 0.0000000000
76846  -26.017  12.760  -34.500 0.0000000000
77729  -27.367  13.678  -33.842 0.0000000000
77730  -27.971  13.818  -33.395 0.0000000000
122318  -28.186  13.314  -33.105 0.0000000000
69821  -27.215  5.188  -31.610 0.0000000000
63093  -23.107  -3.653  -28.936 0.0000000000
111430  -23.355  -2.964  -29.418 0.0000000000
74102  -19.751  9.258  -31.634 0.0000000000
74114  -20.486  9.586  -32.144 0.0000000000
122423  -21.193  9.029  -32.338 0.0000000000
74128  -24.063  9.166  -33.504 0.0000000000
128250  -25.436  9.330  -33.756 0.0000000000
121611  -24.723  7.846  -33.389 0.0000000000
71590  -24.488  6.908  -33.167 0.0000000000
72386  -25.373  7.168  -33.361 0.0000000000
71592  -25.470  6.389  -33.223 0.0000000000
70709  -25.755  5.995  -33.098 0.0000000000
70693  -22.104  4.653  -31.712 0.0000000000
70694  -22.966  4.658  -32.123 0.0000000000
69830  -23.771  4.350  -32.422 0.0000000000
69000  -23.565  3.240  -31.957 0.0000000000
131028  -24.396  4.271  -32.583 0.0000000000
69831  -24.974  4.709  -32.791 0.0000000000
115581  -26.191  5.000  -32.508 0.0000000000
69834  -26.622  4.820  -32.068 0.0000000000
68991  -26.809  4.302  -31.463 0.0000000000
68141  -26.853  3.573  -30.948 0.0000000000
80096  -23.633  15.852  -33.949 0.0000000000
80111  -25.132  16.572  -34.743 0.0000000000
120905  -24.714  16.115  -34.658 0.0000000000
124584  -25.320  16.883  -34.697 0.0000000000
125136  -26.045  16.959  -34.681 0.0000000000
130064  -26.324  17.085  -34.629 0.0000000000
78557  -25.554  15.384  -34.579 0.0000000000
78558  -26.177  15.320  -34.549 0.0000000000
79358  -25.894  15.981  -34.619 0.0000000000
80105  -26.385  16.704  -34.605 0.0000000000
80943  -26.588  17.363  -34.567 0.0000000000
81774  -27.644  17.749  -34.103 0.0000000000
116745  -26.064  9.156  -33.751 0.0000000000
73256  -26.878  8.378  -33.313 0.0000000000
73243  -27.287  8.920  -33.060 0.0000000000
111194  -21.081  1.238  -30.796 0.0000000000
111195  -21.839  0.835  -31.139 0.0000000000
126135  -22.908  1.001  -31.625 0.0000000000
111554  -23.921  0.834  -31.659 0.0000000000
111179  -23.518  -2.322  -29.865 0.0000000000
111494  -23.668  -1.652  -30.302 0.0000000000
132877  -24.179  -1.395  -30.199 0.0000000000
126688  -24.496  0.609  -31.312 0.0000000000
71593  -26.065  6.720  -33.247 0.0000000000
76822  -22.155  12.327  -33.282 0.0000000000
77718  -20.157  13.313  -32.249 0.0000000000
78511  -18.856  14.455  -31.342 0.0000000000
78525  -20.127  13.935  -32.212 0.0000000000
78536  -21.464  14.319  -32.793 0.0000000000
79346  -23.800  15.190  -34.247 0.0000000000
79357  -25.616  15.946  -33.929 0.0000000000
111198  -22.063  1.983  -31.417 0.0000000000
111445  -23.393  0.543  -31.586 0.0000000000
126379  -25.106  16.450  -34.724 0.0000000000
126515  -25.067  -0.198  -30.043 0.0000000000
130369  -18.911  11.305  -31.643 0.0000000000
131708  -24.647  3.315  -32.335 0.0000000000
