#!ascii label  , from subject sub-p005 vox2ras=TkReg
314
111606  -28.587  2.215  -27.552 0.0000000000
70699  -26.834  5.555  -32.261 0.0000000000
81772  -26.425  17.819  -34.615 0.0000000000
78539  -28.385  14.507  -33.256 0.0000000000
74983  -29.062  10.665  -31.149 0.0000000000
72305  -30.303  7.108  -27.744 0.0000000000
82573  -26.303  18.838  -34.819 0.0000000000
76809  -28.686  13.194  -32.567 0.0000000000
74132  -26.989  9.914  -33.515 0.0000000000
69801  -27.919  4.420  -30.071 0.0000000000
71543  -28.707  6.348  -30.092 0.0000000000
69780  -29.903  4.904  -27.641 0.0000000000
126732  -25.584  -2.170  -27.669 0.0000000000
126599  -26.490  1.736  -29.873 0.0000000000
85990  -25.738  24.302  -34.134 0.0000000000
85358  -25.856  23.276  -35.031 0.0000000000
84046  -27.167  21.493  -35.329 0.0000000000
83313  -28.140  20.344  -34.490 0.0000000000
82556  -28.924  19.287  -33.599 0.0000000000
79350  -27.523  16.022  -34.109 0.0000000000
80926  -29.384  17.017  -32.724 0.0000000000
79320  -30.464  15.631  -31.746 0.0000000000
118536  -30.584  13.436  -30.673 0.0000000000
75845  -30.791  11.728  -29.074 0.0000000000
72361  -28.124  7.795  -31.686 0.0000000000
73199  -29.898  8.754  -29.662 0.0000000000
75019  -26.582  10.653  -33.878 0.0000000000
74131  -26.366  9.900  -33.835 0.0000000000
68971  -27.832  3.281  -29.299 0.0000000000
69793  -28.797  4.878  -29.007 0.0000000000
111156  -28.890  3.485  -28.103 0.0000000000
60049  -26.556  -6.241  -25.152 0.0000000000
62175  -26.393  -4.963  -25.687 0.0000000000
62190  -26.728  -4.205  -25.983 0.0000000000
68151  -25.814  2.696  -31.658 0.0000000000
111431  -25.105  1.276  -31.208 0.0000000000
84705  -26.297  22.683  -35.373 0.0000000000
81783  -26.511  18.379  -34.658 0.0000000000
83312  -27.342  19.598  -34.758 0.0000000000
82565  -27.076  18.752  -34.609 0.0000000000
83314  -28.875  20.202  -33.974 0.0000000000
116198  -27.385  18.330  -34.364 0.0000000000
79340  -28.104  15.298  -33.623 0.0000000000
80098  -28.349  16.462  -33.512 0.0000000000
79341  -28.713  15.736  -33.139 0.0000000000
80092  -30.376  16.246  -32.045 0.0000000000
79332  -29.373  15.183  -32.511 0.0000000000
75873  -28.982  11.584  -31.542 0.0000000000
76798  -30.043  13.205  -31.217 0.0000000000
76785  -30.282  12.619  -30.562 0.0000000000
76770  -30.794  12.851  -29.992 0.0000000000
75843  -29.955  11.189  -30.079 0.0000000000
130274  -26.661  6.854  -32.996 0.0000000000
118907  -27.223  8.004  -32.923 0.0000000000
71566  -27.630  6.923  -31.942 0.0000000000
71526  -29.545  6.670  -28.831 0.0000000000
115782  -29.662  8.055  -29.686 0.0000000000
73186  -30.061  8.158  -28.977 0.0000000000
74057  -30.843  9.386  -28.005 0.0000000000
73175  -30.849  8.518  -27.546 0.0000000000
111057  -26.705  -1.848  -26.942 0.0000000000
127045  -25.155  -1.291  -28.970 0.0000000000
64817  -26.835  -1.048  -27.326 0.0000000000
132428  -26.985  0.162  -27.810 0.0000000000
76825  -26.962  12.855  -33.991 0.0000000000
77721  -28.603  13.877  -32.917 0.0000000000
76807  -27.473  12.032  -33.408 0.0000000000
75890  -27.911  11.729  -32.757 0.0000000000
74982  -28.521  10.733  -31.823 0.0000000000
69810  -27.576  4.817  -30.879 0.0000000000
71567  -27.880  6.388  -31.274 0.0000000000
70672  -28.182  5.158  -30.235 0.0000000000
70648  -29.155  5.485  -28.873 0.0000000000
70631  -29.977  5.741  -27.665 0.0000000000
111155  -26.526  -2.678  -26.712 0.0000000000
69833  -26.030  4.056  -32.194 0.0000000000
68990  -26.251  3.415  -31.675 0.0000000000
133315  -26.938  3.029  -30.483 0.0000000000
111356  -27.451  1.867  -28.575 0.0000000000
121534  -25.839  26.274  -34.194 0.0000000000
85342  -25.167  23.496  -34.011 0.0000000000
85998  -25.687  23.821  -34.514 0.0000000000
86013  -26.844  24.327  -35.674 0.0000000000
85360  -27.482  23.474  -35.575 0.0000000000
84706  -28.137  22.788  -35.345 0.0000000000
121231  -26.742  20.709  -35.272 0.0000000000
83324  -27.491  20.713  -34.987 0.0000000000
84685  -28.696  22.243  -34.883 0.0000000000
84029  -29.182  21.752  -34.344 0.0000000000
83297  -29.649  20.181  -33.405 0.0000000000
82557  -29.736  19.361  -32.956 0.0000000000
80944  -27.244  17.243  -34.303 0.0000000000
80936  -27.951  17.121  -33.786 0.0000000000
124341  -29.050  17.568  -33.046 0.0000000000
81753  -30.442  18.461  -32.275 0.0000000000
80928  -30.609  17.755  -32.034 0.0000000000
79321  -30.876  15.715  -31.243 0.0000000000
78532  -29.726  14.456  -32.173 0.0000000000
78520  -30.267  14.430  -31.604 0.0000000000
114127  -26.660  9.090  -33.523 0.0000000000
74117  -27.874  9.136  -32.289 0.0000000000
74103  -28.532  9.297  -31.501 0.0000000000
72346  -28.743  7.679  -30.796 0.0000000000
72347  -29.299  8.429  -30.351 0.0000000000
74947  -30.045  10.311  -29.799 0.0000000000
74948  -30.490  10.244  -29.119 0.0000000000
74935  -31.263  10.831  -28.071 0.0000000000
111308  -26.236  0.748  -29.137 0.0000000000
126517  -27.334  1.167  -28.159 0.0000000000
111108  -28.590  1.536  -27.129 0.0000000000
126571  -28.239  3.040  -28.559 0.0000000000
126613  -29.113  2.853  -27.459 0.0000000000
111118  -29.663  2.872  -26.922 0.0000000000
60050  -27.439  -6.122  -25.114 0.0000000000
61163  -26.060  -5.666  -25.478 0.0000000000
61164  -26.920  -5.550  -25.432 0.0000000000
133218  -26.800  18.188  -34.572 0.0000000000
81773  -26.958  17.777  -34.489 0.0000000000
78538  -27.739  14.508  -33.730 0.0000000000
79331  -28.702  15.046  -33.013 0.0000000000
78531  -29.009  14.490  -32.679 0.0000000000
76784  -29.608  12.312  -31.113 0.0000000000
75858  -29.505  11.359  -30.760 0.0000000000
75859  -29.962  11.906  -30.443 0.0000000000
70698  -26.353  5.962  -32.832 0.0000000000
120576  -27.048  6.400  -32.492 0.0000000000
72316  -29.944  7.307  -28.490 0.0000000000
113154  -30.400  7.909  -28.091 0.0000000000
72298  -30.699  7.630  -27.334 0.0000000000
73167  -31.185  7.953  -26.819 0.0000000000
133028  -30.921  7.402  -26.866 0.0000000000
112697  -27.296  -1.479  -26.787 0.0000000000
129886  -27.102  12.260  -33.834 0.0000000000
76826  -27.561  12.951  -33.511 0.0000000000
75020  -27.027  10.712  -33.613 0.0000000000
75889  -27.425  11.174  -33.308 0.0000000000
75003  -27.364  10.455  -33.237 0.0000000000
75004  -27.876  10.748  -32.614 0.0000000000
124874  -27.569  9.834  -32.832 0.0000000000
120736  -29.356  4.757  -28.264 0.0000000000
70630  -29.589  5.346  -28.175 0.0000000000
71513  -29.559  5.966  -28.451 0.0000000000
69773  -30.398  5.151  -27.009 0.0000000000
61162  -24.739  -6.119  -25.532 0.0000000000
122691  -24.836  -6.670  -25.161 0.0000000000
63064  -26.620  -3.470  -26.348 0.0000000000
63065  -27.288  -2.990  -26.275 0.0000000000
126643  -26.042  2.333  -31.127 0.0000000000
126648  -26.436  2.882  -31.121 0.0000000000
126550  -26.596  2.366  -30.371 0.0000000000
126642  -27.277  2.811  -29.793 0.0000000000
111337  -27.041  2.114  -29.433 0.0000000000
115954  -26.090  24.676  -33.565 0.0000000000
86727  -26.278  25.454  -33.407 0.0000000000
118876  -26.009  25.295  -34.229 0.0000000000
85345  -25.246  23.024  -34.553 0.0000000000
86012  -26.161  24.139  -35.122 0.0000000000
85359  -26.569  23.393  -35.470 0.0000000000
122140  -27.167  22.480  -35.471 0.0000000000
83323  -26.834  19.728  -35.096 0.0000000000
84028  -28.385  21.327  -34.703 0.0000000000
116206  -28.860  20.971  -34.268 0.0000000000
79349  -26.960  16.037  -34.434 0.0000000000
80106  -27.009  16.857  -34.408 0.0000000000
80107  -27.642  16.609  -33.994 0.0000000000
80937  -28.681  17.024  -33.271 0.0000000000
81765  -29.935  18.690  -32.634 0.0000000000
81752  -29.801  17.824  -32.581 0.0000000000
80927  -30.164  16.993  -32.294 0.0000000000
79333  -29.944  15.691  -32.221 0.0000000000
80082  -30.749  16.151  -31.588 0.0000000000
80083  -31.192  16.413  -31.217 0.0000000000
77722  -29.277  13.822  -32.371 0.0000000000
129860  -30.317  13.871  -31.255 0.0000000000
78506  -30.751  14.335  -30.864 0.0000000000
124128  -31.075  15.173  -30.789 0.0000000000
76771  -30.902  12.378  -29.411 0.0000000000
76759  -31.285  12.294  -28.822 0.0000000000
73255  -26.367  8.343  -33.533 0.0000000000
72360  -27.571  7.642  -32.391 0.0000000000
72375  -27.708  8.324  -32.409 0.0000000000
73227  -28.177  8.585  -31.819 0.0000000000
71554  -28.339  6.364  -30.653 0.0000000000
121627  -28.271  7.009  -31.118 0.0000000000
72331  -28.756  6.926  -30.399 0.0000000000
74090  -29.635  9.473  -30.232 0.0000000000
74077  -30.178  9.527  -29.471 0.0000000000
74923  -31.308  10.046  -27.700 0.0000000000
74067  -30.853  10.167  -28.395 0.0000000000
126596  -28.090  0.167  -26.914 0.0000000000
111400  -27.451  0.552  -27.636 0.0000000000
131665  -27.690  1.070  -27.696 0.0000000000
126617  -28.075  0.957  -27.309 0.0000000000
75913  -26.923  11.450  -33.833 0.0000000000
127951  -27.989  3.891  -29.518 0.0000000000
112925  -28.391  4.362  -29.266 0.0000000000
68962  -28.358  3.735  -28.863 0.0000000000
68963  -28.857  4.245  -28.561 0.0000000000
127350  -29.316  4.092  -27.991 0.0000000000
69772  -30.251  4.249  -27.021 0.0000000000
111328  -29.635  3.595  -27.393 0.0000000000
111543  -30.324  3.293  -26.581 0.0000000000
60048  -25.588  -6.355  -25.231 0.0000000000
119948  -26.053  -3.901  -26.315 0.0000000000
62176  -27.256  -4.838  -25.648 0.0000000000
68161  -25.192  2.470  -31.901 0.0000000000
67331  -25.451  2.079  -31.432 0.0000000000
112182  -25.914  1.701  -30.672 0.0000000000
85989  -25.728  23.891  -33.209 0.0000000000
84704  -25.615  22.448  -35.120 0.0000000000
84045  -26.386  21.739  -35.358 0.0000000000
134388  -26.770  19.021  -34.772 0.0000000000
82566  -27.987  19.252  -34.278 0.0000000000
82555  -28.227  18.427  -33.863 0.0000000000
121447  -28.060  16.014  -33.701 0.0000000000
80099  -29.004  16.395  -32.907 0.0000000000
80091  -29.723  16.333  -32.456 0.0000000000
121544  -29.353  15.847  -32.619 0.0000000000
79319  -30.092  15.062  -31.928 0.0000000000
76797  -28.637  12.282  -32.203 0.0000000000
116191  -29.346  13.023  -31.845 0.0000000000
132802  -29.155  12.312  -31.670 0.0000000000
77704  -31.203  13.693  -30.030 0.0000000000
75844  -30.436  11.976  -29.845 0.0000000000
72388  -26.722  7.643  -33.225 0.0000000000
133578  -26.414  7.199  -33.241 0.0000000000
71581  -27.164  7.229  -32.732 0.0000000000
71544  -29.125  6.705  -29.617 0.0000000000
72315  -29.586  7.412  -29.273 0.0000000000
131919  -30.262  8.931  -29.082 0.0000000000
74078  -30.527  9.500  -28.760 0.0000000000
73187  -30.496  8.735  -28.417 0.0000000000
74058  -31.294  9.256  -27.318 0.0000000000
74059  -31.766  9.862  -26.972 0.0000000000
73176  -31.316  8.652  -26.967 0.0000000000
111435  -26.150  -2.220  -27.197 0.0000000000
111340  -25.471  -1.550  -28.227 0.0000000000
111393  -26.132  -1.631  -27.517 0.0000000000
64831  -26.080  -1.012  -27.887 0.0000000000
111167  -26.487  -0.280  -27.981 0.0000000000
111309  -26.028  0.109  -28.827 0.0000000000
126598  -27.280  -0.221  -27.403 0.0000000000
77729  -27.367  13.678  -33.842 0.0000000000
77730  -27.971  13.818  -33.395 0.0000000000
122318  -28.186  13.314  -33.105 0.0000000000
76808  -28.045  12.616  -32.934 0.0000000000
75872  -28.383  11.413  -32.183 0.0000000000
69821  -27.215  5.188  -31.610 0.0000000000
70684  -27.436  5.994  -31.808 0.0000000000
70671  -27.861  5.674  -30.949 0.0000000000
120453  -28.450  5.807  -30.179 0.0000000000
69802  -28.421  4.854  -29.650 0.0000000000
126881  -28.662  5.368  -29.591 0.0000000000
70663  -28.894  5.963  -29.579 0.0000000000
123619  -29.257  6.134  -29.082 0.0000000000
71514  -29.890  6.532  -28.088 0.0000000000
128401  -30.261  6.434  -27.487 0.0000000000
71507  -30.675  6.855  -27.005 0.0000000000
70622  -30.504  5.982  -26.969 0.0000000000
60031  -24.464  -7.223  -24.909 0.0000000000
63077  -25.009  -2.727  -27.750 0.0000000000
63063  -25.872  -3.378  -26.728 0.0000000000
63951  -25.716  -2.762  -27.218 0.0000000000
111138  -27.938  -2.631  -26.133 0.0000000000
115581  -26.191  5.000  -32.508 0.0000000000
69834  -26.622  4.820  -32.068 0.0000000000
68991  -26.809  4.302  -31.463 0.0000000000
68981  -27.327  4.151  -30.716 0.0000000000
68141  -26.853  3.573  -30.948 0.0000000000
112608  -27.460  3.590  -30.125 0.0000000000
126729  -27.632  2.590  -28.955 0.0000000000
127060  -28.049  2.368  -28.196 0.0000000000
85341  -24.972  23.051  -33.185 0.0000000000
129005  -26.059  24.945  -34.805 0.0000000000
114232  -27.790  24.255  -35.708 0.0000000000
85361  -28.393  23.662  -35.396 0.0000000000
84707  -28.976  23.109  -35.010 0.0000000000
84047  -27.887  21.826  -35.235 0.0000000000
84686  -29.477  22.621  -34.454 0.0000000000
84030  -29.926  22.114  -33.891 0.0000000000
84013  -29.596  21.143  -33.757 0.0000000000
130064  -26.324  17.085  -34.629 0.0000000000
80943  -26.588  17.363  -34.567 0.0000000000
81774  -27.644  17.749  -34.103 0.0000000000
125825  -28.439  17.693  -33.576 0.0000000000
81764  -29.143  18.384  -33.181 0.0000000000
80916  -30.848  16.903  -31.713 0.0000000000
80905  -31.529  17.245  -31.182 0.0000000000
77715  -29.906  13.819  -31.792 0.0000000000
120146  -30.598  15.052  -31.395 0.0000000000
116745  -26.064  9.156  -33.751 0.0000000000
73256  -26.878  8.378  -33.313 0.0000000000
73243  -27.287  8.920  -33.060 0.0000000000
125470  -28.159  9.959  -32.074 0.0000000000
123678  -28.689  10.083  -31.481 0.0000000000
72332  -29.207  7.535  -30.029 0.0000000000
73214  -28.653  8.473  -31.159 0.0000000000
74089  -29.037  9.098  -30.816 0.0000000000
74104  -29.097  9.834  -30.919 0.0000000000
74965  -29.558  10.457  -30.472 0.0000000000
120164  -30.411  11.063  -29.432 0.0000000000
75831  -30.825  10.945  -28.745 0.0000000000
75832  -31.264  11.570  -28.439 0.0000000000
127946  -25.574  0.998  -30.471 0.0000000000
111174  -26.112  1.162  -29.835 0.0000000000
111322  -26.746  0.556  -28.345 0.0000000000
111311  -26.749  1.355  -29.028 0.0000000000
126600  -27.947  1.603  -27.773 0.0000000000
60032  -25.319  -7.085  -24.788 0.0000000000
75931  -26.609  12.080  -34.140 0.0000000000
111168  -28.587  2.794  -27.965 0.0000000000
111496  -27.396  -2.162  -26.509 0.0000000000
111557  -28.670  0.878  -26.751 0.0000000000
119162  -29.708  4.319  -27.656 0.0000000000
