#!ascii label  , from subject sub-p005 vox2ras=TkReg
314
121336  44.316  -52.141  -17.352 0.0000000000
10562  34.754  -56.067  -15.178 0.0000000000
12164  41.534  -54.794  -12.451 0.0000000000
11413  40.304  -55.439  -18.297 0.0000000000
7684  38.575  -61.151  -12.218 0.0000000000
9115  41.431  -58.987  -13.497 0.0000000000
6218  39.739  -62.536  -10.819 0.0000000000
12185  38.425  -54.422  -14.595 0.0000000000
14846  39.552  -51.866  -19.590 0.0000000000
12985  44.089  -53.432  -15.664 0.0000000000
11386  41.594  -56.381  -16.419 0.0000000000
117673  39.683  -57.212  -14.595 0.0000000000
123167  36.383  -57.968  -13.229 0.0000000000
7719  36.166  -61.185  -15.638 0.0000000000
111543  42.171  -50.731  -14.290 0.0000000000
14771  45.680  -51.615  -13.945 0.0000000000
12944  44.976  -53.226  -11.778 0.0000000000
13927  42.935  -52.924  -22.082 0.0000000000
8414  40.533  -60.493  -10.140 0.0000000000
11357  36.426  -54.912  -13.781 0.0000000000
13862  37.238  -52.597  -15.672 0.0000000000
12183  41.908  -54.030  -14.220 0.0000000000
11365  41.514  -56.100  -14.742 0.0000000000
8451  40.588  -60.073  -12.922 0.0000000000
9128  40.791  -58.653  -14.348 0.0000000000
9118  39.172  -58.729  -12.983 0.0000000000
9792  37.666  -57.269  -12.879 0.0000000000
8441  36.969  -59.643  -12.680 0.0000000000
7720  35.715  -60.369  -15.783 0.0000000000
14762  46.025  -51.792  -12.420 0.0000000000
13834  45.547  -52.442  -12.542 0.0000000000
13822  46.103  -52.612  -11.310 0.0000000000
11424  42.433  -55.206  -19.069 0.0000000000
12248  41.798  -54.310  -20.234 0.0000000000
15739  39.475  -50.194  -19.579 0.0000000000
132344  40.966  -51.023  -20.813 0.0000000000
10522  41.168  -56.808  -10.721 0.0000000000
121593  41.437  -57.549  -13.596 0.0000000000
9093  41.374  -59.251  -12.063 0.0000000000
7681  40.767  -60.820  -11.822 0.0000000000
6931  39.359  -62.512  -11.674 0.0000000000
11388  39.154  -54.751  -16.314 0.0000000000
12243  39.929  -54.168  -19.262 0.0000000000
13010  38.523  -53.584  -17.569 0.0000000000
13906  38.004  -51.989  -18.196 0.0000000000
10585  33.708  -56.159  -16.815 0.0000000000
12997  45.275  -52.975  -16.832 0.0000000000
11396  42.502  -55.582  -17.761 0.0000000000
10588  41.403  -56.401  -17.389 0.0000000000
9804  41.387  -58.107  -14.752 0.0000000000
9837  40.913  -57.671  -15.845 0.0000000000
11379  39.884  -56.370  -16.086 0.0000000000
11367  38.824  -55.322  -14.439 0.0000000000
10546  37.254  -56.408  -13.234 0.0000000000
10548  35.678  -56.635  -14.099 0.0000000000
6933  37.254  -61.569  -13.071 0.0000000000
8461  36.150  -60.160  -13.915 0.0000000000
9139  35.281  -58.933  -15.361 0.0000000000
128074  34.550  -57.633  -16.311 0.0000000000
14791  41.501  -51.077  -16.025 0.0000000000
14789  44.027  -51.478  -16.094 0.0000000000
15672  44.248  -50.916  -14.635 0.0000000000
14787  45.470  -51.689  -15.691 0.0000000000
13852  45.528  -52.097  -14.854 0.0000000000
12960  43.854  -52.936  -13.426 0.0000000000
12946  43.054  -53.587  -12.614 0.0000000000
12151  44.008  -54.922  -10.480 0.0000000000
11339  42.118  -55.348  -11.224 0.0000000000
13929  41.393  -52.498  -21.140 0.0000000000
14826  43.194  -52.078  -17.881 0.0000000000
126337  44.081  -52.460  -17.995 0.0000000000
117919  35.579  -55.032  -14.155 0.0000000000
12188  35.918  -54.202  -14.140 0.0000000000
12173  41.505  -54.568  -13.526 0.0000000000
115302  41.954  -54.510  -15.058 0.0000000000
120475  41.273  -55.581  -13.443 0.0000000000
8439  38.830  -60.093  -12.347 0.0000000000
9103  39.575  -59.696  -12.743 0.0000000000
9104  38.683  -59.135  -12.579 0.0000000000
9105  38.144  -59.170  -12.467 0.0000000000
8440  37.845  -59.851  -12.398 0.0000000000
7749  36.684  -61.387  -17.864 0.0000000000
13821  46.392  -52.070  -11.478 0.0000000000
11412  41.018  -55.585  -18.627 0.0000000000
12240  42.206  -54.792  -19.700 0.0000000000
11426  41.008  -55.058  -19.196 0.0000000000
16642  40.386  -49.412  -20.537 0.0000000000
9764  41.253  -58.274  -12.090 0.0000000000
9094  40.792  -58.418  -10.930 0.0000000000
7663  40.530  -61.275  -10.633 0.0000000000
8424  40.874  -60.520  -11.058 0.0000000000
7673  40.399  -61.537  -11.224 0.0000000000
7682  40.359  -61.213  -11.727 0.0000000000
6918  39.931  -62.194  -11.193 0.0000000000
12197  38.726  -54.311  -15.502 0.0000000000
12215  38.790  -54.169  -17.092 0.0000000000
12999  38.572  -53.910  -16.181 0.0000000000
13892  37.814  -52.429  -17.547 0.0000000000
14828  37.458  -51.563  -17.614 0.0000000000
15734  38.368  -50.676  -18.628 0.0000000000
126248  45.167  -53.027  -16.163 0.0000000000
12998  44.641  -53.579  -16.524 0.0000000000
10598  41.936  -55.907  -17.929 0.0000000000
10581  41.448  -56.644  -16.792 0.0000000000
9778  41.468  -58.298  -13.143 0.0000000000
124257  41.511  -57.749  -14.409 0.0000000000
9126  41.277  -58.534  -14.278 0.0000000000
9805  40.295  -58.072  -14.666 0.0000000000
9819  40.939  -58.212  -15.135 0.0000000000
9820  40.458  -57.648  -15.388 0.0000000000
10572  40.473  -57.200  -16.064 0.0000000000
10559  39.825  -56.802  -15.339 0.0000000000
11366  39.407  -55.821  -15.213 0.0000000000
10560  39.215  -56.240  -14.453 0.0000000000
9780  37.156  -57.973  -12.715 0.0000000000
9793  36.643  -57.161  -13.151 0.0000000000
10547  36.407  -56.400  -13.536 0.0000000000
9794  35.795  -57.569  -13.912 0.0000000000
5565  36.887  -64.092  -16.588 0.0000000000
6965  36.635  -62.100  -15.737 0.0000000000
6275  37.028  -62.920  -15.175 0.0000000000
6956  36.589  -61.768  -14.729 0.0000000000
111692  36.502  -61.070  -13.845 0.0000000000
7706  35.964  -60.524  -14.789 0.0000000000
130856  35.197  -59.555  -16.654 0.0000000000
8484  35.319  -59.651  -15.993 0.0000000000
9156  34.969  -59.004  -16.229 0.0000000000
9140  34.944  -58.265  -15.835 0.0000000000
127663  34.707  -58.452  -16.521 0.0000000000
15688  40.970  -50.608  -15.386 0.0000000000
15687  42.120  -51.046  -15.109 0.0000000000
14790  42.670  -51.381  -16.038 0.0000000000
15662  45.557  -51.259  -13.604 0.0000000000
15664  44.061  -50.669  -13.710 0.0000000000
15663  45.106  -50.920  -14.223 0.0000000000
15671  45.052  -51.079  -15.053 0.0000000000
14778  45.485  -51.512  -15.152 0.0000000000
13860  45.571  -51.818  -15.416 0.0000000000
13851  45.600  -51.669  -14.699 0.0000000000
12959  44.883  -52.683  -12.951 0.0000000000
12945  44.142  -53.405  -12.145 0.0000000000
12114  43.114  -55.556  -9.359 0.0000000000
11337  43.538  -55.564  -9.900 0.0000000000
12152  43.157  -55.113  -10.796 0.0000000000
13033  39.731  -53.334  -19.516 0.0000000000
13040  40.472  -53.207  -20.210 0.0000000000
13921  40.628  -52.522  -20.497 0.0000000000
15754  41.907  -50.824  -21.739 0.0000000000
12187  36.907  -54.120  -14.039 0.0000000000
12987  37.594  -53.146  -15.076 0.0000000000
12973  42.818  -53.794  -15.130 0.0000000000
12194  43.430  -54.113  -16.200 0.0000000000
11378  41.567  -56.387  -15.713 0.0000000000
8450  41.093  -59.899  -13.191 0.0000000000
9116  41.146  -59.071  -13.812 0.0000000000
9117  40.488  -59.336  -13.506 0.0000000000
9790  39.856  -58.397  -13.824 0.0000000000
126759  39.504  -57.574  -13.952 0.0000000000
9791  38.714  -57.602  -13.222 0.0000000000
9779  38.109  -58.314  -12.621 0.0000000000
9106  37.459  -58.879  -12.551 0.0000000000
9119  36.615  -58.709  -12.911 0.0000000000
7734  36.224  -61.082  -17.058 0.0000000000
7750  35.870  -60.503  -17.691 0.0000000000
115115  45.802  -51.615  -13.221 0.0000000000
113773  45.845  -51.916  -13.209 0.0000000000
13833  45.976  -52.226  -12.114 0.0000000000
12943  45.619  -52.939  -11.529 0.0000000000
12247  42.708  -54.223  -20.410 0.0000000000
13038  42.136  -53.780  -20.864 0.0000000000
114407  39.797  -51.025  -19.826 0.0000000000
14853  40.185  -51.821  -20.161 0.0000000000
15746  40.719  -50.260  -20.657 0.0000000000
16651  41.076  -49.504  -21.135 0.0000000000
11347  41.128  -55.892  -11.818 0.0000000000
10534  41.177  -56.521  -13.032 0.0000000000
114265  41.020  -57.173  -12.235 0.0000000000
133720  41.560  -58.991  -12.810 0.0000000000
8430  41.317  -60.079  -11.991 0.0000000000
8436  41.232  -60.213  -12.540 0.0000000000
8437  40.816  -60.442  -12.426 0.0000000000
7683  39.613  -61.425  -11.936 0.0000000000
12229  39.719  -54.924  -18.189 0.0000000000
12228  40.265  -54.918  -18.868 0.0000000000
12230  39.074  -54.188  -18.040 0.0000000000
13022  39.263  -53.767  -18.815 0.0000000000
13034  38.934  -52.922  -18.878 0.0000000000
13011  38.096  -53.045  -17.121 0.0000000000
13905  38.332  -52.724  -18.241 0.0000000000
13916  38.954  -52.061  -19.074 0.0000000000
14847  39.056  -51.071  -19.199 0.0000000000
15740  38.800  -50.084  -19.068 0.0000000000
119219  34.357  -56.204  -15.808 0.0000000000
14806  45.115  -52.082  -16.792 0.0000000000
13890  44.798  -52.539  -17.549 0.0000000000
13889  45.121  -52.634  -17.182 0.0000000000
11411  41.867  -55.639  -18.544 0.0000000000
11397  40.666  -56.007  -17.965 0.0000000000
10571  41.355  -57.118  -16.015 0.0000000000
9138  41.180  -58.261  -14.848 0.0000000000
9818  41.141  -57.830  -15.469 0.0000000000
9836  41.069  -57.336  -16.250 0.0000000000
10582  41.070  -56.974  -16.886 0.0000000000
10583  40.543  -56.746  -16.801 0.0000000000
10590  40.399  -56.187  -17.393 0.0000000000
11387  39.813  -55.751  -16.847 0.0000000000
11380  39.102  -54.944  -15.276 0.0000000000
116280  38.121  -56.526  -13.283 0.0000000000
130557  37.693  -55.676  -13.487 0.0000000000
11356  38.128  -54.997  -13.794 0.0000000000
122241  36.855  -55.641  -13.526 0.0000000000
11358  36.017  -55.737  -13.841 0.0000000000
10561  35.092  -56.703  -14.885 0.0000000000
122066  37.048  -63.329  -15.926 0.0000000000
7685  37.536  -60.770  -12.554 0.0000000000
7695  36.686  -60.411  -13.165 0.0000000000
8452  36.276  -59.464  -13.431 0.0000000000
9120  35.972  -58.568  -13.714 0.0000000000
8468  35.560  -59.762  -15.272 0.0000000000
8453  35.726  -59.397  -14.428 0.0000000000
9129  35.494  -58.388  -14.552 0.0000000000
9806  35.337  -57.762  -14.726 0.0000000000
9821  35.005  -57.506  -15.336 0.0000000000
10573  34.650  -56.814  -15.674 0.0000000000
10584  34.141  -56.701  -16.471 0.0000000000
16617  41.065  -50.294  -17.589 0.0000000000
15721  41.085  -50.771  -16.845 0.0000000000
131471  41.466  -51.103  -17.446 0.0000000000
14809  41.937  -51.416  -16.813 0.0000000000
14808  43.223  -51.777  -16.944 0.0000000000
14807  44.549  -51.802  -16.685 0.0000000000
15654  44.317  -50.500  -12.772 0.0000000000
15673  43.075  -50.883  -14.521 0.0000000000
15686  43.515  -51.183  -15.283 0.0000000000
15685  44.713  -51.250  -15.419 0.0000000000
14788  45.124  -51.601  -16.060 0.0000000000
130665  45.564  -51.982  -16.010 0.0000000000
13861  45.441  -52.360  -15.943 0.0000000000
12984  44.959  -52.808  -15.418 0.0000000000
13845  45.545  -52.159  -13.704 0.0000000000
12971  44.855  -52.532  -14.238 0.0000000000
12972  43.852  -53.085  -14.660 0.0000000000
12961  42.784  -53.374  -13.876 0.0000000000
12172  42.013  -53.923  -13.067 0.0000000000
12162  43.584  -54.278  -11.447 0.0000000000
12163  42.456  -54.412  -11.911 0.0000000000
13032  40.488  -53.863  -19.843 0.0000000000
13039  41.235  -53.689  -20.461 0.0000000000
13928  42.218  -52.826  -21.668 0.0000000000
14852  40.827  -51.759  -20.722 0.0000000000
125069  41.990  -52.254  -21.686 0.0000000000
6909  40.091  -61.922  -10.580 0.0000000000
6917  40.150  -62.056  -10.904 0.0000000000
7671  41.002  -60.611  -11.816 0.0000000000
7672  40.666  -61.143  -11.261 0.0000000000
7735  35.606  -60.276  -16.693 0.0000000000
8438  40.018  -60.577  -12.330 0.0000000000
8449  41.366  -59.607  -13.199 0.0000000000
9102  41.459  -59.594  -12.770 0.0000000000
9127  41.103  -58.524  -14.523 0.0000000000
9789  41.472  -58.297  -14.040 0.0000000000
10544  38.961  -56.757  -13.765 0.0000000000
10545  38.506  -55.848  -13.763 0.0000000000
10587  41.883  -56.089  -17.388 0.0000000000
10589  40.945  -56.550  -17.456 0.0000000000
10599  41.324  -56.086  -18.002 0.0000000000
11309  43.300  -55.665  -9.507 0.0000000000
11368  35.318  -55.904  -14.471 0.0000000000
11369  34.838  -55.202  -14.754 0.0000000000
11398  40.009  -55.571  -17.712 0.0000000000
11425  41.696  -55.239  -19.154 0.0000000000
12174  37.303  -54.919  -13.681 0.0000000000
12184  41.509  -54.963  -14.424 0.0000000000
12186  37.713  -54.394  -13.999 0.0000000000
12214  39.416  -54.880  -17.386 0.0000000000
12241  41.426  -54.725  -19.643 0.0000000000
12242  40.672  -54.512  -19.493 0.0000000000
12249  41.096  -54.240  -19.972 0.0000000000
12974  37.722  -53.786  -14.503 0.0000000000
12975  36.333  -53.430  -14.417 0.0000000000
12986  38.256  -53.701  -15.266 0.0000000000
13000  38.025  -53.138  -16.089 0.0000000000
13023  38.676  -53.411  -18.263 0.0000000000
13046  42.538  -53.300  -21.494 0.0000000000
13047  41.737  -53.247  -21.137 0.0000000000
13844  45.699  -51.933  -13.947 0.0000000000
13878  37.546  -52.526  -16.636 0.0000000000
13891  38.267  -53.061  -17.791 0.0000000000
13915  39.405  -52.586  -19.406 0.0000000000
13922  39.971  -52.589  -19.917 0.0000000000
14779  45.313  -51.441  -15.446 0.0000000000
14805  45.433  -51.886  -16.183 0.0000000000
14840  38.453  -51.551  -18.646 0.0000000000
14841  37.874  -51.131  -18.169 0.0000000000
14860  41.498  -51.532  -21.330 0.0000000000
15670  45.493  -51.372  -14.515 0.0000000000
15747  40.107  -50.203  -20.127 0.0000000000
15755  41.305  -50.517  -21.177 0.0000000000
110836  40.419  -61.683  -10.910 0.0000000000
112357  35.206  -58.156  -15.185 0.0000000000
119538  38.516  -52.273  -18.614 0.0000000000
122741  35.996  -60.884  -16.332 0.0000000000
123502  41.059  -53.062  -20.725 0.0000000000
123833  35.356  -57.229  -14.599 0.0000000000
125880  45.356  -52.274  -16.465 0.0000000000
126961  40.416  -51.008  -20.372 0.0000000000
128187  39.599  -54.405  -18.664 0.0000000000
128204  39.467  -55.513  -15.942 0.0000000000
128567  45.001  -50.795  -13.451 0.0000000000
131127  40.874  -57.302  -16.412 0.0000000000
131720  44.853  -53.235  -15.972 0.0000000000
132833  38.400  -53.561  -16.836 0.0000000000
133058  36.079  -56.929  -13.641 0.0000000000
133444  36.883  -62.741  -15.873 0.0000000000
