#!ascii label  , from subject sub-p005 vox2ras=TkReg
206
73458  27.589  10.744  -31.607 0.0000000000
117213  27.604  2.748  -28.441 0.0000000000
132090  26.745  15.510  -32.753 0.0000000000
83322  25.416  23.097  -33.811 0.0000000000
64581  26.375  0.651  -28.675 0.0000000000
80130  28.739  17.929  -32.982 0.0000000000
81791  28.153  19.674  -33.998 0.0000000000
111661  27.029  8.788  -31.850 0.0000000000
69999  27.504  6.268  -30.653 0.0000000000
71742  28.146  8.560  -29.943 0.0000000000
127410  28.244  13.272  -30.718 0.0000000000
125451  28.605  10.891  -28.627 0.0000000000
133441  27.030  12.949  -32.399 0.0000000000
110232  28.237  15.474  -32.001 0.0000000000
82578  25.546  21.362  -33.473 0.0000000000
83332  28.058  21.843  -35.113 0.0000000000
68200  28.533  4.865  -27.752 0.0000000000
80149  27.236  17.825  -33.574 0.0000000000
80985  27.484  19.476  -34.086 0.0000000000
72580  27.281  9.451  -31.810 0.0000000000
71750  27.324  8.672  -31.473 0.0000000000
110223  27.880  10.136  -31.132 0.0000000000
65590  26.672  1.572  -29.107 0.0000000000
125453  26.439  13.947  -32.584 0.0000000000
125416  27.537  14.345  -32.396 0.0000000000
110330  27.223  15.086  -32.677 0.0000000000
80957  29.114  19.599  -32.547 0.0000000000
125427  29.101  18.088  -31.768 0.0000000000
83313  24.258  22.758  -32.432 0.0000000000
81779  24.377  20.509  -32.588 0.0000000000
116887  25.922  22.177  -33.964 0.0000000000
84885  27.143  23.906  -37.430 0.0000000000
84880  27.554  23.581  -36.684 0.0000000000
83333  27.436  22.388  -36.073 0.0000000000
84105  28.210  23.268  -34.977 0.0000000000
83321  28.311  21.897  -34.323 0.0000000000
120693  28.225  6.990  -29.191 0.0000000000
69079  28.114  5.628  -29.246 0.0000000000
63684  25.490  -0.602  -28.801 0.0000000000
125446  27.206  16.187  -32.782 0.0000000000
79312  27.380  17.477  -33.281 0.0000000000
118849  28.523  18.590  -33.529 0.0000000000
81768  28.949  20.402  -32.911 0.0000000000
70021  26.829  6.623  -31.460 0.0000000000
70920  26.967  7.369  -31.362 0.0000000000
70906  27.745  7.832  -30.504 0.0000000000
70884  28.435  7.661  -28.671 0.0000000000
110343  27.634  12.303  -31.736 0.0000000000
110437  27.899  10.975  -30.865 0.0000000000
110407  28.305  12.676  -30.152 0.0000000000
73466  26.729  10.901  -32.366 0.0000000000
125517  26.505  12.383  -32.502 0.0000000000
110375  27.319  11.985  -32.108 0.0000000000
125534  27.803  13.162  -31.843 0.0000000000
125444  28.499  14.794  -31.043 0.0000000000
125505  28.816  16.107  -30.543 0.0000000000
110361  28.218  17.040  -32.494 0.0000000000
125352  28.560  16.935  -31.975 0.0000000000
124135  25.571  19.629  -33.405 0.0000000000
84116  26.358  22.966  -35.796 0.0000000000
82587  26.659  21.908  -34.917 0.0000000000
82586  27.166  21.263  -34.854 0.0000000000
81804  27.416  20.532  -34.461 0.0000000000
81802  28.006  20.968  -34.584 0.0000000000
117319  28.515  21.833  -33.528 0.0000000000
129069  27.553  3.588  -29.473 0.0000000000
69090  27.299  5.193  -30.923 0.0000000000
125454  28.410  10.064  -29.290 0.0000000000
72542  28.673  9.012  -27.915 0.0000000000
117250  27.063  18.350  -33.792 0.0000000000
129392  26.858  18.939  -33.915 0.0000000000
72579  27.438  10.169  -31.756 0.0000000000
72572  27.646  9.373  -31.334 0.0000000000
62756  25.142  -1.299  -28.442 0.0000000000
65589  27.344  1.976  -28.198 0.0000000000
110337  26.589  14.764  -32.709 0.0000000000
80956  29.207  19.824  -31.595 0.0000000000
122597  24.808  23.172  -32.929 0.0000000000
83323  25.066  22.317  -33.029 0.0000000000
84873  28.055  23.951  -35.390 0.0000000000
84872  28.321  24.259  -34.238 0.0000000000
127212  28.517  7.044  -28.415 0.0000000000
69987  28.401  6.258  -28.624 0.0000000000
65600  26.289  1.667  -30.174 0.0000000000
78488  27.091  16.841  -32.951 0.0000000000
79313  26.758  17.215  -33.231 0.0000000000
80984  27.719  18.701  -33.798 0.0000000000
80983  28.260  18.883  -33.732 0.0000000000
80973  28.700  19.427  -33.442 0.0000000000
81778  28.472  20.376  -33.708 0.0000000000
84098  24.887  23.882  -33.251 0.0000000000
70921  26.656  7.360  -31.623 0.0000000000
71760  26.984  8.047  -31.512 0.0000000000
71749  27.708  8.607  -30.879 0.0000000000
116999  28.126  7.746  -29.591 0.0000000000
71728  28.384  8.425  -28.863 0.0000000000
64582  25.796  0.138  -29.173 0.0000000000
63683  26.112  -0.142  -28.297 0.0000000000
110385  27.944  12.658  -31.098 0.0000000000
110229  28.003  11.946  -30.632 0.0000000000
72591  26.648  10.052  -32.217 0.0000000000
125538  26.634  13.323  -32.492 0.0000000000
110386  26.559  12.924  -32.495 0.0000000000
110382  27.026  12.249  -32.392 0.0000000000
125485  27.327  12.778  -32.235 0.0000000000
125562  27.764  15.033  -32.415 0.0000000000
110423  28.071  14.542  -32.035 0.0000000000
110282  28.569  15.605  -31.156 0.0000000000
78487  27.528  17.114  -32.948 0.0000000000
110393  27.772  16.706  -32.665 0.0000000000
125516  28.174  17.449  -32.934 0.0000000000
125409  28.885  17.473  -31.631 0.0000000000
125705  28.888  16.959  -30.864 0.0000000000
81794  25.192  20.485  -33.143 0.0000000000
124167  24.863  19.561  -32.983 0.0000000000
81793  26.098  20.355  -33.781 0.0000000000
84120  27.102  23.361  -37.174 0.0000000000
84886  26.823  23.794  -37.343 0.0000000000
84115  26.958  22.669  -36.434 0.0000000000
83341  26.877  22.286  -35.779 0.0000000000
129731  27.731  21.940  -35.565 0.0000000000
83334  27.357  21.840  -35.522 0.0000000000
82576  26.839  20.636  -34.385 0.0000000000
82585  27.744  21.378  -34.881 0.0000000000
81803  27.879  20.480  -34.361 0.0000000000
82584  28.069  21.406  -34.743 0.0000000000
83312  28.543  22.703  -33.413 0.0000000000
83308  28.690  22.118  -32.644 0.0000000000
67435  26.682  3.362  -30.907 0.0000000000
70009  27.132  6.878  -31.146 0.0000000000
69102  27.057  5.892  -31.262 0.0000000000
69068  28.334  5.344  -28.500 0.0000000000
69069  27.949  4.859  -29.342 0.0000000000
68213  28.216  4.641  -28.484 0.0000000000
67411  27.941  4.126  -28.933 0.0000000000
110225  28.347  11.350  -29.626 0.0000000000
110444  28.213  10.445  -30.042 0.0000000000
80150  26.491  17.476  -33.456 0.0000000000
72565  28.132  9.470  -30.331 0.0000000000
65579  26.922  1.158  -28.059 0.0000000000
65578  27.426  1.467  -27.539 0.0000000000
65562  27.812  1.401  -26.907 0.0000000000
110327  28.538  13.992  -30.198 0.0000000000
125468  26.163  13.493  -32.569 0.0000000000
110231  27.111  13.445  -32.406 0.0000000000
125469  27.022  14.151  -32.564 0.0000000000
110328  27.697  15.819  -32.515 0.0000000000
80972  28.950  18.623  -33.043 0.0000000000
125555  29.009  18.190  -32.534 0.0000000000
110398  29.193  18.915  -31.940 0.0000000000
82567  24.758  21.371  -32.777 0.0000000000
84114  27.231  22.959  -36.692 0.0000000000
122337  28.021  22.329  -35.602 0.0000000000
122584  28.327  22.580  -34.602 0.0000000000
84097  28.443  23.526  -33.853 0.0000000000
69998  27.983  6.263  -29.666 0.0000000000
63698  25.203  -0.320  -29.589 0.0000000000
64594  26.114  0.871  -29.682 0.0000000000
66523  26.732  2.209  -29.848 0.0000000000
66522  27.165  2.410  -29.131 0.0000000000
125392  26.222  15.410  -32.742 0.0000000000
125470  26.676  16.047  -32.790 0.0000000000
79311  27.899  17.651  -33.276 0.0000000000
80148  27.961  18.129  -33.597 0.0000000000
80141  28.444  18.023  -33.356 0.0000000000
84091  24.171  23.680  -32.432 0.0000000000
84108  25.310  23.963  -34.259 0.0000000000
70907  27.290  7.818  -31.138 0.0000000000
70898  27.461  7.186  -30.797 0.0000000000
70897  27.864  7.043  -30.142 0.0000000000
70868  28.711  7.606  -27.831 0.0000000000
125508  27.604  11.485  -31.644 0.0000000000
74291  28.616  12.293  -29.010 0.0000000000
110224  28.769  11.687  -28.399 0.0000000000
131068  27.005  9.509  -32.069 0.0000000000
72590  27.105  10.372  -32.140 0.0000000000
125533  27.274  11.189  -32.100 0.0000000000
126258  26.408  11.717  -32.476 0.0000000000
125539  26.916  11.480  -32.405 0.0000000000
110454  27.425  13.573  -32.310 0.0000000000
126917  27.793  13.867  -32.107 0.0000000000
110233  28.197  13.918  -31.441 0.0000000000
125703  28.819  15.378  -30.175 0.0000000000
125515  28.155  16.374  -32.276 0.0000000000
125551  28.690  17.574  -32.409 0.0000000000
125450  28.530  16.241  -31.578 0.0000000000
80986  26.239  19.203  -33.720 0.0000000000
84107  25.770  23.293  -34.856 0.0000000000
83335  26.172  22.644  -34.815 0.0000000000
82577  26.398  21.306  -34.243 0.0000000000
81792  26.859  19.814  -34.142 0.0000000000
81790  28.127  20.518  -34.245 0.0000000000
82575  28.262  21.145  -34.113 0.0000000000
82566  28.685  21.204  -33.214 0.0000000000
82557  28.890  21.367  -32.193 0.0000000000
66536  27.118  2.943  -30.011 0.0000000000
115316  27.474  3.018  -29.141 0.0000000000
127754  26.792  4.868  -31.349 0.0000000000
69080  27.723  5.461  -30.065 0.0000000000
68233  27.502  4.626  -30.352 0.0000000000
67434  27.032  4.285  -31.012 0.0000000000
68222  27.642  4.208  -29.710 0.0000000000
125743  28.629  10.231  -28.366 0.0000000000
72553  28.432  9.380  -28.919 0.0000000000
67422  27.289  3.816  -30.363 0.0000000000
119793  28.706  6.790  -27.721 0.0000000000
