#!ascii label  , from subject sub-s009 vox2ras=TkReg
360
129381  -31.494  5.911  -29.297 0.0000000000
109203  -30.660  1.641  -27.344 0.0000000000
124548  -31.559  3.979  -24.223 0.0000000000
66027  -29.472  -0.621  -27.904 0.0000000000
79611  -27.663  17.044  -29.777 0.0000000000
77455  -30.850  13.630  -30.746 0.0000000000
72757  -29.366  7.498  -30.715 0.0000000000
64088  -25.339  -2.730  -29.188 0.0000000000
108849  -30.533  1.260  -27.837 0.0000000000
132008  -28.627  0.447  -30.249 0.0000000000
78846  -29.571  15.200  -29.493 0.0000000000
76738  -26.985  12.946  -29.834 0.0000000000
108850  -30.946  2.401  -29.406 0.0000000000
71373  -29.134  4.240  -30.730 0.0000000000
71384  -31.792  5.750  -32.650 0.0000000000
74410  -30.990  8.979  -33.077 0.0000000000
72760  -32.473  7.477  -32.535 0.0000000000
73527  -31.428  8.376  -28.185 0.0000000000
124480  -30.304  4.118  -26.061 0.0000000000
109670  -31.484  5.114  -26.084 0.0000000000
109219  -31.537  6.002  -24.962 0.0000000000
109487  -31.454  3.748  -25.408 0.0000000000
124565  -30.860  1.459  -25.684 0.0000000000
66862  -30.103  -0.525  -24.495 0.0000000000
74391  -26.156  9.160  -29.146 0.0000000000
76043  -29.966  10.710  -31.119 0.0000000000
119969  -31.318  11.990  -34.221 0.0000000000
121075  -25.050  0.683  -29.495 0.0000000000
65015  -27.803  -1.999  -29.681 0.0000000000
109215  -28.661  1.419  -30.271 0.0000000000
124721  -26.331  1.234  -29.714 0.0000000000
118604  -25.085  13.360  -29.187 0.0000000000
76737  -24.316  11.801  -29.522 0.0000000000
71369  -31.370  3.680  -29.406 0.0000000000
70653  -31.095  3.073  -31.227 0.0000000000
72050  -31.811  5.068  -31.590 0.0000000000
72055  -32.443  6.739  -32.964 0.0000000000
114914  -32.075  6.111  -31.645 0.0000000000
73546  -31.846  8.234  -30.160 0.0000000000
113926  -31.474  6.989  -29.257 0.0000000000
109180  -30.503  2.117  -25.802 0.0000000000
108882  -31.301  5.108  -25.959 0.0000000000
124446  -31.319  5.009  -25.761 0.0000000000
124255  -31.403  4.751  -25.761 0.0000000000
109344  -31.301  3.718  -25.878 0.0000000000
66889  -29.742  -0.174  -28.226 0.0000000000
109332  -30.745  1.473  -26.803 0.0000000000
66871  -30.193  0.417  -26.494 0.0000000000
66863  -30.407  0.264  -24.963 0.0000000000
66870  -29.686  -0.523  -26.134 0.0000000000
120986  -24.284  16.266  -29.982 0.0000000000
121573  -23.943  16.853  -30.145 0.0000000000
80334  -27.359  17.782  -30.193 0.0000000000
115857  -28.219  19.083  -30.312 0.0000000000
80321  -29.990  17.354  -29.353 0.0000000000
78147  -29.987  14.457  -29.746 0.0000000000
123041  -28.964  6.837  -30.376 0.0000000000
72751  -28.546  7.506  -29.771 0.0000000000
74393  -28.463  8.911  -29.560 0.0000000000
75225  -27.930  9.925  -29.226 0.0000000000
113949  -29.674  9.329  -30.919 0.0000000000
74412  -32.138  9.424  -33.591 0.0000000000
76054  -31.284  10.557  -33.445 0.0000000000
76061  -31.537  11.452  -34.471 0.0000000000
129095  -31.544  5.570  -24.785 0.0000000000
109357  -31.497  7.012  -25.710 0.0000000000
66902  -23.515  -0.955  -28.791 0.0000000000
66912  -24.098  -0.438  -29.048 0.0000000000
66052  -26.358  -1.484  -29.681 0.0000000000
65013  -26.114  -2.478  -29.433 0.0000000000
109205  -30.424  1.307  -28.055 0.0000000000
124362  -30.562  1.469  -27.889 0.0000000000
109261  -30.109  0.971  -29.133 0.0000000000
66903  -29.845  0.118  -28.845 0.0000000000
66055  -29.148  -0.428  -29.501 0.0000000000
78858  -25.648  15.540  -29.585 0.0000000000
79600  -28.031  16.220  -29.499 0.0000000000
78143  -26.362  14.416  -29.393 0.0000000000
77442  -27.957  14.035  -29.185 0.0000000000
122452  -29.053  12.814  -29.811 0.0000000000
124541  -31.102  3.347  -28.978 0.0000000000
108863  -30.558  2.542  -31.130 0.0000000000
71377  -30.529  4.313  -31.814 0.0000000000
72764  -30.594  6.780  -32.381 0.0000000000
117796  -30.122  8.264  -31.899 0.0000000000
113849  -31.382  7.628  -33.031 0.0000000000
73558  -32.386  7.601  -33.005 0.0000000000
74411  -32.641  8.691  -33.056 0.0000000000
74402  -32.501  9.364  -30.957 0.0000000000
63223  -26.380  -4.686  -28.660 0.0000000000
64075  -26.779  -3.958  -28.995 0.0000000000
124542  -31.059  3.432  -27.902 0.0000000000
111626  -31.282  3.988  -27.352 0.0000000000
108836  -31.352  4.874  -27.828 0.0000000000
72026  -31.381  6.154  -28.192 0.0000000000
124459  -31.455  5.376  -26.379 0.0000000000
124450  -31.536  5.190  -24.894 0.0000000000
124435  -31.540  3.944  -24.911 0.0000000000
108769  -31.213  2.639  -26.050 0.0000000000
124621  -31.378  2.663  -25.130 0.0000000000
124601  -31.407  2.646  -24.325 0.0000000000
128090  -31.198  1.982  -24.319 0.0000000000
110990  -30.553  0.378  -24.202 0.0000000000
128207  -30.605  16.614  -29.452 0.0000000000
76021  -25.910  11.029  -28.907 0.0000000000
76024  -29.040  11.175  -29.822 0.0000000000
76752  -29.927  12.166  -30.638 0.0000000000
75242  -30.552  9.915  -32.334 0.0000000000
118107  -30.740  11.370  -32.139 0.0000000000
76758  -31.448  12.663  -32.490 0.0000000000
72736  -31.429  6.988  -27.167 0.0000000000
114691  -31.481  8.025  -26.682 0.0000000000
109636  -24.942  2.286  -29.480 0.0000000000
126595  -26.516  0.464  -29.787 0.0000000000
116299  -27.979  -0.979  -30.018 0.0000000000
66041  -28.983  -1.192  -28.680 0.0000000000
129703  -27.654  -3.469  -28.111 0.0000000000
64987  -28.517  -2.432  -27.047 0.0000000000
66026  -28.921  -1.560  -27.466 0.0000000000
76033  -23.629  11.904  -29.826 0.0000000000
119649  -31.634  4.931  -30.087 0.0000000000
72044  -31.728  6.069  -30.407 0.0000000000
115733  -31.816  7.159  -30.638 0.0000000000
124550  -31.199  3.700  -25.503 0.0000000000
108792  -31.396  4.012  -25.844 0.0000000000
124603  -31.103  2.608  -26.106 0.0000000000
66880  -29.799  -0.064  -27.201 0.0000000000
66018  -29.346  -1.024  -26.814 0.0000000000
121855  -26.129  16.524  -29.696 0.0000000000
121074  -25.462  17.013  -29.966 0.0000000000
118046  -26.654  17.148  -29.878 0.0000000000
80320  -29.090  17.474  -29.627 0.0000000000
118217  -28.628  16.876  -29.651 0.0000000000
77454  -30.216  13.723  -30.148 0.0000000000
78157  -30.664  14.373  -30.170 0.0000000000
78158  -31.337  14.368  -30.655 0.0000000000
77463  -31.529  13.566  -31.576 0.0000000000
73535  -27.889  8.251  -29.180 0.0000000000
73544  -28.977  8.170  -30.030 0.0000000000
74400  -29.327  8.760  -30.426 0.0000000000
73545  -29.610  8.162  -31.049 0.0000000000
75255  -32.731  9.857  -33.934 0.0000000000
75254  -31.883  10.458  -33.935 0.0000000000
109192  -31.569  4.568  -24.197 0.0000000000
124279  -31.560  5.478  -24.314 0.0000000000
124695  -31.576  5.090  -24.055 0.0000000000
65004  -24.076  -2.302  -28.781 0.0000000000
66050  -23.496  -1.773  -28.675 0.0000000000
130786  -24.476  -1.359  -29.038 0.0000000000
120887  -25.411  -1.871  -29.342 0.0000000000
129825  -30.281  1.423  -28.790 0.0000000000
109266  -30.395  1.212  -28.390 0.0000000000
124433  -28.119  0.785  -30.191 0.0000000000
109281  -29.115  0.699  -30.234 0.0000000000
109335  -29.209  -0.115  -29.866 0.0000000000
109523  -28.780  -0.073  -30.042 0.0000000000
125292  -24.718  14.733  -29.529 0.0000000000
78156  -25.541  14.958  -29.541 0.0000000000
77452  -25.381  14.243  -29.893 0.0000000000
76751  -25.835  12.697  -29.241 0.0000000000
77440  -26.311  13.323  -29.875 0.0000000000
117441  -28.878  13.692  -29.361 0.0000000000
120681  -28.079  13.110  -29.819 0.0000000000
124616  -31.105  2.722  -28.382 0.0000000000
109635  -30.950  2.579  -30.483 0.0000000000
71378  -31.282  4.536  -32.071 0.0000000000
70659  -30.793  3.634  -31.699 0.0000000000
125832  -30.773  5.543  -32.336 0.0000000000
72053  -31.395  6.252  -32.779 0.0000000000
72765  -31.330  6.928  -32.914 0.0000000000
72059  -31.886  6.347  -33.121 0.0000000000
72771  -32.326  6.916  -33.127 0.0000000000
73552  -32.535  8.138  -32.686 0.0000000000
74405  -32.739  8.936  -32.246 0.0000000000
73547  -32.493  8.378  -31.790 0.0000000000
72752  -31.598  7.800  -29.545 0.0000000000
63222  -25.662  -4.574  -28.783 0.0000000000
130749  -26.200  -5.377  -28.225 0.0000000000
108835  -31.365  4.052  -26.982 0.0000000000
72019  -31.417  5.424  -27.111 0.0000000000
124811  -31.520  5.716  -25.417 0.0000000000
109287  -31.421  4.383  -25.599 0.0000000000
124408  -31.619  5.437  -25.243 0.0000000000
124665  -31.531  4.409  -24.939 0.0000000000
124361  -30.749  1.848  -27.358 0.0000000000
124533  -31.006  2.044  -26.395 0.0000000000
109639  -31.159  2.062  -25.388 0.0000000000
67578  -30.903  1.341  -24.723 0.0000000000
78845  -28.470  15.302  -29.289 0.0000000000
79601  -29.086  16.028  -29.492 0.0000000000
79602  -30.095  15.876  -29.566 0.0000000000
70651  -28.710  3.159  -30.533 0.0000000000
74390  -25.194  9.141  -29.694 0.0000000000
75223  -25.516  10.038  -29.331 0.0000000000
76020  -24.991  11.081  -29.345 0.0000000000
118503  -26.629  9.949  -28.966 0.0000000000
75226  -28.740  10.377  -29.683 0.0000000000
76740  -29.320  12.087  -29.985 0.0000000000
76036  -29.625  11.314  -30.544 0.0000000000
73551  -30.711  8.454  -32.668 0.0000000000
74404  -30.160  9.028  -31.901 0.0000000000
118321  -30.601  9.244  -32.585 0.0000000000
76055  -31.458  11.241  -33.881 0.0000000000
76050  -31.196  11.420  -33.199 0.0000000000
76765  -31.020  12.065  -32.370 0.0000000000
76766  -31.313  12.102  -33.285 0.0000000000
77476  -31.637  12.635  -33.680 0.0000000000
72729  -31.480  6.377  -26.389 0.0000000000
126392  -31.474  7.276  -26.335 0.0000000000
67617  -23.642  1.200  -29.384 0.0000000000
68322  -23.142  2.213  -29.595 0.0000000000
67618  -24.551  1.380  -29.480 0.0000000000
129629  -25.633  0.939  -29.589 0.0000000000
66053  -27.261  -1.566  -29.927 0.0000000000
121667  -27.158  -0.751  -30.026 0.0000000000
66054  -28.552  -1.141  -29.583 0.0000000000
65006  -28.357  -2.092  -29.053 0.0000000000
64076  -27.364  -3.348  -28.917 0.0000000000
124244  -29.501  1.222  -29.934 0.0000000000
124432  -27.882  1.496  -30.055 0.0000000000
108906  -27.206  1.035  -29.936 0.0000000000
124749  -24.258  14.061  -29.414 0.0000000000
118918  -24.198  13.279  -29.388 0.0000000000
76750  -24.800  12.567  -29.129 0.0000000000
76035  -25.663  12.026  -28.985 0.0000000000
70640  -31.138  2.790  -29.347 0.0000000000
70646  -31.060  2.684  -30.209 0.0000000000
71374  -31.481  3.867  -30.854 0.0000000000
71379  -31.453  4.143  -31.750 0.0000000000
122479  -31.693  5.098  -32.235 0.0000000000
72054  -32.109  5.929  -32.597 0.0000000000
72759  -32.336  6.778  -32.172 0.0000000000
121958  -32.199  7.790  -31.365 0.0000000000
114273  -31.460  7.865  -28.812 0.0000000000
108920  -31.114  4.965  -25.973 0.0000000000
108915  -31.440  4.962  -25.764 0.0000000000
124534  -30.320  0.747  -27.626 0.0000000000
108834  -30.516  0.737  -25.732 0.0000000000
127750  -30.680  0.856  -25.046 0.0000000000
123880  -30.085  -0.097  -25.463 0.0000000000
112613  -29.644  -1.007  -25.179 0.0000000000
78856  -23.303  15.678  -29.757 0.0000000000
130738  -24.552  17.102  -30.105 0.0000000000
81163  -27.908  18.390  -30.307 0.0000000000
81150  -30.252  18.124  -28.980 0.0000000000
78146  -29.188  14.509  -29.368 0.0000000000
78847  -30.439  15.092  -29.772 0.0000000000
72750  -27.514  7.509  -29.044 0.0000000000
131445  -27.002  8.176  -28.851 0.0000000000
73534  -27.108  8.697  -28.894 0.0000000000
74392  -27.363  9.086  -29.012 0.0000000000
75234  -29.037  9.542  -29.923 0.0000000000
73561  -31.569  9.118  -33.356 0.0000000000
75248  -30.983  9.741  -33.100 0.0000000000
75253  -31.552  9.848  -33.535 0.0000000000
124460  -31.538  6.711  -25.017 0.0000000000
66911  -23.324  0.107  -28.948 0.0000000000
66913  -24.817  -0.273  -29.372 0.0000000000
66051  -25.498  -0.885  -29.478 0.0000000000
65014  -26.951  -2.306  -29.683 0.0000000000
67597  -30.191  0.752  -28.598 0.0000000000
124305  -29.734  0.538  -29.498 0.0000000000
66042  -29.544  -0.149  -28.940 0.0000000000
78153  -22.484  15.180  -29.671 0.0000000000
118987  -23.805  15.426  -29.734 0.0000000000
79610  -25.384  16.104  -29.706 0.0000000000
78859  -26.313  15.880  -29.542 0.0000000000
79599  -27.007  16.401  -29.590 0.0000000000
78844  -27.312  15.521  -29.390 0.0000000000
131784  -27.800  15.004  -29.187 0.0000000000
78145  -28.255  14.485  -29.125 0.0000000000
77443  -29.634  13.890  -29.708 0.0000000000
77453  -29.636  13.053  -29.982 0.0000000000
70652  -29.457  2.996  -30.957 0.0000000000
69883  -30.724  2.656  -31.291 0.0000000000
70658  -30.193  3.239  -31.462 0.0000000000
132736  -29.805  3.987  -31.366 0.0000000000
72049  -29.797  5.088  -31.440 0.0000000000
72758  -29.736  6.492  -31.409 0.0000000000
121296  -29.940  7.528  -31.755 0.0000000000
121408  -30.637  7.634  -32.498 0.0000000000
73556  -31.506  8.352  -33.181 0.0000000000
72060  -32.211  6.378  -33.061 0.0000000000
73557  -32.099  7.562  -33.240 0.0000000000
73562  -32.249  8.495  -33.271 0.0000000000
74413  -32.583  9.166  -33.360 0.0000000000
74414  -33.047  9.427  -33.487 0.0000000000
74406  -33.074  9.456  -32.788 0.0000000000
75243  -32.900  9.836  -31.742 0.0000000000
127174  -32.210  8.627  -30.765 0.0000000000
124447  -31.473  3.014  -23.773 0.0000000000
64074  -25.286  -3.637  -28.942 0.0000000000
63232  -26.195  -3.971  -29.142 0.0000000000
64089  -25.947  -3.241  -29.262 0.0000000000
109339  -31.064  2.653  -27.116 0.0000000000
109423  -31.096  2.975  -27.331 0.0000000000
110289  -31.144  2.812  -28.775 0.0000000000
71363  -31.261  3.643  -28.113 0.0000000000
72035  -31.432  4.946  -28.767 0.0000000000
109294  -31.514  6.075  -25.734 0.0000000000
124314  -31.535  4.887  -24.893 0.0000000000
108757  -30.885  2.204  -26.749 0.0000000000
118151  -31.371  3.212  -25.708 0.0000000000
108791  -31.488  3.188  -24.848 0.0000000000
109183  -31.531  3.599  -24.481 0.0000000000
109473  -31.294  2.265  -23.554 0.0000000000
67567  -30.859  1.134  -23.749 0.0000000000
121524  -29.590  16.689  -29.517 0.0000000000
123233  -24.019  11.216  -29.780 0.0000000000
76034  -25.063  11.679  -29.171 0.0000000000
76022  -26.778  11.868  -29.073 0.0000000000
75224  -27.068  10.792  -28.850 0.0000000000
76023  -28.029  11.178  -29.308 0.0000000000
119623  -27.853  12.132  -29.563 0.0000000000
76739  -28.652  12.039  -29.589 0.0000000000
120083  -30.358  12.920  -30.703 0.0000000000
74401  -29.802  8.687  -31.264 0.0000000000
75241  -30.103  9.885  -31.529 0.0000000000
76049  -30.862  10.597  -32.708 0.0000000000
76044  -30.443  10.632  -31.833 0.0000000000
76753  -30.539  12.119  -31.415 0.0000000000
77462  -30.956  12.817  -31.510 0.0000000000
77468  -31.842  13.178  -32.650 0.0000000000
72743  -31.383  7.440  -28.160 0.0000000000
123873  -31.430  7.978  -27.476 0.0000000000
67619  -25.536  1.680  -29.558 0.0000000000
66915  -27.191  0.187  -29.979 0.0000000000
121574  -26.357  -0.393  -29.747 0.0000000000
66916  -28.011  -0.049  -30.123 0.0000000000
64090  -26.697  -3.205  -29.339 0.0000000000
65005  -27.780  -2.643  -29.176 0.0000000000
64077  -27.998  -2.841  -28.530 0.0000000000
64994  -28.503  -2.226  -28.082 0.0000000000
64064  -28.109  -3.021  -27.605 0.0000000000
64073  -24.587  -2.917  -28.918 0.0000000000
64091  -27.332  -2.736  -29.416 0.0000000000
65012  -24.778  -2.240  -29.056 0.0000000000
66914  -25.711  0.228  -29.594 0.0000000000
67616  -22.715  1.151  -29.168 0.0000000000
69875  -30.416  2.178  -31.188 0.0000000000
69876  -30.688  2.213  -30.910 0.0000000000
69882  -30.541  2.810  -31.404 0.0000000000
70645  -28.464  3.209  -30.276 0.0000000000
70660  -31.005  3.470  -31.603 0.0000000000
72770  -31.980  6.874  -33.268 0.0000000000
75235  -29.458  10.302  -30.491 0.0000000000
76037  -30.216  11.393  -31.259 0.0000000000
77441  -27.077  13.951  -29.410 0.0000000000
78144  -27.281  14.618  -29.204 0.0000000000
78152  -22.028  15.270  -29.652 0.0000000000
78154  -23.115  15.052  -29.640 0.0000000000
78155  -23.923  14.834  -29.585 0.0000000000
78857  -24.704  15.415  -29.677 0.0000000000
78860  -31.086  14.955  -30.107 0.0000000000
108876  -29.985  2.295  -31.130 0.0000000000
108911  -30.973  4.754  -25.702 0.0000000000
118045  -24.217  0.388  -29.335 0.0000000000
122644  -29.489  17.960  -29.433 0.0000000000
122726  -26.419  15.193  -29.456 0.0000000000
132393  -30.370  9.476  -32.103 0.0000000000
