#!ascii label  , from subject sub-s009 vox2ras=TkReg
335
65962  -30.393  -0.705  -22.589 0.0000000000
124548  -31.559  3.979  -24.223 0.0000000000
77455  -30.850  13.630  -30.746 0.0000000000
75256  -33.323  9.935  -33.863 0.0000000000
74379  -31.587  9.877  -27.497 0.0000000000
124705  -31.439  5.627  -21.367 0.0000000000
78846  -29.571  15.200  -29.493 0.0000000000
75236  -32.673  10.360  -30.744 0.0000000000
73527  -31.428  8.376  -28.185 0.0000000000
124622  -31.068  1.666  -23.434 0.0000000000
124256  -31.532  4.622  -22.650 0.0000000000
124436  -30.994  1.947  -21.911 0.0000000000
63203  -27.587  -4.489  -26.411 0.0000000000
66862  -30.103  -0.525  -24.495 0.0000000000
83369  -28.621  21.510  -30.056 0.0000000000
82661  -29.773  20.151  -28.759 0.0000000000
81151  -31.308  18.179  -28.789 0.0000000000
79614  -33.455  16.652  -30.928 0.0000000000
78174  -33.047  14.464  -33.586 0.0000000000
119969  -31.318  11.990  -34.221 0.0000000000
77486  -32.786  13.190  -36.015 0.0000000000
76772  -34.684  12.132  -33.274 0.0000000000
76741  -33.126  12.360  -29.726 0.0000000000
75197  -32.027  11.066  -25.698 0.0000000000
109249  -31.529  7.654  -25.071 0.0000000000
109516  -31.614  8.164  -23.556 0.0000000000
73546  -31.846  8.234  -30.160 0.0000000000
113926  -31.474  6.989  -29.257 0.0000000000
113360  -30.607  0.217  -23.041 0.0000000000
124602  -31.073  1.783  -22.763 0.0000000000
108747  -30.682  0.477  -22.182 0.0000000000
60550  -26.601  -7.762  -25.807 0.0000000000
61428  -26.617  -6.774  -26.056 0.0000000000
62302  -27.152  -6.211  -25.658 0.0000000000
66863  -30.407  0.264  -24.963 0.0000000000
66870  -29.686  -0.523  -26.134 0.0000000000
81136  -30.762  18.779  -28.621 0.0000000000
78147  -29.987  14.457  -29.746 0.0000000000
78848  -31.150  15.729  -29.726 0.0000000000
78866  -32.545  15.201  -31.035 0.0000000000
78868  -33.546  15.550  -32.392 0.0000000000
78172  -32.196  13.865  -32.224 0.0000000000
76061  -31.537  11.452  -34.471 0.0000000000
76776  -31.373  12.640  -35.450 0.0000000000
128524  -33.491  11.471  -35.243 0.0000000000
76780  -34.631  12.527  -35.128 0.0000000000
76052  -34.300  11.171  -33.524 0.0000000000
75215  -31.896  10.110  -28.966 0.0000000000
76038  -32.883  11.152  -30.542 0.0000000000
76015  -32.317  11.473  -28.666 0.0000000000
126729  -32.425  11.982  -28.168 0.0000000000
75203  -31.845  10.966  -26.928 0.0000000000
129095  -31.544  5.570  -24.785 0.0000000000
109357  -31.497  7.012  -25.710 0.0000000000
124279  -31.560  5.478  -24.314 0.0000000000
124273  -31.498  5.243  -22.144 0.0000000000
124704  -31.531  6.028  -22.759 0.0000000000
124449  -31.515  6.829  -22.655 0.0000000000
108831  -31.723  8.836  -23.294 0.0000000000
109417  -31.521  7.378  -21.633 0.0000000000
63191  -28.164  -4.325  -25.518 0.0000000000
64054  -28.221  -3.208  -26.668 0.0000000000
64026  -28.670  -3.603  -24.971 0.0000000000
64027  -29.130  -2.953  -24.551 0.0000000000
74411  -32.641  8.691  -33.056 0.0000000000
75244  -33.263  10.193  -32.277 0.0000000000
74402  -32.501  9.364  -30.957 0.0000000000
74394  -31.948  9.225  -29.729 0.0000000000
74386  -31.594  9.344  -28.402 0.0000000000
124447  -31.473  3.014  -23.773 0.0000000000
124659  -31.556  4.248  -23.509 0.0000000000
124254  -31.440  3.169  -22.804 0.0000000000
124660  -31.398  3.392  -21.948 0.0000000000
124547  -31.309  3.714  -21.159 0.0000000000
63190  -27.513  -5.303  -25.740 0.0000000000
124601  -31.407  2.646  -24.325 0.0000000000
128090  -31.198  1.982  -24.319 0.0000000000
110990  -30.553  0.378  -24.202 0.0000000000
65977  -30.257  -0.665  -23.506 0.0000000000
84726  -28.866  23.797  -28.921 0.0000000000
81981  -27.887  19.807  -30.607 0.0000000000
82679  -29.083  20.716  -29.538 0.0000000000
113554  -31.051  20.666  -28.044 0.0000000000
81951  -32.049  19.358  -28.485 0.0000000000
81153  -33.155  18.654  -29.388 0.0000000000
128207  -30.605  16.614  -29.452 0.0000000000
80324  -32.693  17.269  -29.670 0.0000000000
81169  -34.055  18.381  -30.935 0.0000000000
80339  -33.972  16.937  -31.800 0.0000000000
79628  -33.876  16.213  -33.825 0.0000000000
78885  -32.610  15.481  -35.971 0.0000000000
76758  -31.448  12.663  -32.490 0.0000000000
77477  -31.713  13.041  -34.438 0.0000000000
78188  -32.265  13.757  -35.472 0.0000000000
78193  -32.833  14.558  -36.242 0.0000000000
77488  -34.689  14.114  -35.712 0.0000000000
77465  -35.143  13.922  -32.192 0.0000000000
76045  -33.646  10.963  -32.216 0.0000000000
76760  -34.154  12.744  -31.415 0.0000000000
72736  -31.429  6.988  -27.167 0.0000000000
114691  -31.481  8.025  -26.682 0.0000000000
73515  -31.505  8.945  -26.144 0.0000000000
109204  -31.550  6.165  -23.536 0.0000000000
108830  -31.550  7.354  -24.316 0.0000000000
74367  -31.624  9.497  -25.439 0.0000000000
75189  -31.773  10.091  -24.951 0.0000000000
75190  -32.113  10.732  -24.557 0.0000000000
66010  -29.296  -1.458  -25.856 0.0000000000
65993  -29.699  -1.426  -24.342 0.0000000000
130577  -30.179  -1.308  -22.864 0.0000000000
66830  -30.560  -0.185  -22.247 0.0000000000
110267  -30.572  -0.126  -21.554 0.0000000000
59706  -27.059  -8.245  -25.084 0.0000000000
77454  -30.216  13.723  -30.148 0.0000000000
78157  -30.664  14.373  -30.170 0.0000000000
78158  -31.337  14.368  -30.655 0.0000000000
78164  -32.035  14.464  -31.219 0.0000000000
77463  -31.529  13.566  -31.576 0.0000000000
75255  -32.731  9.857  -33.934 0.0000000000
75254  -31.883  10.458  -33.935 0.0000000000
75257  -32.376  10.829  -34.472 0.0000000000
76063  -32.885  11.074  -35.003 0.0000000000
123772  -33.921  10.918  -34.585 0.0000000000
76056  -33.878  10.470  -33.883 0.0000000000
130372  -31.706  10.172  -28.159 0.0000000000
75210  -31.964  10.785  -28.383 0.0000000000
75209  -31.776  10.610  -27.592 0.0000000000
111510  -31.678  10.358  -26.965 0.0000000000
109192  -31.569  4.568  -24.197 0.0000000000
124695  -31.576  5.090  -24.055 0.0000000000
124697  -31.444  4.834  -21.709 0.0000000000
124313  -31.478  5.867  -22.039 0.0000000000
124280  -31.462  6.593  -21.866 0.0000000000
124694  -31.430  6.380  -21.155 0.0000000000
124706  -31.469  7.071  -20.894 0.0000000000
63174  -28.585  -4.399  -24.558 0.0000000000
73552  -32.535  8.138  -32.686 0.0000000000
74405  -32.739  8.936  -32.246 0.0000000000
73547  -32.493  8.378  -31.790 0.0000000000
72752  -31.598  7.800  -29.545 0.0000000000
73536  -31.606  8.508  -29.102 0.0000000000
109473  -31.294  2.265  -23.554 0.0000000000
109282  -31.296  2.470  -22.785 0.0000000000
124664  -31.241  2.673  -21.893 0.0000000000
124666  -31.471  4.101  -21.939 0.0000000000
109343  -31.182  2.988  -21.026 0.0000000000
124549  -30.874  2.181  -20.814 0.0000000000
60564  -25.580  -7.820  -26.956 0.0000000000
59717  -25.406  -8.553  -26.626 0.0000000000
61411  -27.640  -6.118  -24.860 0.0000000000
62303  -28.153  -5.162  -24.854 0.0000000000
84087  -28.101  22.205  -30.713 0.0000000000
112022  -28.219  23.078  -30.538 0.0000000000
84736  -28.697  23.226  -29.532 0.0000000000
84088  -28.808  22.358  -29.569 0.0000000000
81964  -28.851  19.293  -29.772 0.0000000000
112290  -29.191  19.932  -29.475 0.0000000000
127271  -29.635  20.910  -28.745 0.0000000000
83358  -29.937  21.451  -28.377 0.0000000000
120768  -30.311  20.757  -28.322 0.0000000000
83359  -30.779  21.327  -27.950 0.0000000000
82662  -30.707  20.074  -28.288 0.0000000000
81950  -31.191  19.414  -28.372 0.0000000000
81137  -31.537  18.833  -28.570 0.0000000000
81967  -32.829  19.304  -28.877 0.0000000000
81152  -32.261  18.537  -28.865 0.0000000000
79602  -30.095  15.876  -29.566 0.0000000000
79612  -32.009  15.906  -29.924 0.0000000000
129539  -31.763  16.676  -29.500 0.0000000000
79613  -32.716  16.431  -30.160 0.0000000000
80336  -33.270  17.140  -30.303 0.0000000000
118597  -33.783  17.498  -30.949 0.0000000000
78873  -33.210  14.871  -32.627 0.0000000000
79621  -33.911  16.202  -32.658 0.0000000000
78874  -33.521  15.264  -33.473 0.0000000000
79633  -33.423  16.242  -35.083 0.0000000000
78879  -33.223  15.329  -34.813 0.0000000000
76055  -31.458  11.241  -33.881 0.0000000000
76050  -31.196  11.420  -33.199 0.0000000000
76766  -31.313  12.102  -33.285 0.0000000000
77468  -31.842  13.178  -32.650 0.0000000000
77476  -31.637  12.635  -33.680 0.0000000000
77485  -31.913  13.300  -35.744 0.0000000000
78192  -32.362  13.894  -36.077 0.0000000000
78189  -32.512  14.615  -35.854 0.0000000000
118455  -33.530  13.763  -36.145 0.0000000000
78194  -33.838  14.527  -36.304 0.0000000000
76777  -34.866  12.265  -34.260 0.0000000000
77483  -35.130  13.130  -34.507 0.0000000000
77478  -35.090  13.060  -33.581 0.0000000000
77471  -35.315  13.896  -32.950 0.0000000000
77470  -34.892  13.168  -32.644 0.0000000000
75243  -32.900  9.836  -31.742 0.0000000000
75237  -33.108  10.690  -31.434 0.0000000000
76026  -33.126  11.817  -30.343 0.0000000000
76754  -33.615  12.422  -30.717 0.0000000000
77457  -34.120  13.299  -30.742 0.0000000000
77456  -33.595  13.105  -29.900 0.0000000000
118671  -32.158  11.639  -26.849 0.0000000000
126132  -32.213  11.764  -26.104 0.0000000000
124460  -31.538  6.711  -25.017 0.0000000000
126392  -31.474  7.276  -26.335 0.0000000000
108832  -31.480  7.928  -25.839 0.0000000000
109218  -31.572  4.879  -23.478 0.0000000000
124600  -31.566  5.475  -23.511 0.0000000000
109791  -31.536  7.079  -23.508 0.0000000000
73500  -31.579  8.373  -24.430 0.0000000000
73509  -31.547  8.616  -25.249 0.0000000000
74360  -31.650  9.296  -24.676 0.0000000000
108833  -31.904  9.495  -23.390 0.0000000000
74361  -31.858  10.022  -24.208 0.0000000000
74349  -32.118  9.836  -23.555 0.0000000000
64008  -29.378  -3.133  -23.785 0.0000000000
64958  -29.500  -2.294  -24.067 0.0000000000
65976  -29.872  -1.612  -23.504 0.0000000000
113026  -29.682  -2.547  -23.266 0.0000000000
121958  -32.199  7.790  -31.365 0.0000000000
114273  -31.460  7.865  -28.812 0.0000000000
121840  -30.855  1.094  -22.863 0.0000000000
109488  -30.804  1.216  -22.027 0.0000000000
108706  -30.749  1.342  -21.047 0.0000000000
109476  -30.656  0.579  -21.287 0.0000000000
59718  -26.049  -8.238  -26.301 0.0000000000
62312  -26.801  -5.843  -26.493 0.0000000000
128734  -27.637  -6.991  -24.498 0.0000000000
127750  -30.680  0.856  -25.046 0.0000000000
108834  -30.516  0.737  -25.732 0.0000000000
123880  -30.085  -0.097  -25.463 0.0000000000
112613  -29.644  -1.007  -25.179 0.0000000000
83383  -27.964  21.470  -30.796 0.0000000000
81965  -29.579  19.365  -29.060 0.0000000000
81949  -30.320  19.423  -28.596 0.0000000000
81149  -29.469  18.632  -29.297 0.0000000000
81150  -30.252  18.124  -28.980 0.0000000000
80321  -29.990  17.354  -29.353 0.0000000000
78847  -30.439  15.092  -29.772 0.0000000000
78861  -31.814  15.179  -30.375 0.0000000000
127315  -32.424  15.720  -30.443 0.0000000000
79617  -33.545  16.107  -31.700 0.0000000000
78165  -32.681  14.634  -31.887 0.0000000000
78173  -32.664  14.140  -32.980 0.0000000000
76771  -31.194  12.635  -34.857 0.0000000000
76062  -31.759  11.687  -35.075 0.0000000000
76065  -32.414  11.912  -35.561 0.0000000000
76779  -33.453  12.287  -35.649 0.0000000000
114753  -33.903  12.999  -35.693 0.0000000000
76064  -34.327  11.707  -34.904 0.0000000000
76057  -34.523  11.434  -34.116 0.0000000000
75227  -32.248  10.145  -29.926 0.0000000000
112103  -32.520  10.823  -29.997 0.0000000000
76025  -32.664  11.546  -29.625 0.0000000000
76728  -32.676  12.193  -28.883 0.0000000000
76009  -32.103  11.388  -27.709 0.0000000000
131074  -31.962  11.183  -26.337 0.0000000000
109267  -31.544  6.287  -24.355 0.0000000000
124696  -31.547  5.335  -22.793 0.0000000000
108847  -31.603  7.819  -22.557 0.0000000000
108856  -31.709  8.582  -22.912 0.0000000000
124397  -31.936  8.691  -22.162 0.0000000000
109348  -32.138  7.816  -21.533 0.0000000000
63204  -27.988  -3.836  -26.293 0.0000000000
64039  -28.406  -3.410  -25.801 0.0000000000
64964  -28.810  -2.802  -25.335 0.0000000000
74413  -32.583  9.166  -33.360 0.0000000000
74414  -33.047  9.427  -33.487 0.0000000000
75249  -33.516  10.086  -33.175 0.0000000000
74406  -33.074  9.456  -32.788 0.0000000000
127174  -32.210  8.627  -30.765 0.0000000000
124663  -31.526  3.649  -23.604 0.0000000000
124250  -31.504  3.853  -22.764 0.0000000000
108808  -31.361  4.374  -21.224 0.0000000000
124505  -31.442  5.159  -20.704 0.0000000000
59716  -24.716  -8.822  -26.803 0.0000000000
63213  -27.204  -4.678  -27.285 0.0000000000
62313  -27.204  -5.125  -26.613 0.0000000000
127797  -28.539  -5.066  -24.188 0.0000000000
109183  -31.531  3.599  -24.481 0.0000000000
67578  -30.903  1.341  -24.723 0.0000000000
67567  -30.859  1.134  -23.749 0.0000000000
84735  -28.345  23.986  -30.295 0.0000000000
82694  -27.903  20.705  -30.721 0.0000000000
118168  -28.429  20.892  -30.345 0.0000000000
82678  -28.555  20.133  -30.187 0.0000000000
83370  -29.246  21.504  -29.104 0.0000000000
84079  -30.303  22.169  -27.937 0.0000000000
82663  -31.691  20.182  -28.161 0.0000000000
117599  -32.486  20.808  -28.155 0.0000000000
82680  -33.174  19.959  -29.017 0.0000000000
81968  -33.465  19.483  -29.525 0.0000000000
81164  -33.772  18.921  -30.199 0.0000000000
121524  -29.590  16.689  -29.517 0.0000000000
80322  -30.984  17.415  -29.171 0.0000000000
80323  -31.976  17.652  -29.165 0.0000000000
116937  -32.715  17.991  -29.382 0.0000000000
80325  -33.422  17.949  -30.055 0.0000000000
81170  -34.273  18.786  -31.622 0.0000000000
80343  -34.206  17.247  -32.910 0.0000000000
77462  -30.956  12.817  -31.510 0.0000000000
77469  -32.152  13.366  -33.401 0.0000000000
78181  -32.431  13.702  -34.286 0.0000000000
77482  -31.608  13.169  -35.196 0.0000000000
78182  -32.899  14.471  -34.613 0.0000000000
118643  -32.596  15.226  -36.420 0.0000000000
77487  -34.739  13.348  -35.402 0.0000000000
77484  -35.250  13.937  -34.819 0.0000000000
78175  -35.509  14.727  -33.281 0.0000000000
76051  -33.957  10.802  -33.111 0.0000000000
76767  -34.199  11.568  -32.676 0.0000000000
76039  -33.385  11.516  -31.151 0.0000000000
76759  -33.879  11.982  -31.751 0.0000000000
111450  -34.438  12.505  -32.226 0.0000000000
77432  -32.700  12.627  -28.141 0.0000000000
72743  -31.383  7.440  -28.160 0.0000000000
123873  -31.430  7.978  -27.476 0.0000000000
112319  -31.482  8.923  -27.272 0.0000000000
74373  -31.594  9.751  -26.666 0.0000000000
119844  -31.640  9.786  -26.014 0.0000000000
75196  -31.772  10.252  -25.603 0.0000000000
116415  -31.989  10.703  -25.171 0.0000000000
73489  -31.751  9.192  -23.753 0.0000000000
64965  -29.294  -2.037  -24.993 0.0000000000
131399  -29.962  -1.051  -23.942 0.0000000000
59733  -25.004  -8.193  -27.244 0.0000000000
75202  -31.752  10.492  -26.280 0.0000000000
75216  -32.237  10.831  -29.251 0.0000000000
75258  -33.250  10.388  -34.371 0.0000000000
76778  -32.187  12.721  -35.852 0.0000000000
78860  -31.086  14.955  -30.107 0.0000000000
78862  -33.028  15.888  -30.935 0.0000000000
78867  -33.147  15.363  -31.704 0.0000000000
81966  -30.045  18.841  -28.833 0.0000000000
82664  -32.596  20.042  -28.533 0.0000000000
120342  -29.509  22.079  -28.636 0.0000000000
128842  -31.108  12.189  -34.922 0.0000000000
129032  -34.247  10.906  -34.058 0.0000000000
