#!ascii label  , from subject sub-s009 vox2ras=TkReg
252
121482  45.896  -43.793  -13.862 0.0000000000
123185  36.717  -43.170  -22.615 0.0000000000
18900  44.311  -48.549  -18.200 0.0000000000
128494  38.839  -46.047  -15.969 0.0000000000
123382  36.766  -46.687  -21.359 0.0000000000
21037  41.277  -46.981  -20.783 0.0000000000
19998  38.453  -47.433  -21.258 0.0000000000
23061  36.318  -44.091  -18.657 0.0000000000
23910  37.507  -43.659  -14.794 0.0000000000
20993  44.997  -46.582  -15.388 0.0000000000
120499  41.405  -47.187  -16.837 0.0000000000
22054  38.661  -45.878  -19.459 0.0000000000
23090  35.386  -44.762  -21.804 0.0000000000
19002  35.596  -48.012  -23.932 0.0000000000
111186  49.231  -40.769  -14.348 0.0000000000
22010  48.064  -45.308  -15.170 0.0000000000
122804  48.024  -47.977  -16.705 0.0000000000
23895  40.199  -44.027  -12.766 0.0000000000
18961  40.673  -48.313  -21.161 0.0000000000
112937  35.852  -43.293  -20.048 0.0000000000
23946  36.370  -43.268  -18.439 0.0000000000
19944  44.127  -47.782  -16.638 0.0000000000
133649  42.764  -47.840  -17.607 0.0000000000
116303  38.703  -46.782  -21.432 0.0000000000
21039  39.936  -46.295  -20.412 0.0000000000
22080  38.484  -46.122  -20.920 0.0000000000
22069  36.186  -45.013  -20.171 0.0000000000
22090  35.993  -45.900  -21.318 0.0000000000
20040  36.067  -47.556  -24.597 0.0000000000
22024  49.756  -45.789  -15.506 0.0000000000
132416  47.974  -46.577  -15.930 0.0000000000
21003  49.367  -47.163  -15.977 0.0000000000
120528  40.786  -45.758  -14.515 0.0000000000
23027  39.174  -45.065  -14.044 0.0000000000
24821  37.524  -42.778  -14.968 0.0000000000
24793  37.729  -42.641  -13.617 0.0000000000
18943  43.505  -48.577  -20.085 0.0000000000
19980  42.724  -47.751  -20.112 0.0000000000
18960  42.010  -48.176  -21.050 0.0000000000
20009  40.116  -47.657  -21.695 0.0000000000
20010  37.910  -47.030  -21.461 0.0000000000
22047  37.314  -45.325  -17.695 0.0000000000
22018  37.919  -44.974  -15.076 0.0000000000
23044  37.067  -44.549  -16.356 0.0000000000
24851  36.991  -42.822  -16.712 0.0000000000
24021  38.279  -43.539  -23.437 0.0000000000
23022  45.454  -44.445  -14.014 0.0000000000
20996  42.204  -46.662  -15.482 0.0000000000
129986  40.348  -46.650  -16.133 0.0000000000
117334  41.226  -47.172  -18.500 0.0000000000
21019  40.037  -46.680  -17.768 0.0000000000
21020  39.273  -46.359  -17.605 0.0000000000
22055  37.814  -45.531  -18.694 0.0000000000
23080  35.770  -44.178  -20.198 0.0000000000
24003  35.453  -44.175  -22.258 0.0000000000
123375  35.505  -47.208  -22.659 0.0000000000
21057  35.298  -46.503  -22.954 0.0000000000
22118  35.563  -45.927  -23.842 0.0000000000
133989  36.557  -44.360  -23.759 0.0000000000
26656  47.555  -40.419  -14.090 0.0000000000
24809  47.520  -42.357  -14.065 0.0000000000
112532  49.245  -43.165  -14.586 0.0000000000
123631  47.103  -43.961  -14.265 0.0000000000
22027  46.460  -45.855  -15.065 0.0000000000
21006  46.657  -47.135  -16.071 0.0000000000
19956  45.652  -48.375  -17.170 0.0000000000
18918  46.864  -49.639  -17.929 0.0000000000
18920  45.665  -49.362  -18.464 0.0000000000
23004  38.709  -44.364  -13.588 0.0000000000
24811  45.914  -43.009  -13.705 0.0000000000
24789  45.174  -42.393  -13.500 0.0000000000
23890  45.096  -43.533  -13.644 0.0000000000
23988  35.768  -43.344  -21.436 0.0000000000
120914  36.276  -42.500  -20.125 0.0000000000
121257  43.874  -48.184  -17.419 0.0000000000
19945  43.191  -47.792  -16.968 0.0000000000
19958  43.302  -48.185  -18.332 0.0000000000
21049  37.734  -46.457  -21.171 0.0000000000
126755  36.819  -46.058  -21.115 0.0000000000
19000  36.863  -48.956  -25.028 0.0000000000
20989  49.463  -46.527  -15.752 0.0000000000
22033  40.325  -46.256  -15.342 0.0000000000
22016  39.719  -45.653  -14.622 0.0000000000
118542  39.235  -45.936  -15.347 0.0000000000
25764  37.589  -41.540  -14.041 0.0000000000
19994  43.028  -48.106  -20.405 0.0000000000
128026  39.706  -48.190  -21.004 0.0000000000
128074  39.930  -48.015  -21.551 0.0000000000
19997  39.384  -47.646  -21.498 0.0000000000
129645  38.803  -47.249  -21.560 0.0000000000
22041  37.416  -45.329  -16.810 0.0000000000
112634  36.785  -44.615  -17.331 0.0000000000
23933  36.592  -43.511  -17.478 0.0000000000
24833  37.349  -42.826  -15.831 0.0000000000
22028  45.431  -45.919  -14.906 0.0000000000
22013  44.818  -45.232  -14.340 0.0000000000
22029  44.462  -46.046  -14.856 0.0000000000
125861  41.183  -46.761  -15.926 0.0000000000
20997  40.714  -46.905  -16.632 0.0000000000
19981  42.026  -47.369  -20.388 0.0000000000
19970  42.047  -47.470  -19.171 0.0000000000
21027  41.188  -46.926  -19.600 0.0000000000
21029  39.430  -46.165  -19.483 0.0000000000
116998  40.257  -46.499  -19.464 0.0000000000
113306  39.722  -46.444  -18.528 0.0000000000
21021  38.826  -46.088  -18.516 0.0000000000
22082  35.639  -44.998  -20.989 0.0000000000
22083  35.511  -44.295  -21.046 0.0000000000
16919  36.280  -50.503  -22.529 0.0000000000
17925  35.782  -49.073  -23.669 0.0000000000
125554  35.488  -48.310  -23.057 0.0000000000
20026  35.396  -47.348  -23.320 0.0000000000
21096  36.523  -46.750  -24.860 0.0000000000
117677  35.757  -46.646  -24.293 0.0000000000
21075  36.198  -45.942  -24.466 0.0000000000
22097  35.903  -45.192  -23.969 0.0000000000
22117  36.805  -45.268  -24.480 0.0000000000
112918  48.222  -39.640  -14.240 0.0000000000
26655  48.446  -40.616  -14.259 0.0000000000
25762  47.749  -41.420  -14.078 0.0000000000
113969  48.192  -42.112  -14.237 0.0000000000
23019  49.257  -44.180  -14.866 0.0000000000
23020  48.359  -44.482  -14.794 0.0000000000
133845  47.717  -43.986  -14.473 0.0000000000
112979  47.417  -44.556  -14.611 0.0000000000
22011  46.926  -45.180  -14.787 0.0000000000
130268  47.333  -45.782  -15.265 0.0000000000
21005  47.839  -47.117  -16.267 0.0000000000
20991  47.192  -46.443  -15.660 0.0000000000
19941  47.175  -47.839  -16.637 0.0000000000
19942  46.128  -47.817  -16.532 0.0000000000
19955  46.646  -48.446  -17.119 0.0000000000
16859  46.794  -50.602  -17.964 0.0000000000
17866  46.607  -50.051  -18.346 0.0000000000
18919  46.454  -49.566  -18.178 0.0000000000
23029  37.747  -44.330  -14.734 0.0000000000
23028  38.299  -44.709  -14.349 0.0000000000
23909  37.910  -43.902  -14.036 0.0000000000
129646  38.086  -42.908  -13.077 0.0000000000
23956  36.083  -43.667  -19.299 0.0000000000
23049  36.479  -44.101  -18.032 0.0000000000
21008  44.549  -47.222  -15.923 0.0000000000
20994  44.059  -46.662  -15.399 0.0000000000
21009  43.607  -47.282  -16.020 0.0000000000
19946  42.271  -47.529  -17.075 0.0000000000
21048  40.466  -46.768  -21.071 0.0000000000
21038  40.654  -46.631  -20.294 0.0000000000
111901  39.519  -46.523  -21.249 0.0000000000
22066  39.070  -46.042  -20.355 0.0000000000
22067  38.098  -45.679  -20.010 0.0000000000
22081  37.240  -45.723  -20.576 0.0000000000
115322  36.258  -45.518  -20.805 0.0000000000
22091  35.510  -45.668  -21.795 0.0000000000
20041  35.504  -47.228  -24.027 0.0000000000
18988  36.156  -48.562  -24.501 0.0000000000
19001  36.599  -48.200  -24.999 0.0000000000
23039  49.305  -45.065  -15.321 0.0000000000
22026  48.056  -46.111  -15.654 0.0000000000
22025  48.967  -45.911  -15.672 0.0000000000
20990  48.696  -46.670  -15.999 0.0000000000
21004  48.751  -47.417  -16.284 0.0000000000
23026  40.215  -45.229  -13.897 0.0000000000
23003  39.681  -44.586  -13.365 0.0000000000
24813  37.618  -43.100  -14.205 0.0000000000
125625  37.629  -42.331  -14.203 0.0000000000
129533  37.646  -42.014  -13.618 0.0000000000
18922  43.958  -48.663  -19.291 0.0000000000
19979  43.244  -48.193  -19.772 0.0000000000
19995  42.515  -47.855  -20.750 0.0000000000
19996  41.738  -47.567  -21.100 0.0000000000
20008  40.628  -47.634  -21.628 0.0000000000
21052  40.232  -47.199  -21.582 0.0000000000
21053  39.485  -47.212  -21.585 0.0000000000
22040  38.170  -45.778  -16.362 0.0000000000
22034  38.363  -45.590  -15.537 0.0000000000
22035  37.605  -45.165  -15.885 0.0000000000
120390  37.359  -44.292  -15.449 0.0000000000
113432  36.754  -43.840  -16.758 0.0000000000
23917  37.289  -43.440  -15.424 0.0000000000
24820  37.803  -42.107  -15.568 0.0000000000
24022  37.190  -43.587  -23.336 0.0000000000
22998  44.569  -44.396  -13.769 0.0000000000
20998  39.590  -46.379  -16.032 0.0000000000
19960  41.678  -47.404  -17.843 0.0000000000
21028  40.518  -46.822  -18.524 0.0000000000
21018  40.763  -47.029  -17.529 0.0000000000
21011  39.943  -46.652  -16.885 0.0000000000
21012  38.977  -46.241  -16.695 0.0000000000
112744  38.202  -45.870  -17.451 0.0000000000
129270  36.766  -44.865  -18.410 0.0000000000
22068  36.978  -45.219  -19.510 0.0000000000
23069  36.277  -44.507  -19.323 0.0000000000
23972  35.614  -43.659  -20.814 0.0000000000
24002  35.859  -43.540  -22.261 0.0000000000
20012  36.270  -47.260  -21.570 0.0000000000
17918  35.860  -49.756  -22.998 0.0000000000
122602  35.805  -47.385  -22.015 0.0000000000
21054  35.844  -46.541  -21.764 0.0000000000
21055  35.507  -46.426  -22.322 0.0000000000
22095  35.316  -45.615  -22.569 0.0000000000
123099  35.315  -45.984  -23.240 0.0000000000
22098  35.411  -45.338  -23.287 0.0000000000
23119  35.679  -44.689  -23.380 0.0000000000
23100  35.725  -44.094  -22.956 0.0000000000
24023  36.303  -43.670  -23.037 0.0000000000
23118  37.793  -44.113  -23.983 0.0000000000
26657  46.630  -40.138  -13.872 0.0000000000
117205  47.414  -39.606  -14.113 0.0000000000
114635  47.015  -40.998  -13.861 0.0000000000
25763  46.886  -41.795  -13.811 0.0000000000
24810  46.726  -42.686  -13.840 0.0000000000
23905  50.344  -43.000  -14.633 0.0000000000
126826  48.795  -42.366  -14.396 0.0000000000
24808  48.225  -42.817  -14.373 0.0000000000
23907  47.438  -43.279  -14.222 0.0000000000
23908  46.580  -43.532  -13.970 0.0000000000
23021  46.450  -44.378  -14.276 0.0000000000
22012  45.913  -45.162  -14.547 0.0000000000
20992  46.034  -46.516  -15.473 0.0000000000
21007  45.558  -47.172  -15.937 0.0000000000
19943  45.089  -47.779  -16.533 0.0000000000
19957  44.683  -48.277  -17.277 0.0000000000
18898  46.170  -48.950  -17.786 0.0000000000
18921  44.803  -49.081  -18.817 0.0000000000
22017  38.713  -45.396  -14.772 0.0000000000
23896  39.197  -43.919  -12.901 0.0000000000
24812  37.883  -43.254  -13.614 0.0000000000
23880  38.783  -43.159  -12.689 0.0000000000
17903  42.868  -48.389  -20.553 0.0000000000
18897  47.006  -48.976  -17.534 0.0000000000
18899  45.232  -48.777  -17.981 0.0000000000
18941  45.185  -49.554  -18.900 0.0000000000
18974  41.181  -47.818  -21.467 0.0000000000
18975  40.652  -47.940  -21.692 0.0000000000
19026  37.268  -48.321  -25.319 0.0000000000
19969  42.774  -47.886  -19.197 0.0000000000
20061  36.884  -47.549  -25.185 0.0000000000
21047  41.134  -47.222  -21.310 0.0000000000
21059  35.403  -46.588  -23.624 0.0000000000
21074  37.083  -46.069  -24.973 0.0000000000
23002  40.738  -44.649  -13.285 0.0000000000
23101  35.388  -44.749  -22.696 0.0000000000
23897  38.376  -43.626  -13.252 0.0000000000
23923  36.987  -43.621  -16.048 0.0000000000
23989  35.467  -43.946  -21.571 0.0000000000
24776  38.409  -42.388  -12.593 0.0000000000
24901  35.931  -42.901  -20.831 0.0000000000
24920  36.411  -42.810  -21.744 0.0000000000
25760  49.594  -41.300  -14.399 0.0000000000
25761  48.779  -41.552  -14.316 0.0000000000
119567  48.355  -43.655  -14.553 0.0000000000
132808  49.192  -46.947  -16.064 0.0000000000
