#!ascii label  , from subject sub-s009 vox2ras=TkReg
319
72790  29.314  9.392  -35.150 0.0000000000
66941  24.675  2.103  -29.632 0.0000000000
77838  29.061  15.424  -33.976 0.0000000000
86288  26.583  26.199  -33.457 0.0000000000
65067  22.813  1.308  -28.957 0.0000000000
119525  29.389  17.923  -37.019 0.0000000000
81935  28.342  20.187  -36.468 0.0000000000
72049  28.227  8.231  -32.318 0.0000000000
118457  28.092  5.328  -32.346 0.0000000000
69757  29.981  6.202  -34.756 0.0000000000
74409  30.920  11.476  -36.428 0.0000000000
123067  31.368  8.406  -33.598 0.0000000000
75239  29.112  12.863  -35.437 0.0000000000
77019  29.890  14.798  -37.724 0.0000000000
84029  27.781  23.276  -33.492 0.0000000000
83347  26.802  22.502  -37.803 0.0000000000
66960  27.227  2.008  -31.619 0.0000000000
121977  28.910  19.258  -35.339 0.0000000000
116077  28.509  20.614  -34.717 0.0000000000
124714  28.777  8.901  -33.924 0.0000000000
71303  28.889  7.335  -33.783 0.0000000000
72058  29.480  7.968  -35.097 0.0000000000
66002  24.087  1.458  -29.376 0.0000000000
129619  28.975  14.077  -34.230 0.0000000000
76090  29.410  13.592  -36.644 0.0000000000
127443  29.272  15.188  -36.015 0.0000000000
128018  29.428  18.793  -38.667 0.0000000000
79606  29.857  17.469  -38.369 0.0000000000
86273  25.105  26.036  -32.646 0.0000000000
126570  25.665  23.026  -31.592 0.0000000000
84769  27.286  24.907  -33.257 0.0000000000
86331  25.452  26.816  -38.711 0.0000000000
116847  25.472  24.819  -38.969 0.0000000000
84053  26.696  23.964  -37.355 0.0000000000
84064  25.461  23.559  -39.413 0.0000000000
82651  26.361  21.967  -39.459 0.0000000000
67932  28.617  3.825  -33.076 0.0000000000
116835  27.370  3.875  -31.704 0.0000000000
126920  21.983  1.287  -28.721 0.0000000000
79596  29.473  16.875  -36.025 0.0000000000
80403  29.228  18.465  -35.997 0.0000000000
117191  29.076  18.731  -37.119 0.0000000000
81207  28.261  20.000  -39.164 0.0000000000
70509  26.946  6.256  -31.079 0.0000000000
70521  28.222  6.273  -32.385 0.0000000000
69746  28.592  5.719  -33.186 0.0000000000
67943  29.995  3.683  -33.893 0.0000000000
73595  30.040  10.257  -36.063 0.0000000000
72063  30.476  8.687  -35.618 0.0000000000
123636  31.490  9.992  -34.930 0.0000000000
73565  28.729  10.492  -33.280 0.0000000000
75213  28.626  12.071  -32.639 0.0000000000
74404  29.346  11.369  -35.489 0.0000000000
121070  29.488  12.315  -36.359 0.0000000000
76097  30.256  13.389  -37.343 0.0000000000
77855  31.372  15.131  -37.185 0.0000000000
78712  29.594  16.444  -37.617 0.0000000000
78719  30.941  16.406  -38.163 0.0000000000
83320  27.896  22.428  -32.791 0.0000000000
85525  26.997  25.834  -35.954 0.0000000000
84790  27.317  24.506  -35.884 0.0000000000
84045  27.534  23.663  -35.519 0.0000000000
117797  28.064  21.832  -35.431 0.0000000000
82637  27.595  21.449  -37.034 0.0000000000
82650  27.112  21.096  -38.891 0.0000000000
67884  24.774  3.090  -29.674 0.0000000000
68849  26.743  4.429  -30.986 0.0000000000
70530  30.715  6.698  -34.974 0.0000000000
111870  30.738  4.712  -33.883 0.0000000000
81924  28.577  20.350  -34.022 0.0000000000
82621  28.398  21.034  -34.158 0.0000000000
131621  29.029  9.324  -34.642 0.0000000000
124545  28.975  8.057  -34.345 0.0000000000
72065  29.584  8.797  -35.310 0.0000000000
64112  21.122  0.123  -28.095 0.0000000000
76997  29.036  14.678  -34.669 0.0000000000
77004  29.173  14.634  -35.703 0.0000000000
77848  29.187  15.346  -35.121 0.0000000000
80425  29.456  19.242  -39.064 0.0000000000
85512  26.048  25.793  -32.711 0.0000000000
85496  25.355  25.129  -32.315 0.0000000000
127949  26.911  24.845  -32.692 0.0000000000
85510  27.192  25.572  -33.719 0.0000000000
84803  25.652  24.060  -38.879 0.0000000000
124697  25.187  23.517  -40.261 0.0000000000
66990  28.830  2.839  -33.147 0.0000000000
132768  23.492  2.716  -29.432 0.0000000000
79578  29.143  17.855  -34.047 0.0000000000
80397  29.140  18.572  -34.774 0.0000000000
127721  28.623  19.858  -35.679 0.0000000000
129929  28.791  19.344  -36.317 0.0000000000
81201  28.578  19.491  -37.310 0.0000000000
121957  28.450  19.732  -38.281 0.0000000000
81943  28.096  20.231  -37.489 0.0000000000
86290  24.841  26.831  -32.999 0.0000000000
131351  27.569  6.873  -31.513 0.0000000000
71293  28.396  7.298  -32.602 0.0000000000
70526  29.183  6.661  -34.176 0.0000000000
116271  29.019  6.045  -33.859 0.0000000000
69752  29.321  5.277  -33.850 0.0000000000
68867  29.315  4.266  -33.657 0.0000000000
68866  30.001  4.582  -34.109 0.0000000000
65052  22.819  0.610  -28.779 0.0000000000
73594  30.543  10.834  -36.242 0.0000000000
73586  30.709  10.045  -35.992 0.0000000000
73593  31.131  10.741  -36.051 0.0000000000
72768  28.564  9.614  -32.898 0.0000000000
75228  28.931  12.978  -33.672 0.0000000000
123264  28.913  12.294  -33.562 0.0000000000
74400  29.197  11.269  -34.720 0.0000000000
121189  29.225  11.989  -35.122 0.0000000000
74411  29.404  11.522  -36.014 0.0000000000
121175  29.227  12.126  -35.873 0.0000000000
77015  29.651  14.523  -37.379 0.0000000000
130935  29.871  13.552  -37.292 0.0000000000
76102  30.342  14.132  -37.634 0.0000000000
77009  31.187  14.393  -37.383 0.0000000000
77017  30.384  14.901  -37.886 0.0000000000
79595  29.475  17.062  -36.972 0.0000000000
78713  29.476  16.209  -36.792 0.0000000000
79605  30.091  17.076  -38.491 0.0000000000
78717  31.356  16.612  -37.466 0.0000000000
127386  27.501  23.758  -32.811 0.0000000000
110997  26.566  23.047  -31.802 0.0000000000
83321  27.427  23.110  -32.394 0.0000000000
83311  27.113  22.231  -31.847 0.0000000000
86330  25.855  26.234  -38.039 0.0000000000
126680  25.792  27.037  -37.924 0.0000000000
133970  26.602  26.095  -36.625 0.0000000000
114297  26.714  25.367  -36.711 0.0000000000
84052  27.041  23.210  -37.192 0.0000000000
125188  27.200  23.869  -36.536 0.0000000000
117327  27.415  23.168  -36.399 0.0000000000
83335  27.713  22.632  -35.715 0.0000000000
83341  27.392  22.402  -36.884 0.0000000000
121720  27.766  21.895  -36.235 0.0000000000
128950  27.128  21.867  -37.635 0.0000000000
82656  26.571  21.843  -40.322 0.0000000000
132531  26.707  21.470  -39.159 0.0000000000
82655  26.965  21.288  -39.715 0.0000000000
133184  27.506  20.859  -40.071 0.0000000000
67885  23.947  3.663  -29.605 0.0000000000
69742  27.594  5.850  -31.605 0.0000000000
69730  26.841  5.463  -31.067 0.0000000000
68848  27.433  4.891  -31.680 0.0000000000
67918  27.272  2.857  -31.679 0.0000000000
67919  26.852  3.456  -31.188 0.0000000000
66961  26.622  2.529  -31.052 0.0000000000
129950  26.021  2.707  -30.465 0.0000000000
72057  31.312  8.627  -35.020 0.0000000000
71307  31.046  7.354  -35.158 0.0000000000
70529  31.087  6.972  -34.311 0.0000000000
121188  28.891  19.263  -34.484 0.0000000000
81181  28.704  19.653  -33.871 0.0000000000
81187  28.686  19.945  -34.800 0.0000000000
116124  28.441  20.497  -35.481 0.0000000000
125126  28.502  8.780  -32.905 0.0000000000
72048  28.675  8.101  -33.329 0.0000000000
71309  29.297  7.319  -34.596 0.0000000000
70532  29.672  6.673  -34.781 0.0000000000
65066  23.514  0.974  -29.085 0.0000000000
65065  24.332  0.763  -29.235 0.0000000000
75249  31.192  12.275  -36.536 0.0000000000
74403  31.375  11.530  -35.982 0.0000000000
76065  28.817  13.782  -33.276 0.0000000000
76075  29.018  13.349  -34.408 0.0000000000
76083  29.185  13.434  -36.057 0.0000000000
120467  29.068  13.865  -35.307 0.0000000000
121383  29.309  14.721  -36.538 0.0000000000
77861  29.443  14.921  -37.170 0.0000000000
130479  29.383  18.228  -37.745 0.0000000000
79602  29.591  17.392  -37.861 0.0000000000
80424  29.863  18.195  -38.689 0.0000000000
80426  30.050  18.810  -38.957 0.0000000000
84019  27.246  24.343  -32.719 0.0000000000
112720  27.570  24.197  -33.468 0.0000000000
85542  25.359  25.804  -39.003 0.0000000000
85540  25.932  25.331  -38.223 0.0000000000
84798  26.416  24.803  -37.567 0.0000000000
120567  26.244  24.019  -38.194 0.0000000000
84059  26.505  23.283  -38.004 0.0000000000
83353  25.726  22.806  -39.603 0.0000000000
83357  26.006  22.275  -40.185 0.0000000000
68859  27.999  4.337  -32.371 0.0000000000
67933  27.966  3.184  -32.388 0.0000000000
66974  27.660  2.290  -32.122 0.0000000000
114042  21.156  0.934  -28.399 0.0000000000
66004  22.438  1.951  -29.078 0.0000000000
66003  23.265  1.741  -29.189 0.0000000000
66942  23.752  2.233  -29.384 0.0000000000
78677  29.033  16.101  -33.370 0.0000000000
78690  29.239  16.243  -34.450 0.0000000000
121223  29.291  17.108  -34.425 0.0000000000
79585  29.382  17.628  -35.214 0.0000000000
129326  29.428  17.604  -36.236 0.0000000000
80419  29.051  18.905  -38.133 0.0000000000
81206  28.900  19.361  -38.901 0.0000000000
81210  28.836  19.842  -39.504 0.0000000000
86289  25.728  26.526  -33.131 0.0000000000
86987  26.157  26.885  -33.681 0.0000000000
70520  28.702  6.551  -33.370 0.0000000000
68858  28.589  4.799  -33.121 0.0000000000
67944  29.317  3.439  -33.566 0.0000000000
134155  29.948  2.598  -33.682 0.0000000000
72789  29.737  9.579  -35.574 0.0000000000
113111  29.977  8.911  -35.610 0.0000000000
72788  30.293  9.422  -35.787 0.0000000000
72783  31.225  9.270  -35.333 0.0000000000
133093  31.431  9.313  -34.710 0.0000000000
115154  31.521  10.895  -35.267 0.0000000000
129485  31.515  9.830  -33.871 0.0000000000
122950  31.385  9.108  -33.156 0.0000000000
72779  28.901  9.780  -34.023 0.0000000000
123427  29.162  9.932  -34.835 0.0000000000
74392  28.875  11.390  -33.627 0.0000000000
123421  29.038  10.552  -34.317 0.0000000000
73587  29.425  10.093  -35.366 0.0000000000
121774  29.459  10.799  -35.645 0.0000000000
132201  30.044  11.034  -36.302 0.0000000000
74417  30.114  12.277  -36.812 0.0000000000
75251  29.619  13.083  -36.851 0.0000000000
75257  29.947  12.894  -37.124 0.0000000000
75255  30.713  12.877  -37.043 0.0000000000
76089  31.225  13.174  -36.804 0.0000000000
77008  31.487  14.461  -36.687 0.0000000000
78701  29.369  15.976  -35.780 0.0000000000
77856  29.550  15.642  -37.371 0.0000000000
77864  29.930  15.427  -37.985 0.0000000000
78718  29.814  16.689  -38.190 0.0000000000
78721  29.966  16.128  -38.290 0.0000000000
77863  30.172  15.568  -38.131 0.0000000000
129105  31.154  15.784  -37.674 0.0000000000
128863  28.200  21.580  -33.282 0.0000000000
86305  26.659  26.717  -34.257 0.0000000000
86314  26.670  26.797  -36.009 0.0000000000
86304  27.053  26.106  -34.184 0.0000000000
120802  27.285  25.630  -34.475 0.0000000000
84776  27.495  24.876  -34.214 0.0000000000
84038  27.671  23.935  -34.388 0.0000000000
84791  26.911  24.604  -36.699 0.0000000000
83328  27.774  23.038  -34.653 0.0000000000
132749  28.004  22.341  -34.867 0.0000000000
82622  28.210  21.739  -34.486 0.0000000000
82630  28.333  21.162  -35.083 0.0000000000
81929  28.089  21.127  -36.101 0.0000000000
81936  27.945  20.762  -36.923 0.0000000000
82645  26.722  21.772  -38.495 0.0000000000
82644  27.306  21.244  -37.995 0.0000000000
81949  27.756  20.498  -38.411 0.0000000000
81953  28.169  20.389  -39.932 0.0000000000
66954  25.484  2.417  -30.045 0.0000000000
68830  26.061  4.467  -30.426 0.0000000000
133215  25.640  4.104  -30.120 0.0000000000
67904  25.554  3.326  -30.029 0.0000000000
72064  29.996  8.255  -35.518 0.0000000000
70538  30.570  7.204  -35.288 0.0000000000
69756  30.349  6.136  -34.647 0.0000000000
70524  30.948  6.294  -33.564 0.0000000000
70525  30.708  6.121  -34.354 0.0000000000
69750  30.551  5.448  -34.268 0.0000000000
68865  30.609  4.023  -33.932 0.0000000000
69751  30.072  5.499  -34.414 0.0000000000
69758  29.587  6.060  -34.363 0.0000000000
70531  30.178  6.762  -35.103 0.0000000000
71302  31.300  7.953  -34.513 0.0000000000
71308  29.717  7.208  -35.107 0.0000000000
71313  30.649  7.891  -35.480 0.0000000000
71314  30.089  7.502  -35.382 0.0000000000
72054  31.419  8.866  -34.166 0.0000000000
72062  31.018  8.571  -35.511 0.0000000000
72787  30.878  9.280  -35.749 0.0000000000
73580  29.299  10.638  -35.115 0.0000000000
73585  31.188  10.006  -35.642 0.0000000000
73596  29.689  10.932  -36.052 0.0000000000
74410  30.344  11.578  -36.514 0.0000000000
74418  29.786  11.715  -36.443 0.0000000000
75238  31.636  11.898  -35.173 0.0000000000
75244  31.528  12.237  -35.837 0.0000000000
75250  30.588  12.193  -36.754 0.0000000000
75256  30.290  12.727  -37.047 0.0000000000
76082  31.528  12.921  -36.059 0.0000000000
76096  30.843  13.707  -37.367 0.0000000000
76098  29.627  13.858  -37.151 0.0000000000
76103  30.058  14.485  -37.762 0.0000000000
77010  29.265  14.074  -36.262 0.0000000000
77014  30.736  14.418  -37.661 0.0000000000
77016  29.420  14.265  -36.936 0.0000000000
77018  30.063  15.029  -37.942 0.0000000000
77857  29.375  15.399  -36.680 0.0000000000
77859  30.971  15.000  -37.814 0.0000000000
77860  29.705  15.185  -37.626 0.0000000000
77862  30.629  15.647  -38.075 0.0000000000
78720  30.356  16.306  -38.314 0.0000000000
79604  30.641  17.080  -38.442 0.0000000000
80386  28.795  18.774  -33.671 0.0000000000
80418  29.604  18.171  -38.308 0.0000000000
81944  27.709  20.829  -37.557 0.0000000000
83348  26.294  22.592  -38.673 0.0000000000
84020  26.987  23.774  -32.194 0.0000000000
84063  25.943  23.366  -38.787 0.0000000000
84759  26.621  24.397  -32.282 0.0000000000
84784  27.509  24.459  -35.046 0.0000000000
84805  25.147  24.177  -39.616 0.0000000000
86313  27.099  26.272  -35.029 0.0000000000
116187  27.591  20.626  -39.429 0.0000000000
117790  28.011  22.410  -33.940 0.0000000000
118987  29.284  12.884  -36.270 0.0000000000
119786  30.436  4.881  -34.117 0.0000000000
120862  29.751  15.890  -37.936 0.0000000000
122778  29.392  16.765  -35.168 0.0000000000
123583  31.136  8.017  -35.253 0.0000000000
126897  29.794  12.481  -36.727 0.0000000000
128150  29.094  12.546  -34.453 0.0000000000
128189  29.126  8.730  -34.840 0.0000000000
128277  29.855  14.181  -37.503 0.0000000000
130920  31.331  13.845  -37.006 0.0000000000
132388  30.032  13.932  -37.569 0.0000000000
133516  29.116  11.878  -34.324 0.0000000000
133664  29.655  10.330  -35.724 0.0000000000
