#!ascii label  , from subject sub-p016 vox2ras=TkReg
373
132412  -23.399  -1.281  -29.456 0.0000000000
66497  -20.294  0.266  -34.806 0.0000000000
78893  -21.903  15.336  -36.511 0.0000000000
75553  -22.530  11.354  -35.449 0.0000000000
71373  -23.420  6.992  -33.410 0.0000000000
68912  -24.068  4.017  -29.955 0.0000000000
80630  -21.399  17.101  -37.110 0.0000000000
73905  -22.970  9.463  -34.954 0.0000000000
123867  -19.878  5.641  -35.523 0.0000000000
64514  -22.074  -1.162  -31.955 0.0000000000
68147  -22.376  2.487  -32.363 0.0000000000
67258  -23.633  1.117  -29.752 0.0000000000
59971  -23.328  -6.174  -27.073 0.0000000000
62761  -21.478  -3.368  -31.553 0.0000000000
85309  -19.803  23.115  -38.561 0.0000000000
84592  -20.994  22.129  -38.474 0.0000000000
83068  -22.256  20.311  -37.084 0.0000000000
82274  -23.087  19.323  -36.258 0.0000000000
124249  -24.024  16.888  -35.396 0.0000000000
76388  -21.524  13.004  -35.964 0.0000000000
78866  -24.501  15.316  -34.808 0.0000000000
76375  -25.066  12.608  -34.140 0.0000000000
75542  -25.367  11.014  -33.450 0.0000000000
73031  -25.334  9.074  -32.437 0.0000000000
69796  -21.759  4.088  -34.220 0.0000000000
131823  -23.751  5.474  -32.006 0.0000000000
71389  -19.641  6.515  -35.514 0.0000000000
122766  -18.470  4.844  -35.030 0.0000000000
64505  -22.660  -0.870  -30.671 0.0000000000
66460  -22.743  0.084  -30.706 0.0000000000
65483  -23.185  -0.291  -30.050 0.0000000000
58134  -25.900  -8.755  -23.432 0.0000000000
59014  -25.337  -8.050  -23.809 0.0000000000
59040  -24.524  -7.149  -24.681 0.0000000000
62769  -20.653  -3.340  -32.558 0.0000000000
61917  -20.508  -4.665  -31.722 0.0000000000
83841  -21.512  21.738  -38.077 0.0000000000
79769  -21.453  16.139  -36.810 0.0000000000
81498  -22.542  18.470  -36.760 0.0000000000
80632  -23.081  17.619  -36.303 0.0000000000
81484  -23.379  18.471  -35.972 0.0000000000
132666  -23.221  16.562  -35.953 0.0000000000
76381  -22.241  12.214  -35.597 0.0000000000
77245  -23.206  13.520  -35.314 0.0000000000
76382  -23.909  12.810  -35.028 0.0000000000
78060  -24.794  14.523  -34.493 0.0000000000
76373  -23.708  11.962  -35.052 0.0000000000
124697  -23.295  8.090  -34.265 0.0000000000
73907  -24.232  9.982  -34.299 0.0000000000
113551  -24.593  9.169  -33.491 0.0000000000
73890  -25.553  9.928  -32.666 0.0000000000
72173  -24.296  7.894  -33.010 0.0000000000
67317  -19.094  1.188  -35.038 0.0000000000
124407  -20.465  2.936  -35.509 0.0000000000
68173  -21.204  2.457  -34.811 0.0000000000
68138  -23.215  2.935  -31.289 0.0000000000
68952  -23.244  4.218  -31.987 0.0000000000
69769  -23.699  4.457  -31.379 0.0000000000
132003  -24.370  5.756  -31.093 0.0000000000
70509  -24.534  5.538  -30.190 0.0000000000
60892  -23.791  -5.360  -26.922 0.0000000000
60907  -22.538  -5.794  -28.480 0.0000000000
61856  -23.555  -4.904  -27.709 0.0000000000
61896  -23.096  -4.053  -29.100 0.0000000000
73911  -20.754  9.381  -35.472 0.0000000000
73913  -22.392  9.994  -35.288 0.0000000000
123086  -21.350  8.089  -35.143 0.0000000000
72194  -21.765  7.436  -34.809 0.0000000000
71381  -21.810  6.548  -34.606 0.0000000000
65515  -21.213  -0.455  -33.630 0.0000000000
67299  -21.616  1.020  -33.312 0.0000000000
66480  -21.975  0.823  -32.425 0.0000000000
67286  -22.819  1.523  -31.109 0.0000000000
68096  -24.023  2.530  -29.688 0.0000000000
60856  -24.383  -5.873  -25.522 0.0000000000
115327  -20.029  -1.229  -34.516 0.0000000000
64533  -20.917  -1.746  -33.335 0.0000000000
64523  -21.872  -1.939  -32.098 0.0000000000
63582  -22.385  -2.351  -30.805 0.0000000000
122825  -19.221  24.894  -38.647 0.0000000000
83840  -19.815  21.802  -37.809 0.0000000000
118043  -20.162  22.943  -38.806 0.0000000000
120519  -21.566  23.730  -37.851 0.0000000000
84570  -22.626  22.772  -36.671 0.0000000000
84571  -23.219  22.258  -35.913 0.0000000000
81508  -21.670  18.949  -37.575 0.0000000000
83069  -22.828  20.132  -36.426 0.0000000000
83824  -23.768  21.780  -35.309 0.0000000000
83061  -24.175  20.215  -35.072 0.0000000000
82267  -24.441  19.295  -34.858 0.0000000000
81468  -24.711  18.483  -34.621 0.0000000000
78087  -22.277  14.650  -36.063 0.0000000000
78876  -23.260  15.606  -35.624 0.0000000000
79758  -24.251  16.107  -35.105 0.0000000000
124601  -25.269  16.948  -34.146 0.0000000000
79750  -25.367  16.129  -34.019 0.0000000000
135028  -26.026  14.076  -33.262 0.0000000000
74726  -24.196  10.620  -34.528 0.0000000000
75548  -25.055  11.760  -34.070 0.0000000000
69810  -19.592  3.956  -35.462 0.0000000000
69811  -20.749  4.527  -35.221 0.0000000000
70560  -22.528  5.896  -33.740 0.0000000000
68960  -22.337  3.317  -32.864 0.0000000000
69785  -22.650  4.667  -33.126 0.0000000000
71355  -23.743  6.535  -32.768 0.0000000000
71356  -24.308  7.114  -32.376 0.0000000000
72151  -25.214  8.017  -31.305 0.0000000000
61911  -21.995  -4.366  -30.244 0.0000000000
62741  -22.786  -3.385  -29.710 0.0000000000
63564  -23.544  -2.352  -28.866 0.0000000000
64506  -23.165  -1.120  -29.913 0.0000000000
65467  -23.572  -0.653  -29.253 0.0000000000
125045  -23.836  -1.053  -28.597 0.0000000000
58122  -26.561  -9.110  -22.938 0.0000000000
59015  -25.914  -7.908  -23.323 0.0000000000
78892  -20.987  15.257  -36.676 0.0000000000
115224  -22.080  16.721  -36.708 0.0000000000
123269  -22.319  16.102  -36.402 0.0000000000
79770  -22.823  16.799  -36.339 0.0000000000
74735  -21.914  10.880  -35.530 0.0000000000
74741  -20.976  10.864  -35.634 0.0000000000
117134  -23.089  12.589  -35.314 0.0000000000
127977  -22.976  11.864  -35.323 0.0000000000
75554  -23.322  11.264  -35.127 0.0000000000
72188  -23.068  7.420  -34.009 0.0000000000
73038  -23.726  8.675  -34.156 0.0000000000
72189  -23.720  7.866  -33.631 0.0000000000
73039  -24.239  8.592  -33.559 0.0000000000
134853  -20.070  0.743  -35.050 0.0000000000
67318  -20.322  1.697  -35.294 0.0000000000
126399  -20.421  1.015  -35.010 0.0000000000
68911  -23.789  3.875  -30.704 0.0000000000
68940  -23.429  3.642  -31.366 0.0000000000
69744  -24.148  4.793  -30.671 0.0000000000
69730  -24.406  4.738  -29.714 0.0000000000
70496  -24.689  5.405  -29.308 0.0000000000
121263  -24.353  4.080  -29.299 0.0000000000
73052  -19.559  8.351  -35.531 0.0000000000
112255  -21.472  8.826  -35.298 0.0000000000
72203  -20.069  7.716  -35.479 0.0000000000
71390  -20.509  6.369  -35.349 0.0000000000
72204  -20.811  7.392  -35.294 0.0000000000
71391  -21.239  6.727  -35.034 0.0000000000
70571  -21.241  5.950  -34.885 0.0000000000
65502  -21.611  -0.727  -32.830 0.0000000000
66479  -21.601  0.135  -33.041 0.0000000000
65503  -22.027  -0.141  -32.190 0.0000000000
66461  -23.234  0.568  -30.195 0.0000000000
67277  -22.842  0.848  -30.725 0.0000000000
115709  -23.287  1.377  -30.428 0.0000000000
67287  -23.319  2.265  -30.775 0.0000000000
111755  -23.747  1.922  -30.057 0.0000000000
67259  -24.005  1.723  -29.226 0.0000000000
57201  -26.090  -9.461  -23.232 0.0000000000
56279  -25.853  -9.981  -23.131 0.0000000000
59945  -24.595  -6.311  -24.774 0.0000000000
130695  -20.389  -1.580  -33.941 0.0000000000
62770  -21.040  -3.569  -32.037 0.0000000000
114364  -21.222  -2.972  -32.296 0.0000000000
63590  -21.690  -2.608  -31.886 0.0000000000
63591  -22.072  -2.206  -31.499 0.0000000000
62762  -21.978  -2.887  -31.180 0.0000000000
85299  -19.574  23.390  -37.936 0.0000000000
121445  -19.590  24.177  -38.139 0.0000000000
127541  -19.803  23.754  -38.605 0.0000000000
86017  -19.724  24.410  -38.908 0.0000000000
85310  -19.993  23.677  -38.854 0.0000000000
83086  -20.866  21.454  -38.371 0.0000000000
83851  -20.231  21.671  -38.281 0.0000000000
116365  -20.710  22.745  -38.688 0.0000000000
85311  -20.312  23.433  -38.817 0.0000000000
85300  -21.139  23.184  -38.558 0.0000000000
84579  -21.422  22.489  -38.258 0.0000000000
83842  -22.140  21.183  -37.487 0.0000000000
84580  -22.121  22.159  -37.558 0.0000000000
83832  -22.635  21.781  -36.652 0.0000000000
81497  -21.662  17.991  -37.334 0.0000000000
131630  -23.204  20.684  -36.073 0.0000000000
83060  -23.446  20.093  -35.782 0.0000000000
121145  -23.711  20.895  -35.523 0.0000000000
80621  -23.707  17.665  -35.652 0.0000000000
81485  -24.066  18.481  -35.279 0.0000000000
80622  -24.323  17.659  -34.984 0.0000000000
123398  -21.283  12.161  -35.929 0.0000000000
77253  -21.886  13.870  -36.092 0.0000000000
118163  -22.569  14.012  -35.638 0.0000000000
78074  -24.177  14.591  -34.973 0.0000000000
78877  -23.882  15.424  -35.313 0.0000000000
79749  -24.670  16.813  -34.730 0.0000000000
130946  -25.046  16.464  -34.410 0.0000000000
78867  -25.103  15.285  -34.310 0.0000000000
77239  -25.070  13.628  -34.166 0.0000000000
78061  -25.346  14.506  -33.955 0.0000000000
125223  -25.659  13.872  -33.593 0.0000000000
130212  -25.864  14.561  -33.410 0.0000000000
77227  -25.564  13.073  -33.620 0.0000000000
74725  -23.617  10.644  -34.850 0.0000000000
122148  -23.820  10.140  -34.631 0.0000000000
74721  -25.065  10.539  -33.599 0.0000000000
74720  -24.626  10.558  -34.077 0.0000000000
134847  -25.369  11.478  -33.594 0.0000000000
76348  -25.569  12.166  -33.512 0.0000000000
75528  -25.807  11.381  -32.992 0.0000000000
73010  -25.533  8.768  -31.648 0.0000000000
69809  -18.672  4.024  -35.091 0.0000000000
68967  -20.962  3.097  -35.200 0.0000000000
68978  -20.438  3.742  -35.434 0.0000000000
68979  -21.149  3.942  -34.945 0.0000000000
129134  -21.399  4.942  -34.700 0.0000000000
69797  -22.253  4.964  -33.858 0.0000000000
67300  -21.942  1.733  -32.768 0.0000000000
119276  -21.602  1.848  -33.615 0.0000000000
68160  -21.927  2.560  -33.194 0.0000000000
127308  -23.545  4.974  -32.001 0.0000000000
122704  -22.736  4.083  -32.638 0.0000000000
69786  -23.094  4.823  -32.573 0.0000000000
70545  -22.871  5.353  -33.180 0.0000000000
70546  -23.482  5.617  -32.546 0.0000000000
71341  -24.029  6.055  -31.970 0.0000000000
71328  -24.721  6.375  -30.589 0.0000000000
72132  -24.972  7.191  -30.965 0.0000000000
72133  -25.346  7.750  -30.434 0.0000000000
62728  -23.531  -3.719  -28.501 0.0000000000
121700  -23.661  -3.024  -28.493 0.0000000000
63575  -23.138  -2.670  -29.462 0.0000000000
72202  -19.328  7.395  -35.505 0.0000000000
71388  -19.123  5.962  -35.431 0.0000000000
70578  -19.201  4.956  -35.404 0.0000000000
132690  -22.326  -1.020  -31.273 0.0000000000
65490  -22.376  -0.421  -31.370 0.0000000000
66452  -23.554  0.279  -29.542 0.0000000000
67238  -23.883  0.816  -29.042 0.0000000000
66432  -23.795  0.100  -28.920 0.0000000000
65468  -23.995  -0.391  -28.472 0.0000000000
57189  -26.467  -9.703  -22.894 0.0000000000
59028  -24.973  -7.436  -24.125 0.0000000000
59029  -25.510  -7.173  -23.580 0.0000000000
62777  -20.076  -3.032  -33.207 0.0000000000
62776  -19.587  -3.563  -32.935 0.0000000000
121930  -20.601  -4.025  -32.154 0.0000000000
61918  -21.074  -4.080  -31.492 0.0000000000
84578  -19.637  22.614  -37.841 0.0000000000
118708  -21.441  21.037  -38.045 0.0000000000
83077  -21.675  20.396  -37.733 0.0000000000
82284  -21.830  19.765  -37.427 0.0000000000
80631  -22.282  17.458  -36.756 0.0000000000
124060  -23.452  16.954  -35.941 0.0000000000
77244  -22.394  13.222  -35.615 0.0000000000
77246  -23.971  13.748  -35.015 0.0000000000
131029  -24.511  13.902  -34.643 0.0000000000
77238  -24.523  13.096  -34.618 0.0000000000
76374  -24.465  12.084  -34.618 0.0000000000
73046  -23.000  8.727  -34.679 0.0000000000
73906  -23.643  9.470  -34.553 0.0000000000
73899  -24.211  9.294  -34.007 0.0000000000
73900  -24.696  9.874  -33.716 0.0000000000
73901  -25.209  10.065  -33.293 0.0000000000
73889  -25.056  9.443  -33.133 0.0000000000
73030  -24.761  8.623  -32.909 0.0000000000
73009  -25.078  8.304  -32.126 0.0000000000
68182  -19.437  2.525  -35.348 0.0000000000
67326  -19.621  1.811  -35.286 0.0000000000
68172  -20.741  2.359  -35.297 0.0000000000
68968  -21.435  3.254  -34.521 0.0000000000
68939  -22.893  3.298  -32.002 0.0000000000
70525  -23.923  5.255  -31.514 0.0000000000
71314  -24.875  6.166  -29.704 0.0000000000
116378  -25.303  6.701  -29.204 0.0000000000
59970  -22.885  -6.052  -27.752 0.0000000000
60891  -23.338  -5.587  -27.563 0.0000000000
60908  -23.085  -5.341  -28.190 0.0000000000
61876  -22.710  -4.967  -28.962 0.0000000000
61877  -23.322  -4.540  -28.424 0.0000000000
61878  -23.784  -4.108  -27.882 0.0000000000
73919  -20.876  10.162  -35.536 0.0000000000
74734  -21.567  10.306  -35.479 0.0000000000
74736  -22.872  10.658  -35.234 0.0000000000
73912  -21.588  9.635  -35.397 0.0000000000
73054  -22.313  9.145  -35.176 0.0000000000
122837  -20.077  7.065  -35.495 0.0000000000
73045  -22.102  8.360  -34.906 0.0000000000
72195  -22.639  7.848  -34.510 0.0000000000
72187  -22.413  7.045  -34.341 0.0000000000
71372  -22.788  6.667  -33.787 0.0000000000
65527  -20.789  -0.128  -34.257 0.0000000000
66498  -20.863  0.717  -34.542 0.0000000000
66491  -21.263  0.386  -33.877 0.0000000000
119442  -22.388  1.595  -31.926 0.0000000000
66467  -22.450  0.614  -31.477 0.0000000000
68137  -22.829  2.362  -31.558 0.0000000000
68118  -23.541  3.101  -30.740 0.0000000000
68890  -23.895  3.238  -30.114 0.0000000000
68891  -24.247  3.290  -29.356 0.0000000000
67239  -24.276  1.235  -28.481 0.0000000000
111426  -25.963  -10.459  -22.611 0.0000000000
119905  -23.299  -6.844  -26.586 0.0000000000
59944  -24.146  -6.735  -25.403 0.0000000000
59956  -23.814  -6.234  -26.251 0.0000000000
60868  -24.227  -5.455  -26.181 0.0000000000
65526  -20.319  -0.542  -34.566 0.0000000000
65514  -20.722  -1.016  -34.045 0.0000000000
122209  -21.218  -1.121  -33.375 0.0000000000
64522  -21.535  -1.503  -32.717 0.0000000000
63597  -20.772  -2.580  -32.935 0.0000000000
63598  -21.367  -2.235  -32.568 0.0000000000
113995  -22.307  -1.593  -31.171 0.0000000000
64499  -22.781  -1.732  -30.387 0.0000000000
64500  -23.222  -1.878  -29.607 0.0000000000
85993  -19.421  24.658  -37.459 0.0000000000
84590  -19.945  22.404  -38.389 0.0000000000
85301  -21.943  22.982  -37.750 0.0000000000
85290  -22.298  23.597  -36.991 0.0000000000
85291  -22.975  23.605  -36.227 0.0000000000
118903  -23.274  23.027  -35.871 0.0000000000
82273  -22.379  19.483  -36.934 0.0000000000
121144  -22.718  20.912  -36.613 0.0000000000
83833  -23.226  21.386  -36.010 0.0000000000
121791  -23.852  22.776  -35.221 0.0000000000
83825  -24.290  21.193  -34.882 0.0000000000
82266  -23.779  19.314  -35.540 0.0000000000
77252  -20.963  13.713  -36.363 0.0000000000
78086  -21.460  14.546  -36.445 0.0000000000
78875  -22.634  15.436  -35.962 0.0000000000
79756  -22.947  16.153  -35.926 0.0000000000
79757  -23.595  16.256  -35.617 0.0000000000
78073  -23.232  14.646  -35.436 0.0000000000
80613  -25.019  17.699  -34.379 0.0000000000
78860  -25.622  15.310  -33.686 0.0000000000
78861  -26.170  15.327  -33.077 0.0000000000
78046  -26.383  14.463  -32.816 0.0000000000
75546  -24.042  11.276  -34.780 0.0000000000
75547  -24.588  11.223  -34.350 0.0000000000
74709  -25.926  10.671  -32.506 0.0000000000
121970  -20.110  4.693  -35.503 0.0000000000
68977  -19.883  3.115  -35.561 0.0000000000
70579  -20.647  5.354  -35.254 0.0000000000
70572  -21.913  5.780  -34.327 0.0000000000
134933  -21.337  1.932  -34.344 0.0000000000
68159  -21.579  2.569  -34.040 0.0000000000
68959  -21.894  3.321  -33.706 0.0000000000
117749  -22.284  4.083  -33.408 0.0000000000
70561  -23.178  6.159  -33.256 0.0000000000
71374  -23.924  7.282  -33.040 0.0000000000
111818  -24.634  7.908  -32.445 0.0000000000
71342  -24.542  6.659  -31.475 0.0000000000
72150  -24.772  7.540  -31.785 0.0000000000
61910  -21.455  -4.281  -30.801 0.0000000000
62752  -21.841  -3.653  -30.778 0.0000000000
61895  -22.531  -4.292  -29.666 0.0000000000
131239  -22.331  -3.790  -30.196 0.0000000000
116864  -22.385  -3.120  -30.485 0.0000000000
61926  -20.055  -4.545  -32.282 0.0000000000
62742  -23.331  -3.212  -29.045 0.0000000000
62768  -20.081  -3.811  -32.642 0.0000000000
63574  -22.807  -2.531  -30.090 0.0000000000
64488  -23.581  -1.484  -29.028 0.0000000000
66496  -19.657  0.554  -35.021 0.0000000000
66505  -19.866  1.143  -35.192 0.0000000000
67319  -20.952  1.600  -34.894 0.0000000000
68183  -20.100  2.401  -35.493 0.0000000000
71382  -22.290  6.386  -34.173 0.0000000000
73053  -20.562  8.419  -35.418 0.0000000000
73914  -23.265  10.037  -34.948 0.0000000000
74708  -25.513  10.593  -33.113 0.0000000000
75541  -24.997  11.100  -33.857 0.0000000000
75561  -21.814  11.581  -35.663 0.0000000000
84591  -20.496  22.249  -38.520 0.0000000000
124253  -24.822  16.004  -34.591 0.0000000000
125246  -26.468  16.068  -32.859 0.0000000000
126611  -21.311  1.225  -34.166 0.0000000000
132414  -23.723  2.609  -30.275 0.0000000000
133340  -22.101  -1.755  -31.710 0.0000000000
134410  -21.434  -3.826  -31.130 0.0000000000
