#!ascii label  , from subject sub-p016 vox2ras=TkReg
249
17308  40.433  -47.868  -6.185 0.0000000000
15821  41.982  -50.119  -11.838 0.0000000000
16538  47.515  -49.755  -5.164 0.0000000000
19858  43.999  -45.035  -9.108 0.0000000000
15809  48.779  -50.579  -10.523 0.0000000000
17332  49.206  -48.454  -7.777 0.0000000000
15798  46.264  -50.627  -8.785 0.0000000000
120817  43.129  -47.728  -10.211 0.0000000000
19009  40.702  -45.846  -8.639 0.0000000000
16541  43.387  -49.698  -5.926 0.0000000000
18109  45.800  -47.088  -8.208 0.0000000000
18151  46.760  -47.212  -10.165 0.0000000000
16596  44.777  -49.605  -11.373 0.0000000000
14281  46.941  -53.425  -11.295 0.0000000000
17276  38.101  -48.714  -4.846 0.0000000000
15764  41.536  -50.681  -4.522 0.0000000000
15016  44.815  -51.193  -3.817 0.0000000000
21642  42.255  -43.298  -8.065 0.0000000000
15035  47.656  -50.458  -7.184 0.0000000000
125321  42.615  -48.869  -10.999 0.0000000000
17356  40.703  -48.472  -10.470 0.0000000000
16540  44.599  -49.801  -5.811 0.0000000000
16551  46.648  -49.195  -6.145 0.0000000000
17340  49.076  -48.874  -9.352 0.0000000000
18133  47.886  -47.466  -9.359 0.0000000000
17349  48.190  -48.178  -10.531 0.0000000000
17369  46.688  -48.675  -11.072 0.0000000000
16594  47.178  -49.593  -11.327 0.0000000000
14294  45.230  -53.107  -12.241 0.0000000000
15006  41.850  -51.466  -2.920 0.0000000000
15017  43.501  -51.357  -3.798 0.0000000000
111258  43.469  -51.559  -2.664 0.0000000000
19832  43.942  -44.624  -8.392 0.0000000000
20763  42.809  -43.893  -8.367 0.0000000000
19011  38.677  -46.069  -8.558 0.0000000000
125753  39.885  -44.500  -8.441 0.0000000000
15013  48.512  -50.463  -4.682 0.0000000000
16550  48.033  -48.879  -6.015 0.0000000000
15785  49.154  -50.097  -5.760 0.0000000000
16568  48.902  -49.303  -7.879 0.0000000000
15804  48.407  -50.856  -9.756 0.0000000000
18135  44.002  -46.485  -9.594 0.0000000000
19007  42.640  -45.124  -8.947 0.0000000000
18137  41.680  -47.101  -9.369 0.0000000000
18139  39.621  -47.432  -9.326 0.0000000000
15089  41.645  -51.594  -13.084 0.0000000000
118466  41.884  -48.621  -6.259 0.0000000000
131991  44.060  -46.183  -7.620 0.0000000000
19006  45.026  -45.537  -8.883 0.0000000000
17319  47.712  -48.006  -7.581 0.0000000000
18124  46.213  -46.533  -8.861 0.0000000000
19024  44.991  -45.766  -9.212 0.0000000000
18153  44.979  -47.095  -10.102 0.0000000000
17371  44.282  -48.740  -10.934 0.0000000000
123836  43.838  -49.926  -11.539 0.0000000000
133643  47.885  -52.221  -11.163 0.0000000000
15075  46.055  -51.670  -11.622 0.0000000000
15076  44.839  -51.493  -11.769 0.0000000000
15088  43.076  -51.637  -12.412 0.0000000000
18090  37.866  -47.582  -5.747 0.0000000000
128958  39.452  -48.311  -5.716 0.0000000000
128924  39.939  -49.816  -4.859 0.0000000000
119351  40.997  -49.256  -5.704 0.0000000000
16542  42.367  -49.857  -5.622 0.0000000000
15778  44.094  -50.375  -5.302 0.0000000000
15761  45.634  -50.732  -4.245 0.0000000000
14990  46.591  -51.773  -2.589 0.0000000000
15000  47.894  -50.954  -3.796 0.0000000000
19846  41.386  -44.760  -8.583 0.0000000000
18099  39.638  -47.334  -6.133 0.0000000000
129204  39.676  -46.423  -6.295 0.0000000000
114296  40.435  -46.796  -6.325 0.0000000000
16598  42.562  -49.345  -11.343 0.0000000000
16599  41.592  -49.464  -11.425 0.0000000000
16539  45.889  -49.799  -5.569 0.0000000000
16552  45.227  -49.256  -6.352 0.0000000000
126789  48.960  -49.590  -10.161 0.0000000000
17348  48.880  -48.590  -10.072 0.0000000000
17367  48.607  -49.101  -10.729 0.0000000000
17368  47.765  -48.772  -11.073 0.0000000000
16593  48.228  -49.732  -11.155 0.0000000000
13427  45.578  -54.436  -12.722 0.0000000000
19843  44.004  -44.765  -8.734 0.0000000000
20755  43.327  -44.314  -8.397 0.0000000000
19844  43.370  -44.526  -8.756 0.0000000000
121694  38.390  -45.228  -8.536 0.0000000000
15774  48.805  -50.109  -5.145 0.0000000000
133195  48.747  -50.400  -5.870 0.0000000000
15790  46.582  -50.477  -7.964 0.0000000000
122548  48.082  -49.913  -7.699 0.0000000000
15797  47.172  -50.285  -8.485 0.0000000000
15796  48.124  -49.790  -8.697 0.0000000000
15805  47.291  -50.491  -9.193 0.0000000000
18136  43.275  -47.039  -9.705 0.0000000000
119454  42.688  -46.594  -9.429 0.0000000000
18155  42.308  -47.664  -9.926 0.0000000000
18157  40.179  -47.995  -9.891 0.0000000000
18158  39.187  -47.994  -9.948 0.0000000000
18140  38.625  -47.419  -9.380 0.0000000000
16554  42.472  -49.127  -6.179 0.0000000000
17306  42.479  -48.329  -6.542 0.0000000000
130350  43.199  -48.833  -6.519 0.0000000000
18992  44.734  -45.689  -8.407 0.0000000000
18991  45.397  -46.099  -8.657 0.0000000000
17301  49.090  -48.683  -6.894 0.0000000000
17302  48.567  -48.546  -6.753 0.0000000000
17318  48.701  -48.087  -7.689 0.0000000000
18134  46.977  -47.034  -9.595 0.0000000000
18123  47.225  -47.092  -8.947 0.0000000000
19004  46.198  -46.551  -9.215 0.0000000000
19023  45.482  -46.115  -9.226 0.0000000000
19022  46.135  -46.697  -9.608 0.0000000000
19037  45.437  -46.440  -9.567 0.0000000000
18152  45.883  -47.067  -10.127 0.0000000000
17370  45.543  -48.702  -10.986 0.0000000000
132961  44.092  -49.390  -11.301 0.0000000000
132040  45.117  -56.018  -11.309 0.0000000000
13419  46.710  -54.060  -11.317 0.0000000000
12557  46.692  -54.400  -10.991 0.0000000000
13403  47.171  -53.702  -10.926 0.0000000000
15074  47.116  -52.496  -11.430 0.0000000000
126457  47.312  -51.506  -11.429 0.0000000000
15087  44.369  -52.367  -12.311 0.0000000000
15086  45.266  -52.301  -11.862 0.0000000000
15077  43.907  -51.494  -12.054 0.0000000000
133349  43.576  -52.128  -12.546 0.0000000000
17296  38.467  -48.247  -5.447 0.0000000000
18089  38.798  -47.597  -5.930 0.0000000000
17275  38.908  -48.910  -5.091 0.0000000000
110553  41.000  -50.879  -3.980 0.0000000000
15766  39.739  -50.178  -4.204 0.0000000000
15765  40.602  -50.312  -4.614 0.0000000000
16543  40.479  -49.599  -5.293 0.0000000000
16517  41.391  -49.981  -5.306 0.0000000000
15780  42.276  -50.522  -4.985 0.0000000000
15762  43.832  -50.890  -4.634 0.0000000000
131920  44.665  -50.717  -4.658 0.0000000000
15015  45.972  -51.106  -3.480 0.0000000000
13276  46.448  -52.473  -2.732 0.0000000000
14169  46.758  -51.860  -2.686 0.0000000000
15001  47.185  -51.426  -3.214 0.0000000000
19008  41.750  -45.474  -8.813 0.0000000000
17354  42.639  -48.390  -10.601 0.0000000000
17355  41.668  -48.405  -10.477 0.0000000000
16553  44.099  -49.162  -6.442 0.0000000000
17304  45.829  -48.628  -6.933 0.0000000000
16567  49.151  -48.947  -8.406 0.0000000000
18121  48.961  -47.967  -8.283 0.0000000000
128738  48.946  -48.261  -9.403 0.0000000000
18149  48.471  -47.868  -9.814 0.0000000000
18150  47.630  -47.505  -10.099 0.0000000000
17351  46.270  -47.833  -10.626 0.0000000000
17350  47.273  -47.906  -10.694 0.0000000000
16595  46.011  -49.579  -11.319 0.0000000000
14282  46.123  -52.829  -11.704 0.0000000000
13420  46.107  -53.851  -11.962 0.0000000000
13421  45.328  -53.719  -12.709 0.0000000000
15747  41.691  -51.204  -3.725 0.0000000000
15763  42.401  -51.102  -4.227 0.0000000000
15005  42.552  -51.455  -3.308 0.0000000000
15004  44.548  -51.486  -2.820 0.0000000000
20756  42.789  -43.649  -8.025 0.0000000000
19010  39.682  -46.057  -8.544 0.0000000000
19847  40.301  -45.117  -8.482 0.0000000000
19848  39.306  -45.283  -8.467 0.0000000000
20767  38.251  -44.519  -8.586 0.0000000000
16516  48.255  -50.095  -4.690 0.0000000000
16537  48.614  -49.672  -5.331 0.0000000000
16549  48.903  -49.090  -6.062 0.0000000000
16548  49.041  -49.220  -6.328 0.0000000000
15789  49.018  -49.463  -6.794 0.0000000000
16559  49.253  -48.954  -7.244 0.0000000000
16578  48.634  -49.567  -9.085 0.0000000000
19025  44.411  -45.665  -9.285 0.0000000000
19026  43.144  -45.469  -9.170 0.0000000000
114784  43.616  -46.004  -9.387 0.0000000000
114988  42.170  -46.078  -9.099 0.0000000000
19027  41.159  -46.512  -8.936 0.0000000000
18156  41.184  -47.877  -9.902 0.0000000000
18138  40.640  -47.338  -9.336 0.0000000000
19028  40.131  -46.761  -8.809 0.0000000000
19029  39.106  -46.829  -8.802 0.0000000000
19030  38.123  -46.762  -8.891 0.0000000000
15833  41.382  -50.848  -12.434 0.0000000000
130453  41.090  -47.887  -6.339 0.0000000000
18098  41.142  -47.240  -6.423 0.0000000000
18097  41.725  -47.858  -6.477 0.0000000000
19842  44.481  -45.132  -8.767 0.0000000000
17320  46.395  -47.967  -7.604 0.0000000000
127065  47.832  -47.642  -8.282 0.0000000000
18108  46.884  -47.383  -8.353 0.0000000000
19005  45.493  -45.958  -9.021 0.0000000000
19841  44.997  -45.536  -8.981 0.0000000000
19038  44.698  -46.397  -9.599 0.0000000000
18154  44.002  -47.306  -10.002 0.0000000000
17352  45.225  -47.871  -10.559 0.0000000000
125212  44.398  -47.854  -10.459 0.0000000000
17353  43.589  -48.167  -10.547 0.0000000000
17372  43.195  -48.815  -10.990 0.0000000000
16597  43.491  -49.353  -11.324 0.0000000000
121214  42.940  -50.050  -11.705 0.0000000000
15053  47.894  -51.875  -9.808 0.0000000000
12558  46.089  -55.095  -11.109 0.0000000000
14265  48.003  -52.698  -10.544 0.0000000000
15072  48.463  -51.408  -10.707 0.0000000000
15816  47.724  -50.564  -11.334 0.0000000000
15817  46.594  -50.542  -11.482 0.0000000000
15818  45.401  -50.548  -11.545 0.0000000000
15819  44.339  -50.614  -11.658 0.0000000000
15820  43.393  -50.789  -11.882 0.0000000000
15832  42.362  -51.036  -12.261 0.0000000000
114318  42.411  -51.828  -12.869 0.0000000000
18981  38.016  -46.206  -6.385 0.0000000000
18101  37.648  -46.859  -6.117 0.0000000000
18100  38.376  -46.932  -6.158 0.0000000000
15749  39.496  -50.490  -3.187 0.0000000000
16519  39.279  -49.553  -4.649 0.0000000000
16518  39.710  -49.203  -5.270 0.0000000000
17295  40.348  -48.805  -5.742 0.0000000000
17307  41.145  -48.522  -6.128 0.0000000000
16555  41.694  -49.241  -5.881 0.0000000000
122844  42.999  -50.922  -4.642 0.0000000000
15779  43.128  -50.441  -5.265 0.0000000000
121861  45.174  -50.357  -5.126 0.0000000000
15777  46.421  -50.319  -4.721 0.0000000000
15760  46.902  -50.760  -3.755 0.0000000000
15776  47.530  -50.388  -4.373 0.0000000000
19845  42.511  -44.399  -8.675 0.0000000000
20764  42.093  -43.735  -8.409 0.0000000000
20765  40.934  -43.928  -8.432 0.0000000000
11048  44.457  -56.423  -11.314 0.0000000000
11806  44.732  -56.008  -11.103 0.0000000000
14279  48.164  -52.188  -10.818 0.0000000000
15002  46.717  -51.418  -3.028 0.0000000000
15073  48.172  -51.479  -11.116 0.0000000000
15746  47.481  -51.115  -3.517 0.0000000000
15759  47.938  -50.729  -3.982 0.0000000000
15775  48.647  -50.166  -4.895 0.0000000000
15803  48.797  -50.301  -9.948 0.0000000000
15815  48.537  -50.630  -11.005 0.0000000000
16536  48.818  -49.695  -5.545 0.0000000000
16577  48.904  -49.409  -9.413 0.0000000000
16592  48.791  -49.947  -10.801 0.0000000000
18122  48.270  -47.668  -8.583 0.0000000000
18132  48.716  -47.852  -9.017 0.0000000000
19857  44.529  -45.233  -8.966 0.0000000000
124331  49.109  -48.365  -8.662 0.0000000000
128823  44.267  -45.131  -8.259 0.0000000000
132403  48.124  -50.955  -6.130 0.0000000000
