#!ascii label  , from subject sub-p016 vox2ras=TkReg
235
112756  29.357  10.988  -33.013 0.0000000000
64765  28.319  2.581  -29.972 0.0000000000
75806  28.962  15.172  -34.578 0.0000000000
82549  27.923  23.103  -39.108 0.0000000000
63089  26.298  0.212  -30.623 0.0000000000
79297  29.655  18.416  -33.451 0.0000000000
121498  29.639  20.822  -35.121 0.0000000000
127528  28.363  8.320  -34.352 0.0000000000
68290  28.753  6.256  -32.805 0.0000000000
70065  29.461  8.429  -32.139 0.0000000000
74979  29.492  13.972  -31.330 0.0000000000
72555  29.568  11.750  -30.286 0.0000000000
73411  29.126  12.764  -34.516 0.0000000000
75774  29.522  15.654  -32.642 0.0000000000
80973  28.863  21.109  -38.099 0.0000000000
81776  29.554  22.238  -36.607 0.0000000000
66465  29.070  4.707  -29.530 0.0000000000
79328  29.517  19.150  -35.749 0.0000000000
117335  29.459  19.592  -36.404 0.0000000000
70098  29.074  9.729  -34.149 0.0000000000
70079  29.291  8.440  -33.233 0.0000000000
70922  29.447  9.252  -32.489 0.0000000000
63949  27.562  1.336  -30.235 0.0000000000
123800  28.923  13.641  -34.654 0.0000000000
74997  29.410  14.241  -33.467 0.0000000000
121920  29.484  15.829  -33.284 0.0000000000
119765  29.938  19.917  -32.894 0.0000000000
78395  29.790  18.422  -32.592 0.0000000000
81781  27.292  22.900  -37.695 0.0000000000
80175  27.348  20.727  -36.544 0.0000000000
80978  28.519  21.885  -38.298 0.0000000000
84722  28.521  26.218  -37.818 0.0000000000
83964  28.955  25.433  -36.597 0.0000000000
83265  29.046  23.661  -37.443 0.0000000000
83260  29.136  24.518  -36.276 0.0000000000
82517  29.567  23.211  -35.173 0.0000000000
67382  29.149  6.257  -31.038 0.0000000000
67372  28.856  5.477  -30.993 0.0000000000
62143  25.978  -0.311  -30.140 0.0000000000
129402  29.342  16.484  -34.150 0.0000000000
77506  29.384  17.214  -34.485 0.0000000000
79308  29.583  18.904  -34.063 0.0000000000
80146  29.819  20.655  -33.876 0.0000000000
68295  27.390  6.246  -33.633 0.0000000000
69184  28.621  7.410  -33.817 0.0000000000
68289  29.121  7.111  -32.679 0.0000000000
132394  29.563  7.759  -30.837 0.0000000000
73389  29.424  12.569  -32.677 0.0000000000
110778  29.398  10.806  -32.053 0.0000000000
73350  29.492  12.537  -30.623 0.0000000000
71788  28.663  10.752  -34.929 0.0000000000
72607  28.549  11.765  -35.101 0.0000000000
121938  29.201  11.989  -34.238 0.0000000000
74191  29.441  13.411  -33.068 0.0000000000
128592  29.501  14.673  -31.855 0.0000000000
76580  29.692  16.094  -31.160 0.0000000000
77482  29.511  17.025  -32.969 0.0000000000
77470  29.709  17.021  -32.067 0.0000000000
79342  29.080  19.912  -37.337 0.0000000000
82548  28.305  23.507  -39.208 0.0000000000
82547  28.625  22.760  -38.587 0.0000000000
81779  29.410  22.008  -37.589 0.0000000000
127970  29.446  20.945  -37.186 0.0000000000
126445  29.642  21.700  -36.069 0.0000000000
81760  29.671  22.469  -34.780 0.0000000000
64795  28.057  3.118  -31.418 0.0000000000
66498  27.838  4.915  -33.058 0.0000000000
112344  29.571  9.933  -30.894 0.0000000000
70873  29.841  9.212  -29.683 0.0000000000
79336  29.372  19.026  -36.434 0.0000000000
79341  29.375  19.677  -36.984 0.0000000000
71770  29.275  10.301  -33.689 0.0000000000
70935  29.312  9.419  -33.476 0.0000000000
71754  29.429  10.119  -32.760 0.0000000000
61150  24.904  -1.422  -29.277 0.0000000000
62144  25.396  -0.823  -29.631 0.0000000000
63948  27.934  2.023  -30.341 0.0000000000
75028  28.781  14.436  -34.676 0.0000000000
75013  29.242  14.600  -34.265 0.0000000000
75788  29.348  15.636  -34.014 0.0000000000
80145  30.014  20.605  -33.138 0.0000000000
82543  27.549  23.143  -38.648 0.0000000000
116322  27.253  22.225  -36.843 0.0000000000
81780  27.817  21.995  -37.741 0.0000000000
81785  28.279  22.654  -38.662 0.0000000000
83254  29.622  24.828  -35.257 0.0000000000
68265  29.413  6.646  -30.259 0.0000000000
123831  29.197  5.854  -30.248 0.0000000000
63961  26.673  1.399  -31.839 0.0000000000
76639  29.165  16.661  -34.672 0.0000000000
77519  29.179  17.184  -35.093 0.0000000000
79319  29.622  19.472  -34.827 0.0000000000
80155  29.684  20.338  -34.607 0.0000000000
83267  26.607  24.423  -37.888 0.0000000000
69185  27.895  7.066  -33.868 0.0000000000
69190  28.224  7.837  -34.198 0.0000000000
110929  29.316  7.798  -32.675 0.0000000000
69164  29.410  7.584  -31.775 0.0000000000
70052  29.582  8.402  -31.139 0.0000000000
118140  26.617  0.159  -29.971 0.0000000000
132541  26.398  -0.173  -29.649 0.0000000000
74170  29.383  13.294  -32.056 0.0000000000
73369  29.410  12.402  -31.595 0.0000000000
74157  29.445  13.123  -31.207 0.0000000000
113000  28.200  10.243  -34.884 0.0000000000
73412  28.719  12.676  -34.937 0.0000000000
123008  28.975  12.096  -34.812 0.0000000000
72606  29.030  11.356  -34.724 0.0000000000
73401  29.372  12.683  -33.677 0.0000000000
114728  29.487  14.904  -32.609 0.0000000000
75763  29.572  15.433  -31.767 0.0000000000
76591  29.613  16.205  -31.968 0.0000000000
77493  29.508  17.117  -33.769 0.0000000000
76611  29.473  16.383  -33.503 0.0000000000
78396  29.597  17.743  -33.252 0.0000000000
78383  29.901  17.914  -31.838 0.0000000000
77460  30.012  17.471  -31.069 0.0000000000
80974  28.255  21.136  -37.814 0.0000000000
80174  27.865  20.483  -37.302 0.0000000000
80180  28.614  20.338  -37.560 0.0000000000
80179  29.024  20.654  -37.755 0.0000000000
83977  28.397  25.161  -38.792 0.0000000000
84728  28.170  26.310  -39.045 0.0000000000
83271  28.422  24.068  -39.139 0.0000000000
82542  28.695  23.391  -38.531 0.0000000000
82538  29.365  22.846  -37.074 0.0000000000
123246  29.126  22.667  -38.069 0.0000000000
80972  29.340  21.279  -37.757 0.0000000000
80967  29.511  21.530  -37.015 0.0000000000
80960  29.529  21.102  -36.579 0.0000000000
83246  29.771  24.098  -34.756 0.0000000000
82516  29.960  23.405  -34.320 0.0000000000
81759  30.168  22.785  -33.760 0.0000000000
125978  27.156  2.753  -32.520 0.0000000000
66503  28.186  5.700  -33.154 0.0000000000
67397  27.608  5.573  -33.432 0.0000000000
67393  28.391  5.418  -32.560 0.0000000000
66473  28.901  5.068  -30.194 0.0000000000
67373  28.627  4.661  -30.976 0.0000000000
110888  28.397  3.847  -31.109 0.0000000000
128047  29.472  11.448  -31.261 0.0000000000
71740  29.509  10.596  -31.265 0.0000000000
71727  29.618  10.788  -30.353 0.0000000000
77525  29.200  17.814  -35.662 0.0000000000
78432  29.407  18.465  -35.759 0.0000000000
80164  29.538  20.093  -35.618 0.0000000000
70099  28.499  8.816  -34.459 0.0000000000
70090  28.689  8.176  -34.195 0.0000000000
129775  29.062  8.847  -34.132 0.0000000000
63088  26.868  0.666  -30.524 0.0000000000
63070  27.345  0.635  -29.498 0.0000000000
63932  27.941  1.256  -29.342 0.0000000000
125515  28.774  1.322  -28.238 0.0000000000
131460  29.288  13.991  -34.208 0.0000000000
74205  29.350  13.464  -34.019 0.0000000000
120693  29.468  15.148  -33.418 0.0000000000
79296  29.787  19.156  -33.173 0.0000000000
115740  30.038  19.423  -32.310 0.0000000000
80977  28.947  21.596  -38.298 0.0000000000
84712  28.826  26.080  -36.994 0.0000000000
83965  28.627  25.331  -37.499 0.0000000000
83266  28.675  24.328  -38.117 0.0000000000
114405  29.272  23.579  -36.491 0.0000000000
82528  29.470  23.021  -36.101 0.0000000000
83255  29.392  23.885  -35.623 0.0000000000
68275  29.157  6.666  -31.884 0.0000000000
68276  28.833  5.852  -31.860 0.0000000000
62156  25.073  -0.485  -30.361 0.0000000000
111592  25.001  0.153  -30.862 0.0000000000
63098  26.313  0.710  -31.269 0.0000000000
63960  27.073  1.189  -31.203 0.0000000000
64780  27.597  1.804  -31.068 0.0000000000
121755  29.036  16.003  -34.531 0.0000000000
78406  29.589  17.943  -34.185 0.0000000000
78419  29.595  18.585  -35.007 0.0000000000
79307  29.756  19.872  -33.786 0.0000000000
80943  30.012  21.300  -33.541 0.0000000000
82544  26.792  23.764  -37.202 0.0000000000
119669  27.043  23.664  -38.312 0.0000000000
82550  27.488  23.681  -39.198 0.0000000000
68294  28.225  6.427  -33.496 0.0000000000
69178  28.785  6.933  -33.299 0.0000000000
127090  29.075  7.583  -33.346 0.0000000000
126125  29.383  7.052  -30.998 0.0000000000
69157  29.592  7.448  -30.204 0.0000000000
72581  29.396  11.689  -32.312 0.0000000000
74156  29.548  13.352  -30.305 0.0000000000
72570  29.575  12.748  -29.912 0.0000000000
72554  29.608  12.281  -29.892 0.0000000000
70948  28.048  9.462  -34.715 0.0000000000
70947  28.700  9.743  -34.611 0.0000000000
71787  29.017  10.496  -34.447 0.0000000000
72592  29.253  11.156  -33.973 0.0000000000
118413  29.371  11.853  -33.327 0.0000000000
74988  29.425  14.105  -32.409 0.0000000000
75754  29.684  15.504  -30.925 0.0000000000
76600  29.529  16.341  -32.744 0.0000000000
77481  29.677  17.612  -32.537 0.0000000000
76590  29.761  16.703  -31.359 0.0000000000
82554  27.867  23.715  -39.620 0.0000000000
82553  28.046  23.872  -39.736 0.0000000000
81788  28.180  23.163  -39.066 0.0000000000
81784  28.659  22.328  -38.432 0.0000000000
80976  29.112  21.853  -38.292 0.0000000000
80183  29.132  21.161  -38.070 0.0000000000
80178  29.274  20.562  -37.456 0.0000000000
80173  29.495  20.370  -36.683 0.0000000000
120910  29.572  20.952  -35.869 0.0000000000
121927  29.598  22.423  -35.702 0.0000000000
126407  29.615  22.036  -35.436 0.0000000000
122369  29.621  21.573  -35.112 0.0000000000
81746  29.895  21.890  -34.112 0.0000000000
64796  27.565  2.370  -31.814 0.0000000000
64779  27.995  2.514  -30.854 0.0000000000
66499  27.380  4.311  -33.114 0.0000000000
67383  28.533  5.084  -31.760 0.0000000000
112042  28.188  4.740  -32.413 0.0000000000
65612  27.824  4.066  -32.578 0.0000000000
125742  28.080  3.688  -31.853 0.0000000000
65590  28.383  3.242  -30.503 0.0000000000
110833  29.466  9.980  -31.811 0.0000000000
70907  29.543  9.185  -31.495 0.0000000000
118555  29.723  9.915  -29.971 0.0000000000
70895  29.662  9.158  -30.535 0.0000000000
70031  29.739  8.385  -30.055 0.0000000000
63053  26.802  0.001  -29.223 0.0000000000
63090  25.700  0.112  -30.819 0.0000000000
69183  29.024  8.041  -33.865 0.0000000000
80944  29.750  21.104  -34.392 0.0000000000
83276  27.936  24.513  -40.085 0.0000000000
83277  27.859  24.275  -39.951 0.0000000000
122208  29.471  17.851  -35.086 0.0000000000
128160  28.167  24.042  -39.728 0.0000000000
130786  26.854  3.127  -32.761 0.0000000000
132472  29.457  12.046  -30.955 0.0000000000
