#!ascii label  , from subject sub-p009 vox2ras=TkReg
275
25882  38.286  -41.315  -19.629 0.0000000000
24875  46.543  -42.477  -29.585 0.0000000000
135582  41.417  -46.973  -22.225 0.0000000000
21547  41.053  -44.836  -27.140 0.0000000000
18385  48.199  -48.544  -25.542 0.0000000000
19402  44.771  -47.602  -23.679 0.0000000000
128742  47.467  -50.537  -22.689 0.0000000000
22638  43.967  -44.029  -28.395 0.0000000000
122595  41.152  -41.370  -26.702 0.0000000000
22588  38.303  -44.501  -21.945 0.0000000000
20470  41.725  -46.359  -24.826 0.0000000000
20493  44.736  -46.418  -26.623 0.0000000000
21541  47.852  -45.694  -27.902 0.0000000000
19438  51.642  -48.213  -28.236 0.0000000000
24685  40.440  -42.744  -16.861 0.0000000000
23656  36.367  -43.734  -19.072 0.0000000000
20435  37.074  -46.154  -21.061 0.0000000000
25968  40.590  -41.360  -24.190 0.0000000000
17284  45.396  -49.749  -22.295 0.0000000000
23757  45.487  -43.584  -28.612 0.0000000000
24866  43.455  -41.942  -28.414 0.0000000000
21486  39.224  -45.848  -21.821 0.0000000000
20460  41.414  -46.664  -23.158 0.0000000000
18373  47.094  -48.569  -24.057 0.0000000000
19413  45.407  -47.304  -25.252 0.0000000000
19429  46.717  -47.493  -26.172 0.0000000000
20514  46.863  -46.142  -27.447 0.0000000000
19440  48.473  -47.316  -27.179 0.0000000000
21558  51.419  -45.992  -29.268 0.0000000000
21439  35.826  -45.257  -18.366 0.0000000000
130298  36.167  -45.184  -19.887 0.0000000000
20418  36.028  -46.378  -20.142 0.0000000000
22618  39.487  -44.174  -25.707 0.0000000000
24842  39.461  -42.794  -25.518 0.0000000000
28201  40.852  -39.288  -25.510 0.0000000000
112174  41.407  -40.548  -24.362 0.0000000000
19385  42.592  -47.789  -21.857 0.0000000000
19396  42.894  -47.446  -22.514 0.0000000000
19383  44.874  -48.697  -21.960 0.0000000000
18358  46.874  -48.989  -22.952 0.0000000000
18356  48.518  -50.046  -23.336 0.0000000000
22626  42.439  -44.515  -27.962 0.0000000000
23752  40.819  -43.052  -27.262 0.0000000000
133395  42.077  -42.923  -28.084 0.0000000000
27102  41.634  -40.535  -27.027 0.0000000000
23783  47.969  -42.448  -30.756 0.0000000000
118384  37.334  -42.921  -20.872 0.0000000000
21524  39.388  -45.021  -24.236 0.0000000000
21527  40.927  -45.695  -25.999 0.0000000000
20468  43.355  -46.904  -24.475 0.0000000000
20477  43.665  -46.642  -25.438 0.0000000000
134484  43.154  -45.875  -27.177 0.0000000000
21544  44.669  -45.718  -27.484 0.0000000000
22623  46.085  -45.090  -27.994 0.0000000000
23755  47.243  -44.033  -28.848 0.0000000000
130938  49.462  -48.592  -26.621 0.0000000000
20510  50.266  -47.104  -27.989 0.0000000000
22633  49.022  -44.692  -28.946 0.0000000000
23768  48.369  -43.284  -30.101 0.0000000000
24719  41.557  -42.048  -17.906 0.0000000000
24721  39.068  -41.877  -17.778 0.0000000000
24704  38.427  -42.390  -17.365 0.0000000000
24723  37.104  -42.443  -18.716 0.0000000000
22556  36.994  -44.250  -20.787 0.0000000000
21488  37.619  -45.452  -21.254 0.0000000000
20432  39.564  -46.697  -21.603 0.0000000000
19369  38.024  -47.573  -21.508 0.0000000000
19367  40.861  -47.732  -21.527 0.0000000000
25982  40.779  -41.278  -25.309 0.0000000000
25881  39.126  -40.966  -19.308 0.0000000000
25880  40.155  -40.831  -19.120 0.0000000000
118413  38.858  -40.875  -20.071 0.0000000000
23771  46.021  -43.016  -28.979 0.0000000000
24864  45.199  -42.711  -28.838 0.0000000000
20450  39.811  -46.087  -21.915 0.0000000000
115184  40.146  -46.069  -22.528 0.0000000000
20448  40.807  -46.542  -22.450 0.0000000000
19411  47.292  -48.177  -25.290 0.0000000000
19412  46.342  -47.782  -24.964 0.0000000000
19428  47.683  -47.711  -26.487 0.0000000000
19454  52.298  -47.337  -29.548 0.0000000000
21440  35.696  -45.844  -18.943 0.0000000000
22617  39.943  -44.768  -26.091 0.0000000000
23737  39.216  -43.454  -25.259 0.0000000000
23744  39.659  -43.328  -26.103 0.0000000000
28184  40.816  -39.149  -24.735 0.0000000000
119851  43.386  -47.951  -21.922 0.0000000000
133011  44.531  -48.925  -21.727 0.0000000000
17300  46.863  -50.325  -22.575 0.0000000000
18345  46.462  -49.318  -22.467 0.0000000000
17299  47.142  -49.860  -22.543 0.0000000000
18357  47.643  -49.481  -23.167 0.0000000000
17298  47.947  -50.415  -22.797 0.0000000000
125528  43.348  -44.691  -28.075 0.0000000000
23750  42.203  -43.663  -28.132 0.0000000000
23760  42.800  -42.960  -28.314 0.0000000000
26032  42.861  -40.890  -28.133 0.0000000000
27110  41.898  -39.788  -27.564 0.0000000000
28208  41.427  -39.740  -26.815 0.0000000000
23686  37.382  -43.697  -21.224 0.0000000000
23685  37.725  -43.007  -21.748 0.0000000000
123756  37.802  -43.908  -21.768 0.0000000000
21529  39.635  -44.953  -25.246 0.0000000000
20480  40.930  -45.928  -25.195 0.0000000000
19403  43.966  -47.371  -23.580 0.0000000000
20458  43.131  -47.210  -23.474 0.0000000000
20475  45.211  -46.866  -26.065 0.0000000000
20494  44.007  -46.461  -26.213 0.0000000000
20495  43.124  -46.273  -26.402 0.0000000000
21531  43.886  -46.132  -26.979 0.0000000000
129349  43.684  -45.456  -27.586 0.0000000000
20516  45.291  -46.149  -27.173 0.0000000000
20513  47.585  -46.427  -27.435 0.0000000000
124583  46.287  -45.664  -27.649 0.0000000000
21542  46.893  -45.315  -27.953 0.0000000000
22635  46.655  -44.580  -28.376 0.0000000000
21560  47.529  -44.828  -28.372 0.0000000000
15273  50.577  -51.655  -27.926 0.0000000000
132061  51.553  -49.287  -27.768 0.0000000000
16276  51.494  -50.046  -27.372 0.0000000000
18394  51.371  -48.923  -27.584 0.0000000000
18395  50.386  -48.745  -27.069 0.0000000000
19439  49.550  -47.812  -27.311 0.0000000000
21569  50.956  -45.089  -29.601 0.0000000000
21559  50.338  -45.690  -28.807 0.0000000000
21570  49.839  -45.071  -29.104 0.0000000000
22646  48.765  -44.013  -29.517 0.0000000000
22645  49.941  -44.353  -29.731 0.0000000000
24701  42.268  -42.721  -17.404 0.0000000000
24702  40.673  -42.214  -17.501 0.0000000000
25850  40.019  -41.724  -17.872 0.0000000000
24703  39.833  -42.292  -17.301 0.0000000000
23639  36.473  -43.722  -18.056 0.0000000000
23622  37.157  -43.288  -17.391 0.0000000000
23638  36.896  -42.937  -18.084 0.0000000000
24705  37.579  -42.483  -17.791 0.0000000000
24724  36.650  -43.126  -18.647 0.0000000000
130025  36.694  -43.012  -19.407 0.0000000000
23674  36.598  -43.797  -20.049 0.0000000000
21470  36.427  -45.733  -20.415 0.0000000000
21469  37.037  -45.154  -20.866 0.0000000000
121507  38.001  -46.107  -21.408 0.0000000000
123426  38.820  -46.153  -21.601 0.0000000000
18325  38.353  -48.409  -21.622 0.0000000000
19368  39.002  -47.616  -21.533 0.0000000000
24851  40.897  -42.151  -27.070 0.0000000000
26009  40.519  -41.968  -26.385 0.0000000000
25997  40.876  -41.323  -26.055 0.0000000000
131064  41.717  -40.343  -23.831 0.0000000000
23758  44.610  -43.339  -28.562 0.0000000000
23759  43.700  -43.094  -28.484 0.0000000000
21505  38.923  -45.127  -22.171 0.0000000000
21504  39.529  -45.627  -22.439 0.0000000000
20471  41.039  -46.266  -24.223 0.0000000000
19401  45.602  -47.894  -23.981 0.0000000000
19414  44.908  -47.341  -24.634 0.0000000000
19430  45.880  -47.200  -26.065 0.0000000000
20492  45.550  -46.613  -26.691 0.0000000000
20491  46.308  -46.837  -26.844 0.0000000000
20490  47.125  -46.981  -27.013 0.0000000000
20512  48.266  -46.497  -27.570 0.0000000000
19449  51.438  -47.448  -28.407 0.0000000000
20527  52.016  -46.891  -29.120 0.0000000000
20534  52.196  -46.231  -29.768 0.0000000000
22521  36.068  -44.474  -18.658 0.0000000000
22539  36.226  -44.506  -19.565 0.0000000000
21454  35.887  -45.148  -19.212 0.0000000000
20406  35.930  -45.784  -19.729 0.0000000000
117363  36.407  -46.703  -20.649 0.0000000000
24830  39.149  -42.627  -24.756 0.0000000000
25984  39.791  -41.779  -24.584 0.0000000000
27093  41.324  -40.627  -26.374 0.0000000000
124572  41.153  -40.797  -25.742 0.0000000000
28183  41.191  -39.886  -24.939 0.0000000000
29266  41.189  -39.368  -23.964 0.0000000000
120865  40.949  -47.028  -21.765 0.0000000000
20447  42.063  -47.243  -22.418 0.0000000000
19395  43.732  -47.620  -22.575 0.0000000000
19394  44.533  -47.904  -22.614 0.0000000000
19393  45.297  -48.315  -22.719 0.0000000000
18346  46.113  -48.657  -22.829 0.0000000000
19400  46.392  -48.359  -23.781 0.0000000000
21546  41.891  -45.148  -27.440 0.0000000000
22628  40.831  -43.981  -27.331 0.0000000000
22627  41.602  -44.302  -27.671 0.0000000000
23751  41.488  -43.395  -27.725 0.0000000000
24857  41.609  -42.376  -27.646 0.0000000000
24856  42.491  -42.132  -28.071 0.0000000000
26018  42.174  -41.504  -27.708 0.0000000000
26019  41.602  -41.443  -27.272 0.0000000000
28209  40.937  -39.242  -26.360 0.0000000000
24888  47.030  -41.835  -30.507 0.0000000000
25883  37.631  -41.779  -20.077 0.0000000000
25903  38.282  -41.301  -20.544 0.0000000000
24774  37.697  -42.051  -21.060 0.0000000000
21534  40.603  -45.187  -26.442 0.0000000000
20469  42.491  -46.754  -24.264 0.0000000000
20467  44.205  -47.104  -24.585 0.0000000000
20478  42.605  -46.460  -25.375 0.0000000000
20479  41.604  -46.114  -25.782 0.0000000000
21533  41.463  -45.650  -26.672 0.0000000000
21532  42.382  -45.839  -27.022 0.0000000000
21545  42.778  -45.291  -27.587 0.0000000000
22625  44.300  -44.879  -28.052 0.0000000000
21543  45.589  -45.633  -27.596 0.0000000000
22624  45.224  -45.009  -28.021 0.0000000000
22637  44.897  -44.217  -28.363 0.0000000000
22636  45.783  -44.394  -28.362 0.0000000000
23756  46.343  -43.832  -28.707 0.0000000000
128237  47.326  -43.534  -29.264 0.0000000000
18371  48.849  -49.429  -24.528 0.0000000000
16290  51.230  -50.838  -27.541 0.0000000000
18383  50.025  -49.345  -26.125 0.0000000000
19427  48.642  -48.193  -26.581 0.0000000000
20511  49.153  -46.785  -27.709 0.0000000000
131209  48.775  -45.997  -27.986 0.0000000000
20528  50.921  -46.522  -28.564 0.0000000000
20529  49.744  -46.230  -28.236 0.0000000000
132503  48.522  -45.553  -28.205 0.0000000000
22634  48.135  -44.370  -28.848 0.0000000000
22647  47.872  -43.703  -29.334 0.0000000000
23769  47.401  -42.972  -29.794 0.0000000000
24718  42.590  -42.218  -18.102 0.0000000000
24700  43.138  -42.824  -17.604 0.0000000000
133783  40.731  -41.683  -18.048 0.0000000000
25862  39.509  -41.313  -18.490 0.0000000000
25863  38.465  -41.518  -18.645 0.0000000000
23602  38.365  -43.514  -16.338 0.0000000000
125954  39.142  -42.422  -17.155 0.0000000000
24722  38.212  -41.962  -17.954 0.0000000000
118212  37.740  -41.957  -18.423 0.0000000000
25864  37.640  -41.799  -19.177 0.0000000000
24743  37.170  -42.354  -19.660 0.0000000000
129749  37.041  -43.521  -20.632 0.0000000000
22570  37.640  -44.603  -21.371 0.0000000000
22557  36.542  -44.767  -20.301 0.0000000000
21487  38.412  -45.387  -21.648 0.0000000000
20449  40.306  -46.551  -21.863 0.0000000000
20433  38.537  -46.802  -21.481 0.0000000000
19387  40.382  -47.112  -21.597 0.0000000000
24841  39.878  -42.441  -25.999 0.0000000000
25983  40.244  -41.698  -25.144 0.0000000000
125891  40.553  -41.426  -24.777 0.0000000000
27079  41.197  -40.646  -25.116 0.0000000000
25967  41.132  -41.112  -24.465 0.0000000000
17283  46.335  -49.787  -22.389 0.0000000000
17356  51.408  -49.851  -26.980 0.0000000000
18372  47.954  -48.990  -24.272 0.0000000000
18393  51.776  -48.618  -28.323 0.0000000000
19384  44.166  -48.356  -21.903 0.0000000000
19441  47.813  -46.970  -27.178 0.0000000000
19453  52.423  -46.877  -30.108 0.0000000000
20476  44.590  -46.841  -25.552 0.0000000000
20496  42.199  -46.156  -26.316 0.0000000000
20515  45.973  -46.192  -27.264 0.0000000000
21528  40.311  -45.388  -25.634 0.0000000000
22620  40.361  -44.458  -26.743 0.0000000000
22621  39.851  -44.096  -26.343 0.0000000000
22639  43.043  -43.839  -28.343 0.0000000000
23621  37.927  -42.954  -16.958 0.0000000000
23673  36.967  -42.970  -20.184 0.0000000000
23747  40.226  -43.631  -26.793 0.0000000000
23770  46.800  -43.345  -29.185 0.0000000000
24720  40.296  -41.316  -18.415 0.0000000000
24759  37.337  -42.392  -20.369 0.0000000000
24829  39.746  -42.159  -25.301 0.0000000000
24852  40.266  -42.749  -26.637 0.0000000000
25998  40.305  -41.811  -25.723 0.0000000000
28200  41.290  -40.018  -25.850 0.0000000000
115101  48.363  -45.084  -28.440 0.0000000000
116204  39.995  -47.705  -21.520 0.0000000000
117370  50.843  -48.011  -27.762 0.0000000000
125555  42.182  -40.558  -27.592 0.0000000000
130837  49.201  -45.455  -28.495 0.0000000000
131656  52.370  -46.754  -29.749 0.0000000000
