#!ascii label  , from subject sub-p009 vox2ras=TkReg
325
79589  32.574  13.495  -34.113 0.0000000000
70386  27.254  2.171  -33.731 0.0000000000
123392  30.325  19.801  -30.023 0.0000000000
94333  27.355  31.518  -29.219 0.0000000000
117637  25.429  2.416  -31.878 0.0000000000
86546  32.131  21.877  -31.794 0.0000000000
89150  31.401  24.708  -30.168 0.0000000000
119081  30.664  11.350  -33.448 0.0000000000
74011  31.127  7.035  -35.555 0.0000000000
118612  32.925  10.072  -36.049 0.0000000000
82207  34.050  16.124  -35.686 0.0000000000
78755  34.706  12.683  -36.720 0.0000000000
82166  31.656  16.482  -31.144 0.0000000000
84837  33.406  19.211  -33.555 0.0000000000
92288  27.707  28.581  -29.647 0.0000000000
92298  30.902  28.132  -30.486 0.0000000000
69424  30.018  2.283  -35.474 0.0000000000
88244  30.015  23.418  -29.578 0.0000000000
89976  29.844  25.403  -29.376 0.0000000000
78728  31.522  12.415  -33.355 0.0000000000
134667  31.379  10.484  -34.821 0.0000000000
77899  32.306  11.632  -35.321 0.0000000000
70371  26.190  2.664  -32.777 0.0000000000
83951  31.211  18.061  -30.563 0.0000000000
83961  32.940  18.332  -32.365 0.0000000000
84814  32.289  19.555  -31.482 0.0000000000
88272  31.851  23.424  -32.921 0.0000000000
86557  32.678  21.381  -33.467 0.0000000000
94335  25.236  31.565  -29.918 0.0000000000
92301  26.082  28.532  -30.528 0.0000000000
93003  26.971  29.918  -29.586 0.0000000000
95053  29.815  32.676  -33.213 0.0000000000
120769  30.461  31.102  -32.602 0.0000000000
93008  30.354  29.517  -30.117 0.0000000000
93030  31.177  29.207  -32.559 0.0000000000
91566  31.395  27.632  -31.831 0.0000000000
73087  33.245  5.380  -37.181 0.0000000000
72248  31.228  4.666  -36.491 0.0000000000
69404  24.203  2.483  -31.195 0.0000000000
86524  31.513  21.135  -30.596 0.0000000000
87388  30.225  22.049  -30.021 0.0000000000
88262  31.545  23.399  -30.589 0.0000000000
128512  31.637  24.936  -32.083 0.0000000000
73976  29.988  7.966  -33.990 0.0000000000
75988  30.651  9.541  -34.388 0.0000000000
74990  31.913  8.927  -35.547 0.0000000000
74009  33.700  7.487  -36.668 0.0000000000
80465  33.273  14.709  -34.743 0.0000000000
79607  33.021  13.061  -36.058 0.0000000000
81381  33.927  15.056  -36.872 0.0000000000
80453  31.900  14.065  -32.380 0.0000000000
81323  30.379  15.729  -31.276 0.0000000000
81359  32.936  15.121  -33.109 0.0000000000
132146  33.538  16.274  -33.736 0.0000000000
83086  33.981  17.659  -34.320 0.0000000000
84849  34.426  19.174  -35.111 0.0000000000
85691  32.711  20.547  -32.822 0.0000000000
85702  33.413  20.105  -34.061 0.0000000000
90787  27.150  27.046  -30.163 0.0000000000
134982  29.020  31.221  -29.388 0.0000000000
121230  29.404  30.074  -29.503 0.0000000000
92286  29.682  28.450  -29.477 0.0000000000
90773  29.462  26.845  -29.352 0.0000000000
90785  30.881  26.329  -29.864 0.0000000000
90814  31.549  26.241  -32.205 0.0000000000
71347  27.237  3.049  -34.108 0.0000000000
72232  29.376  6.155  -34.593 0.0000000000
112054  33.691  10.959  -36.345 0.0000000000
75004  33.978  8.626  -36.227 0.0000000000
116969  27.999  24.971  -29.656 0.0000000000
89977  28.710  25.548  -29.411 0.0000000000
79590  31.996  13.226  -33.060 0.0000000000
78743  31.737  12.163  -34.064 0.0000000000
120585  32.519  12.987  -35.006 0.0000000000
68484  23.752  1.278  -30.711 0.0000000000
69388  23.693  2.191  -30.866 0.0000000000
70387  26.669  2.284  -33.230 0.0000000000
84816  30.964  18.734  -30.341 0.0000000000
84815  31.665  18.917  -30.782 0.0000000000
84799  31.133  19.553  -30.258 0.0000000000
87425  32.182  22.723  -33.383 0.0000000000
94334  26.233  31.560  -29.456 0.0000000000
93687  25.342  30.728  -30.102 0.0000000000
93686  27.770  30.446  -29.304 0.0000000000
129406  30.734  30.229  -32.525 0.0000000000
72257  33.870  4.160  -37.313 0.0000000000
71376  33.290  3.422  -37.119 0.0000000000
71339  26.082  3.769  -32.566 0.0000000000
124261  29.012  21.841  -30.085 0.0000000000
87389  29.462  22.569  -29.647 0.0000000000
89132  30.684  24.188  -29.676 0.0000000000
88243  30.965  23.418  -29.827 0.0000000000
133540  31.465  23.972  -30.044 0.0000000000
89149  31.563  24.260  -31.163 0.0000000000
89989  31.462  25.190  -31.149 0.0000000000
112653  26.981  33.204  -29.202 0.0000000000
75975  30.146  9.849  -33.798 0.0000000000
76956  30.361  10.675  -33.611 0.0000000000
76978  32.057  10.294  -35.439 0.0000000000
75987  31.365  9.736  -35.040 0.0000000000
75006  32.661  8.221  -36.148 0.0000000000
75005  33.762  8.330  -36.477 0.0000000000
122321  24.801  2.337  -31.558 0.0000000000
81370  33.617  15.417  -35.206 0.0000000000
80469  33.411  14.681  -36.018 0.0000000000
81375  33.801  15.390  -36.181 0.0000000000
79570  31.182  13.434  -32.230 0.0000000000
82167  30.743  16.477  -30.913 0.0000000000
81322  31.323  15.829  -31.303 0.0000000000
81344  31.916  15.316  -31.750 0.0000000000
82187  32.167  16.109  -31.617 0.0000000000
81342  33.224  15.981  -33.057 0.0000000000
82186  32.792  16.672  -32.324 0.0000000000
83960  33.340  18.408  -33.126 0.0000000000
83073  33.567  17.663  -33.530 0.0000000000
83968  33.722  18.441  -33.910 0.0000000000
83981  34.234  18.409  -34.685 0.0000000000
84850  33.855  19.231  -34.347 0.0000000000
122821  31.946  21.743  -30.970 0.0000000000
86538  32.204  21.015  -31.269 0.0000000000
119729  32.412  21.209  -32.361 0.0000000000
85714  33.103  21.039  -34.257 0.0000000000
85713  33.935  19.990  -34.924 0.0000000000
91560  25.649  27.768  -30.973 0.0000000000
91559  26.487  27.582  -30.500 0.0000000000
91558  27.303  27.747  -29.883 0.0000000000
95036  30.256  32.085  -31.533 0.0000000000
95045  29.955  32.767  -32.164 0.0000000000
95030  29.965  31.876  -30.139 0.0000000000
94350  30.163  31.134  -29.956 0.0000000000
92299  30.822  28.870  -30.669 0.0000000000
93000  30.016  29.077  -29.664 0.0000000000
91541  30.417  28.481  -29.927 0.0000000000
91543  29.145  27.726  -29.357 0.0000000000
91542  30.064  27.677  -29.512 0.0000000000
91557  30.414  26.929  -29.668 0.0000000000
91556  30.708  27.605  -30.032 0.0000000000
91582  31.457  27.767  -32.817 0.0000000000
90796  31.412  26.815  -31.541 0.0000000000
116876  31.494  27.002  -32.480 0.0000000000
90008  31.591  25.568  -32.851 0.0000000000
72221  27.598  4.809  -33.675 0.0000000000
73995  30.457  7.542  -34.701 0.0000000000
73996  29.759  7.100  -34.179 0.0000000000
73061  30.223  6.624  -34.990 0.0000000000
71366  30.592  2.895  -36.220 0.0000000000
112853  30.393  3.886  -36.224 0.0000000000
70408  29.853  2.422  -35.690 0.0000000000
70409  29.010  2.402  -35.471 0.0000000000
79615  33.905  13.320  -36.625 0.0000000000
78749  33.260  12.202  -36.257 0.0000000000
77910  33.998  11.585  -36.532 0.0000000000
88245  28.865  23.319  -29.458 0.0000000000
125448  28.340  24.119  -29.540 0.0000000000
135538  30.003  24.685  -29.478 0.0000000000
89975  30.764  25.045  -29.646 0.0000000000
77884  30.732  12.023  -32.889 0.0000000000
76955  31.116  11.029  -34.214 0.0000000000
77883  31.238  11.757  -33.704 0.0000000000
115546  31.824  11.015  -35.047 0.0000000000
76968  32.754  10.818  -35.897 0.0000000000
70356  25.718  2.900  -32.337 0.0000000000
69401  26.079  2.434  -32.407 0.0000000000
69385  26.533  2.670  -31.449 0.0000000000
82206  34.466  16.914  -35.751 0.0000000000
82212  34.482  16.390  -36.428 0.0000000000
83052  30.573  17.377  -30.669 0.0000000000
83051  31.573  17.248  -30.857 0.0000000000
83064  32.666  17.569  -31.962 0.0000000000
83950  31.922  18.120  -31.018 0.0000000000
126888  32.215  18.769  -31.387 0.0000000000
126257  32.625  18.975  -32.024 0.0000000000
87414  32.012  22.680  -32.309 0.0000000000
87413  32.301  22.002  -32.866 0.0000000000
87424  32.451  22.158  -33.735 0.0000000000
92289  26.777  29.138  -29.994 0.0000000000
123496  27.711  29.488  -29.520 0.0000000000
94366  30.264  31.882  -32.631 0.0000000000
94358  30.473  31.284  -31.849 0.0000000000
93694  30.420  30.456  -30.438 0.0000000000
114791  30.726  29.736  -30.998 0.0000000000
92311  31.196  28.278  -31.230 0.0000000000
92324  31.344  28.435  -32.188 0.0000000000
120437  31.329  28.532  -33.203 0.0000000000
73078  32.057  6.339  -36.403 0.0000000000
73079  30.888  5.890  -35.927 0.0000000000
70417  31.645  2.897  -36.420 0.0000000000
70358  24.336  3.283  -31.242 0.0000000000
71348  26.416  2.876  -33.157 0.0000000000
117741  26.831  2.692  -33.656 0.0000000000
85668  29.927  20.467  -29.998 0.0000000000
85667  30.886  20.425  -30.147 0.0000000000
86525  30.572  21.250  -30.156 0.0000000000
87387  31.296  21.956  -30.476 0.0000000000
124092  30.387  22.841  -29.765 0.0000000000
87403  31.119  22.723  -30.172 0.0000000000
87402  31.823  22.584  -31.082 0.0000000000
88261  31.767  23.428  -31.733 0.0000000000
118520  31.691  24.170  -32.389 0.0000000000
125105  31.616  24.777  -32.940 0.0000000000
112663  25.713  32.397  -29.622 0.0000000000
95021  26.656  32.363  -29.257 0.0000000000
95020  27.586  32.481  -29.129 0.0000000000
74975  30.178  8.900  -34.009 0.0000000000
126926  30.544  8.282  -34.514 0.0000000000
76969  30.794  10.238  -34.328 0.0000000000
74991  30.922  8.928  -34.813 0.0000000000
73994  31.319  8.075  -35.338 0.0000000000
74010  32.302  7.335  -36.126 0.0000000000
73077  33.298  6.546  -36.808 0.0000000000
73086  34.062  5.341  -37.101 0.0000000000
80466  32.932  14.181  -34.227 0.0000000000
79603  32.960  13.868  -35.277 0.0000000000
120813  33.279  13.876  -36.254 0.0000000000
80475  33.845  14.209  -36.847 0.0000000000
81380  34.653  15.426  -37.181 0.0000000000
80474  34.579  14.646  -37.217 0.0000000000
78754  35.233  13.157  -36.762 0.0000000000
78729  31.221  12.722  -32.674 0.0000000000
81345  30.947  15.062  -31.509 0.0000000000
80432  32.343  14.809  -32.403 0.0000000000
80452  32.618  14.194  -33.240 0.0000000000
81358  33.432  15.458  -33.991 0.0000000000
118045  33.748  16.174  -34.577 0.0000000000
83063  33.171  17.600  -32.727 0.0000000000
82195  33.727  16.926  -34.021 0.0000000000
119353  34.120  16.881  -34.873 0.0000000000
83085  34.432  17.617  -35.129 0.0000000000
83980  34.762  18.355  -35.596 0.0000000000
85666  31.651  20.355  -30.666 0.0000000000
85682  32.138  20.227  -31.212 0.0000000000
84838  33.027  19.894  -33.196 0.0000000000
85703  32.965  20.596  -33.561 0.0000000000
115287  27.160  26.427  -30.287 0.0000000000
114010  28.135  31.933  -29.110 0.0000000000
95018  29.298  32.459  -29.747 0.0000000000
94332  28.329  31.255  -29.192 0.0000000000
93002  28.581  29.820  -29.403 0.0000000000
125547  28.426  29.119  -29.452 0.0000000000
132754  29.906  29.654  -29.663 0.0000000000
93001  29.298  29.240  -29.471 0.0000000000
92287  28.770  28.487  -29.409 0.0000000000
91544  28.190  27.808  -29.526 0.0000000000
90774  28.456  27.089  -29.482 0.0000000000
89962  28.534  26.325  -29.446 0.0000000000
89961  29.337  26.044  -29.309 0.0000000000
90786  30.159  26.194  -29.418 0.0000000000
89990  31.243  25.648  -30.237 0.0000000000
91555  31.178  27.433  -30.815 0.0000000000
90784  31.235  26.537  -30.625 0.0000000000
118961  31.462  26.009  -31.276 0.0000000000
132780  31.581  25.594  -31.931 0.0000000000
71337  26.999  3.909  -33.542 0.0000000000
135814  27.191  2.320  -34.087 0.0000000000
131383  29.127  5.172  -34.980 0.0000000000
117438  30.331  4.964  -35.895 0.0000000000
72233  28.608  3.999  -35.110 0.0000000000
71346  27.878  3.594  -34.575 0.0000000000
70397  27.648  2.287  -34.479 0.0000000000
78750  32.639  12.326  -35.612 0.0000000000
77911  33.040  11.582  -36.099 0.0000000000
76977  33.814  10.201  -36.294 0.0000000000
113110  34.371  10.833  -36.358 0.0000000000
120520  33.752  8.957  -36.296 0.0000000000
115821  34.040  7.439  -36.531 0.0000000000
70407  30.825  2.434  -36.004 0.0000000000
71357  28.326  2.684  -35.141 0.0000000000
71367  29.647  3.099  -35.821 0.0000000000
71377  32.369  3.360  -36.840 0.0000000000
71378  31.477  3.603  -36.599 0.0000000000
72247  31.970  5.323  -36.680 0.0000000000
72249  29.502  4.335  -35.562 0.0000000000
72258  32.650  4.094  -37.162 0.0000000000
73080  29.853  5.628  -35.332 0.0000000000
74020  33.985  6.473  -36.937 0.0000000000
74976  29.449  8.479  -33.500 0.0000000000
75997  34.008  9.447  -36.217 0.0000000000
75998  33.464  9.514  -36.232 0.0000000000
75999  32.436  9.586  -35.793 0.0000000000
77900  31.717  11.648  -34.515 0.0000000000
77916  34.535  12.008  -36.556 0.0000000000
78727  32.117  12.737  -34.036 0.0000000000
78742  32.159  12.262  -34.756 0.0000000000
78756  33.895  12.455  -36.573 0.0000000000
79614  34.757  13.668  -37.115 0.0000000000
80433  31.058  14.253  -31.805 0.0000000000
80451  33.081  14.716  -33.838 0.0000000000
81343  32.610  15.648  -32.330 0.0000000000
81374  34.275  15.742  -36.670 0.0000000000
82185  33.382  16.858  -33.202 0.0000000000
83050  32.226  17.605  -31.320 0.0000000000
83065  32.252  16.915  -31.428 0.0000000000
83092  34.769  17.550  -35.875 0.0000000000
83100  34.867  16.998  -36.637 0.0000000000
83949  32.478  18.236  -31.656 0.0000000000
84800  30.197  19.017  -30.264 0.0000000000
84826  33.059  19.114  -32.759 0.0000000000
84827  32.736  19.765  -32.365 0.0000000000
85669  29.004  20.516  -30.450 0.0000000000
85681  32.451  20.397  -31.906 0.0000000000
87435  32.846  22.081  -34.602 0.0000000000
87436  32.402  22.666  -34.195 0.0000000000
89133  29.045  24.787  -29.415 0.0000000000
89963  27.755  26.654  -29.791 0.0000000000
89978  27.688  25.855  -29.889 0.0000000000
90775  27.745  27.253  -29.737 0.0000000000
92300  26.841  28.314  -30.092 0.0000000000
92312  31.102  29.091  -31.589 0.0000000000
93031  30.905  29.919  -32.003 0.0000000000
93683  30.076  30.307  -29.812 0.0000000000
93707  30.635  30.609  -32.218 0.0000000000
94331  28.816  31.842  -29.330 0.0000000000
95019  28.428  32.576  -29.291 0.0000000000
113359  25.895  30.882  -29.748 0.0000000000
116504  33.086  8.957  -36.272 0.0000000000
117112  30.148  2.354  -35.102 0.0000000000
123178  30.671  25.707  -29.615 0.0000000000
124972  31.555  26.418  -33.097 0.0000000000
126093  31.799  19.726  -30.849 0.0000000000
126403  29.499  24.099  -29.510 0.0000000000
127473  33.809  5.970  -37.132 0.0000000000
130299  31.658  14.688  -31.926 0.0000000000
130358  29.537  31.581  -29.672 0.0000000000
134212  34.922  19.177  -35.794 0.0000000000
134725  30.934  26.968  -30.173 0.0000000000
