#!ascii label  , from subject sub-s010 vox2ras=TkReg
418
26525  29.776  -34.617  47.075 0.0000000000
39121  41.161  -20.565  31.414 0.0000000000
41189  46.791  -18.391  32.518 0.0000000000
37107  37.727  -22.246  34.615 0.0000000000
28366  32.528  -33.047  40.848 0.0000000000
25661  33.745  -35.916  44.599 0.0000000000
40220  44.404  -19.587  32.878 0.0000000000
39041  42.358  -20.357  36.744 0.0000000000
35305  34.891  -24.757  33.990 0.0000000000
30087  36.021  -30.252  39.483 0.0000000000
52249  49.569  -6.575  32.443 0.0000000000
46688  46.898  -13.031  30.901 0.0000000000
38131  34.470  -20.060  32.638 0.0000000000
40193  38.612  -19.107  35.662 0.0000000000
26570  30.940  -35.359  43.615 0.0000000000
25664  31.145  -35.615  45.367 0.0000000000
39104  42.841  -20.246  32.111 0.0000000000
40192  43.907  -19.973  34.453 0.0000000000
110958  41.688  -20.505  34.442 0.0000000000
32787  37.843  -27.890  35.287 0.0000000000
27501  35.928  -33.691  43.215 0.0000000000
29172  34.792  -32.065  40.237 0.0000000000
28340  38.366  -32.517  42.291 0.0000000000
51337  47.984  -7.277  31.451 0.0000000000
49470  49.375  -8.636  33.222 0.0000000000
49481  48.928  -9.249  31.753 0.0000000000
43055  45.892  -16.958  30.969 0.0000000000
44872  46.259  -14.138  30.051 0.0000000000
44844  46.996  -15.025  31.772 0.0000000000
115156  47.603  -14.174  32.915 0.0000000000
43916  47.760  -15.694  32.917 0.0000000000
36197  35.822  -23.574  33.575 0.0000000000
36198  34.599  -23.513  33.278 0.0000000000
106944  36.285  -21.372  33.913 0.0000000000
40212  36.350  -18.657  33.911 0.0000000000
38092  37.583  -20.562  35.387 0.0000000000
38075  39.283  -20.812  37.076 0.0000000000
37090  38.590  -21.735  35.911 0.0000000000
26584  33.448  -34.677  43.386 0.0000000000
42135  44.795  -17.702  30.518 0.0000000000
41191  45.629  -18.983  32.485 0.0000000000
40191  44.809  -19.647  34.872 0.0000000000
39039  44.236  -20.229  36.824 0.0000000000
32764  35.339  -27.514  37.207 0.0000000000
33636  35.871  -26.836  36.257 0.0000000000
34479  36.150  -25.667  34.397 0.0000000000
120687  37.158  -24.827  33.644 0.0000000000
36194  38.905  -23.791  33.902 0.0000000000
31002  34.630  -28.974  37.662 0.0000000000
30990  37.574  -28.754  39.182 0.0000000000
53202  51.211  -5.948  32.606 0.0000000000
47651  47.701  -11.275  30.478 0.0000000000
105461  47.794  -11.989  32.342 0.0000000000
46659  48.653  -12.564  34.926 0.0000000000
39106  39.630  -20.530  33.056 0.0000000000
39055  40.475  -19.808  36.050 0.0000000000
38043  41.170  -21.894  38.760 0.0000000000
25645  29.811  -35.456  47.470 0.0000000000
26524  30.277  -35.225  46.709 0.0000000000
25643  30.721  -36.575  46.664 0.0000000000
39120  41.982  -20.468  31.713 0.0000000000
39089  42.320  -20.567  33.683 0.0000000000
39105  41.258  -20.702  32.315 0.0000000000
28341  37.175  -32.571  42.194 0.0000000000
50411  47.982  -7.890  30.943 0.0000000000
50404  48.779  -8.101  31.630 0.0000000000
49488  48.281  -8.986  30.432 0.0000000000
42117  46.715  -17.460  31.972 0.0000000000
43925  46.721  -15.856  31.542 0.0000000000
43047  46.962  -16.590  31.968 0.0000000000
43917  47.240  -15.767  32.187 0.0000000000
36196  36.642  -23.566  33.623 0.0000000000
37123  36.377  -22.577  33.657 0.0000000000
37108  36.939  -21.725  34.306 0.0000000000
38104  37.058  -20.491  34.833 0.0000000000
115395  37.449  -21.385  34.887 0.0000000000
38091  38.173  -20.709  35.871 0.0000000000
37106  38.325  -22.259  35.093 0.0000000000
26585  32.704  -34.713  43.013 0.0000000000
26567  33.910  -34.987  43.916 0.0000000000
26566  34.843  -34.816  43.944 0.0000000000
106838  43.832  -19.041  31.190 0.0000000000
42136  43.990  -18.017  30.101 0.0000000000
41201  44.562  -18.798  31.509 0.0000000000
41200  45.292  -18.557  31.717 0.0000000000
41192  44.895  -19.135  32.291 0.0000000000
40207  45.426  -19.485  34.050 0.0000000000
40208  44.606  -19.669  33.824 0.0000000000
39052  43.130  -20.159  36.036 0.0000000000
39051  44.010  -19.985  36.170 0.0000000000
39040  43.282  -20.328  36.777 0.0000000000
38056  43.889  -21.511  38.185 0.0000000000
38057  42.765  -21.393  38.252 0.0000000000
32763  36.006  -27.380  37.376 0.0000000000
116591  35.746  -27.079  36.750 0.0000000000
32773  36.331  -27.286  36.822 0.0000000000
33646  37.204  -27.106  34.813 0.0000000000
34497  36.570  -25.212  33.861 0.0000000000
29189  35.313  -31.206  39.642 0.0000000000
30101  34.559  -30.285  38.579 0.0000000000
30100  35.676  -29.563  38.929 0.0000000000
118452  35.801  -28.795  38.563 0.0000000000
30978  37.373  -29.176  39.638 0.0000000000
52264  48.324  -6.797  31.605 0.0000000000
53203  50.315  -6.238  32.462 0.0000000000
49458  49.344  -9.275  34.313 0.0000000000
45773  46.599  -13.823  30.710 0.0000000000
45804  46.400  -13.030  29.285 0.0000000000
46726  46.797  -12.610  30.014 0.0000000000
46725  47.239  -11.765  29.793 0.0000000000
46704  47.279  -12.169  30.716 0.0000000000
47639  47.702  -11.671  31.433 0.0000000000
111732  47.411  -12.490  31.622 0.0000000000
44836  48.155  -14.075  33.771 0.0000000000
45740  47.815  -13.419  33.298 0.0000000000
33663  34.549  -26.079  35.067 0.0000000000
34499  34.344  -25.053  33.869 0.0000000000
38119  34.806  -21.134  32.899 0.0000000000
37137  34.359  -22.457  32.708 0.0000000000
40195  37.258  -18.854  34.804 0.0000000000
40222  36.592  -18.683  33.606 0.0000000000
39093  37.564  -19.111  33.699 0.0000000000
108937  38.593  -20.088  33.331 0.0000000000
112805  39.414  -19.653  34.720 0.0000000000
39072  40.088  -19.887  35.174 0.0000000000
39056  39.469  -19.424  36.081 0.0000000000
37064  39.873  -22.115  38.062 0.0000000000
120623  40.271  -20.967  37.865 0.0000000000
38059  40.390  -21.803  38.365 0.0000000000
37051  41.635  -22.738  39.244 0.0000000000
25680  31.419  -35.592  44.325 0.0000000000
25663  31.958  -35.994  44.954 0.0000000000
125377  33.310  -37.091  45.031 0.0000000000
24758  32.104  -36.700  45.578 0.0000000000
40221  43.631  -19.898  32.508 0.0000000000
40209  43.816  -19.983  33.463 0.0000000000
39103  43.035  -20.378  33.063 0.0000000000
121368  42.456  -20.430  34.502 0.0000000000
39070  41.986  -20.344  35.230 0.0000000000
27522  34.323  -33.440  42.179 0.0000000000
28365  33.318  -32.747  40.663 0.0000000000
28343  34.815  -32.961  41.590 0.0000000000
28362  36.508  -32.155  41.308 0.0000000000
111422  37.067  -31.390  40.904 0.0000000000
30070  38.724  -30.380  40.814 0.0000000000
29169  39.230  -31.114  41.286 0.0000000000
51331  48.568  -7.199  31.884 0.0000000000
51324  49.223  -7.192  32.672 0.0000000000
50398  49.197  -7.920  32.472 0.0000000000
49480  49.200  -8.720  32.317 0.0000000000
49471  49.008  -9.615  32.965 0.0000000000
108238  45.727  -15.809  30.285 0.0000000000
43932  46.077  -15.256  30.423 0.0000000000
44861  46.381  -14.556  30.602 0.0000000000
44853  46.785  -14.292  31.331 0.0000000000
46687  47.244  -13.219  31.728 0.0000000000
44852  47.233  -14.283  32.087 0.0000000000
35323  35.530  -24.442  33.798 0.0000000000
118775  34.588  -24.368  33.629 0.0000000000
113308  35.189  -23.241  33.438 0.0000000000
37124  35.080  -22.283  33.207 0.0000000000
38118  35.365  -20.797  33.339 0.0000000000
39095  35.713  -18.929  33.622 0.0000000000
39094  36.263  -19.084  34.203 0.0000000000
39076  36.802  -19.333  34.676 0.0000000000
40174  37.702  -19.027  35.396 0.0000000000
40153  38.785  -19.408  36.238 0.0000000000
39057  38.427  -19.839  36.165 0.0000000000
37077  39.023  -21.543  36.679 0.0000000000
37076  39.447  -21.967  37.323 0.0000000000
26605  30.642  -34.705  41.973 0.0000000000
27504  32.499  -34.104  42.190 0.0000000000
27523  33.350  -33.599  42.014 0.0000000000
27502  34.833  -33.744  42.984 0.0000000000
27481  36.391  -34.216  43.611 0.0000000000
42134  45.385  -17.181  30.624 0.0000000000
41199  46.101  -18.281  31.946 0.0000000000
41190  46.242  -18.877  32.659 0.0000000000
40206  46.242  -19.405  34.087 0.0000000000
40190  45.759  -19.481  34.930 0.0000000000
117496  45.367  -19.592  35.687 0.0000000000
40172  43.924  -19.943  35.390 0.0000000000
40152  44.884  -19.817  36.302 0.0000000000
32776  34.292  -27.693  36.241 0.0000000000
32789  34.608  -26.983  36.036 0.0000000000
33649  34.893  -26.420  35.811 0.0000000000
34469  34.965  -25.919  35.288 0.0000000000
32788  36.700  -27.262  35.864 0.0000000000
33662  36.210  -26.268  34.889 0.0000000000
34498  35.527  -25.124  34.215 0.0000000000
123241  35.968  -24.779  33.859 0.0000000000
35322  36.413  -24.357  33.683 0.0000000000
36195  37.345  -23.082  33.856 0.0000000000
36182  38.349  -23.046  34.412 0.0000000000
106988  38.058  -24.006  33.717 0.0000000000
31870  35.022  -28.154  37.495 0.0000000000
31869  35.794  -27.842  37.804 0.0000000000
31855  37.732  -28.537  38.692 0.0000000000
30084  39.049  -29.804  40.279 0.0000000000
30988  39.337  -29.546  38.795 0.0000000000
109539  52.114  -5.660  31.265 0.0000000000
49495  47.763  -9.199  29.756 0.0000000000
48558  48.196  -10.787  31.195 0.0000000000
47638  48.170  -11.232  32.174 0.0000000000
110091  48.381  -11.587  33.852 0.0000000000
46673  47.633  -12.775  32.622 0.0000000000
47628  48.077  -12.137  33.241 0.0000000000
47619  48.658  -11.766  34.964 0.0000000000
35324  34.186  -24.345  33.312 0.0000000000
39122  39.065  -20.603  32.206 0.0000000000
119052  40.539  -20.668  32.917 0.0000000000
112042  40.855  -20.427  34.469 0.0000000000
39071  41.073  -20.252  35.257 0.0000000000
39042  41.487  -20.232  36.701 0.0000000000
39043  40.061  -19.882  36.743 0.0000000000
39027  40.660  -20.363  37.351 0.0000000000
39026  41.583  -20.595  37.494 0.0000000000
38042  42.022  -22.028  39.006 0.0000000000
36165  38.880  -22.534  35.337 0.0000000000
36164  39.525  -22.767  35.640 0.0000000000
27424  29.208  -34.118  47.478 0.0000000000
50412  47.420  -8.249  30.351 0.0000000000
121006  47.118  -17.073  32.230 0.0000000000
42116  47.287  -17.621  32.522 0.0000000000
37091  37.965  -21.553  35.318 0.0000000000
25678  32.680  -35.768  44.437 0.0000000000
25677  33.446  -35.572  44.345 0.0000000000
25660  34.601  -35.744  44.341 0.0000000000
40231  44.158  -19.400  31.982 0.0000000000
40219  45.161  -19.379  33.156 0.0000000000
39025  42.529  -20.734  37.498 0.0000000000
32762  36.971  -27.792  37.538 0.0000000000
29188  36.466  -30.841  40.131 0.0000000000
29205  34.588  -30.997  39.080 0.0000000000
30088  35.199  -30.437  39.137 0.0000000000
30979  36.529  -29.469  39.415 0.0000000000
30086  37.001  -29.947  39.914 0.0000000000
52263  49.091  -6.515  31.671 0.0000000000
52276  48.744  -6.305  30.844 0.0000000000
53219  49.927  -6.237  31.713 0.0000000000
45788  46.492  -13.396  30.070 0.0000000000
44835  48.551  -14.757  34.146 0.0000000000
34481  34.777  -25.444  34.597 0.0000000000
111175  34.283  -21.285  32.494 0.0000000000
40194  37.923  -18.876  35.254 0.0000000000
40210  37.650  -18.854  34.558 0.0000000000
123228  38.279  -19.296  34.132 0.0000000000
39074  38.574  -19.096  34.880 0.0000000000
39073  39.199  -19.302  35.360 0.0000000000
37063  40.394  -22.633  38.342 0.0000000000
36120  41.007  -23.185  38.691 0.0000000000
26534  30.489  -35.174  45.775 0.0000000000
26549  30.527  -35.232  44.615 0.0000000000
25652  31.389  -36.262  45.971 0.0000000000
40233  42.570  -19.916  31.232 0.0000000000
40232  43.366  -19.655  31.611 0.0000000000
27521  35.366  -33.323  42.399 0.0000000000
119344  37.763  -31.880  41.729 0.0000000000
29170  38.286  -31.105  41.291 0.0000000000
51338  47.226  -7.131  31.224 0.0000000000
51332  47.669  -7.014  31.463 0.0000000000
48557  48.597  -10.265  32.012 0.0000000000
43063  45.584  -16.500  30.453 0.0000000000
43062  46.172  -16.049  30.841 0.0000000000
43931  46.502  -15.149  31.085 0.0000000000
45761  47.124  -13.789  31.734 0.0000000000
112323  47.502  -16.674  32.561 0.0000000000
44843  47.431  -14.942  32.533 0.0000000000
43040  48.219  -16.521  33.292 0.0000000000
103725  35.027  -23.991  33.659 0.0000000000
119431  35.635  -22.722  33.457 0.0000000000
116064  35.771  -21.712  33.521 0.0000000000
38117  35.862  -20.206  33.832 0.0000000000
39075  37.341  -19.489  35.212 0.0000000000
39058  37.879  -19.667  35.709 0.0000000000
38076  38.697  -20.759  36.465 0.0000000000
37089  39.209  -22.224  36.321 0.0000000000
123256  30.583  -35.170  43.177 0.0000000000
26588  30.115  -35.011  42.775 0.0000000000
26587  31.100  -35.038  42.760 0.0000000000
26586  31.977  -34.768  42.629 0.0000000000
27503  33.378  -34.191  42.763 0.0000000000
114512  34.008  -33.858  42.652 0.0000000000
27483  34.262  -34.343  43.359 0.0000000000
41207  44.273  -18.427  30.794 0.0000000000
43064  45.058  -16.904  30.110 0.0000000000
42125  45.516  -17.786  31.173 0.0000000000
41182  45.905  -19.269  33.284 0.0000000000
39023  44.561  -20.716  37.465 0.0000000000
32775  34.923  -27.243  36.634 0.0000000000
33637  35.387  -26.768  36.292 0.0000000000
33648  35.463  -26.338  35.632 0.0000000000
32772  37.337  -27.867  36.371 0.0000000000
34480  35.416  -25.730  34.897 0.0000000000
116837  37.227  -24.161  33.625 0.0000000000
29173  33.923  -32.328  40.212 0.0000000000
28383  33.241  -32.254  39.883 0.0000000000
31003  33.713  -29.398  37.339 0.0000000000
31013  33.348  -29.097  36.791 0.0000000000
31871  34.223  -28.655  37.108 0.0000000000
31882  34.645  -27.919  36.872 0.0000000000
30991  36.609  -28.753  39.023 0.0000000000
31857  36.220  -28.247  38.382 0.0000000000
31856  36.961  -28.273  38.657 0.0000000000
30085  38.043  -29.704  40.255 0.0000000000
31866  38.671  -29.086  38.319 0.0000000000
53218  50.813  -5.989  31.777 0.0000000000
53217  51.725  -5.715  31.902 0.0000000000
53201  52.192  -5.752  32.689 0.0000000000
115516  49.556  -7.771  33.398 0.0000000000
44862  46.035  -14.751  30.064 0.0000000000
44873  45.828  -14.534  29.520 0.0000000000
45789  46.123  -13.807  29.381 0.0000000000
48577  47.588  -10.844  29.587 0.0000000000
124888  47.691  -10.027  29.456 0.0000000000
48570  48.106  -10.187  30.212 0.0000000000
48546  48.525  -10.796  33.253 0.0000000000
47627  48.177  -11.592  32.943 0.0000000000
45751  47.417  -13.595  32.383 0.0000000000
45739  48.380  -13.339  34.294 0.0000000000
46660  48.140  -12.708  33.742 0.0000000000
47620  48.350  -12.144  34.143 0.0000000000
39092  39.100  -19.883  34.046 0.0000000000
104801  40.295  -20.713  31.906 0.0000000000
39091  40.125  -20.374  33.981 0.0000000000
39054  41.351  -20.100  35.982 0.0000000000
106934  40.801  -20.004  36.597 0.0000000000
39044  39.360  -19.882  36.740 0.0000000000
111382  40.869  -21.048  38.166 0.0000000000
38058  41.757  -21.210  38.282 0.0000000000
36107  42.267  -23.479  39.520 0.0000000000
25653  30.835  -35.741  46.354 0.0000000000
25644  30.312  -36.072  47.121 0.0000000000
39133  41.727  -20.160  30.794 0.0000000000
114805  42.151  -20.624  32.682 0.0000000000
39090  41.287  -20.665  33.472 0.0000000000
27500  37.085  -33.710  43.297 0.0000000000
28327  36.557  -33.222  42.666 0.0000000000
28326  37.764  -33.193  42.787 0.0000000000
49487  48.645  -8.806  31.076 0.0000000000
48569  48.520  -9.745  31.065 0.0000000000
106509  46.442  -16.726  31.446 0.0000000000
38105  36.465  -20.356  34.364 0.0000000000
26569  31.887  -35.328  43.408 0.0000000000
26568  32.906  -35.269  43.817 0.0000000000
41208  43.541  -18.691  30.447 0.0000000000
42126  44.905  -18.270  31.116 0.0000000000
39069  42.997  -20.265  35.098 0.0000000000
39024  43.537  -20.793  37.454 0.0000000000
32774  35.445  -27.119  36.770 0.0000000000
109996  37.212  -26.258  34.072 0.0000000000
34496  37.721  -25.570  33.605 0.0000000000
105902  34.110  -31.703  39.554 0.0000000000
30102  33.491  -30.604  38.197 0.0000000000
30993  34.122  -29.812  37.893 0.0000000000
30992  35.054  -29.306  38.267 0.0000000000
31858  35.434  -28.490  38.055 0.0000000000
37138  33.859  -21.924  32.199 0.0000000000
40196  36.715  -18.758  34.327 0.0000000000
40211  36.922  -18.633  34.210 0.0000000000
39107  38.057  -20.131  32.831 0.0000000000
39028  39.867  -20.421  37.359 0.0000000000
38060  39.837  -21.357  37.743 0.0000000000
37052  40.973  -22.613  38.820 0.0000000000
26571  30.219  -35.099  43.647 0.0000000000
25662  32.823  -36.077  44.836 0.0000000000
24772  33.048  -36.554  45.011 0.0000000000
23909  32.467  -37.454  45.395 0.0000000000
39088  43.127  -20.317  34.042 0.0000000000
39053  42.226  -20.247  35.973 0.0000000000
31881  38.093  -28.534  36.824 0.0000000000
122744  33.089  -33.226  41.289 0.0000000000
28344  33.823  -33.121  41.438 0.0000000000
28364  34.308  -32.641  40.827 0.0000000000
28363  35.351  -32.444  40.971 0.0000000000
28342  35.934  -32.792  41.813 0.0000000000
29171  35.887  -31.696  40.479 0.0000000000
29187  37.599  -30.512  40.596 0.0000000000
29168  39.702  -31.379  40.885 0.0000000000
52250  48.933  -6.885  32.205 0.0000000000
112855  49.385  -6.891  32.785 0.0000000000
49459  48.948  -10.188  34.348 0.0000000000
43941  45.619  -15.312  29.781 0.0000000000
45762  46.901  -13.614  31.280 0.0000000000
116581  47.916  -14.856  33.365 0.0000000000
38130  35.099  -19.573  33.179 0.0000000000
122736  35.490  -19.788  33.529 0.0000000000
40173  38.191  -19.139  35.789 0.0000000000
39045  38.902  -20.037  36.610 0.0000000000
27540  32.023  -33.299  41.025 0.0000000000
27525  31.872  -33.774  41.488 0.0000000000
27524  32.554  -33.500  41.476 0.0000000000
27482  35.357  -34.240  43.609 0.0000000000
42124  46.149  -17.453  31.474 0.0000000000
41181  46.668  -19.108  33.224 0.0000000000
40171  44.610  -19.751  35.687 0.0000000000
32790  33.951  -27.440  35.597 0.0000000000
33650  34.298  -26.708  35.389 0.0000000000
33638  35.070  -26.837  36.345 0.0000000000
33647  36.235  -26.661  35.548 0.0000000000
35321  37.948  -24.874  33.534 0.0000000000
28384  32.533  -32.562  40.169 0.0000000000
107304  33.113  -31.741  39.236 0.0000000000
31868  36.510  -27.912  38.041 0.0000000000
111698  37.132  -28.134  38.282 0.0000000000
31867  37.894  -28.473  37.895 0.0000000000
30977  38.305  -29.259  39.731 0.0000000000
30976  39.196  -29.545  39.583 0.0000000000
30989  38.472  -29.026  39.155 0.0000000000
116166  28.800  -33.520  47.143 0.0000000000
48538  48.705  -11.020  34.672 0.0000000000
122996  40.642  -20.589  31.222 0.0000000000
125415  39.667  -20.673  31.479 0.0000000000
38041  43.055  -22.229  39.091 0.0000000000
37050  42.422  -22.925  39.613 0.0000000000
36181  39.181  -23.180  34.708 0.0000000000
36148  39.743  -22.659  36.677 0.0000000000
122845  50.017  -6.446  32.892 0.0000000000
