#!ascii label  , from subject sub-s010 vox2ras=TkReg
339
16868  47.787  -46.333  4.009 0.0000000000
14835  41.317  -49.116  -9.909 0.0000000000
13975  49.135  -50.588  -0.703 0.0000000000
106993  44.241  -47.659  -3.178 0.0000000000
13315  46.851  -51.318  -9.238 0.0000000000
14778  49.172  -48.901  -5.822 0.0000000000
12468  46.594  -51.840  -7.265 0.0000000000
16236  43.699  -47.560  -6.733 0.0000000000
16944  41.588  -46.522  -2.715 0.0000000000
15415  48.526  -49.576  2.547 0.0000000000
15452  47.782  -48.937  -1.757 0.0000000000
16233  46.728  -48.192  -6.525 0.0000000000
14832  44.157  -49.386  -9.280 0.0000000000
106992  44.794  -55.399  -10.476 0.0000000000
117623  44.792  -44.334  2.695 0.0000000000
15391  46.160  -48.439  3.823 0.0000000000
13145  47.151  -51.631  2.220 0.0000000000
17703  44.356  -45.944  0.029 0.0000000000
14076  46.940  -50.849  -6.175 0.0000000000
16259  42.348  -47.846  -7.840 0.0000000000
16238  42.056  -47.243  -6.480 0.0000000000
14714  49.101  -50.202  0.824 0.0000000000
14729  49.227  -49.385  -1.883 0.0000000000
14090  48.562  -49.433  -7.888 0.0000000000
15499  48.436  -48.522  -6.185 0.0000000000
15535  46.984  -48.762  -8.052 0.0000000000
15536  45.717  -48.732  -8.215 0.0000000000
14114  45.782  -50.724  -9.565 0.0000000000
11026  43.200  -54.290  -9.967 0.0000000000
14684  44.785  -49.760  2.820 0.0000000000
13928  46.696  -50.171  3.508 0.0000000000
112764  45.204  -51.117  2.475 0.0000000000
15444  45.011  -48.032  -0.615 0.0000000000
16181  43.567  -47.129  -1.254 0.0000000000
17722  40.355  -45.438  -2.702 0.0000000000
18526  42.486  -44.571  -1.522 0.0000000000
13997  48.273  -51.010  -2.999 0.0000000000
120428  49.421  -49.486  -2.998 0.0000000000
14051  48.435  -50.058  -5.441 0.0000000000
116349  48.461  -50.175  -7.077 0.0000000000
12487  47.227  -51.666  -8.301 0.0000000000
16214  43.619  -47.414  -5.072 0.0000000000
112397  43.358  -47.440  -2.947 0.0000000000
16964  42.125  -47.015  -5.060 0.0000000000
110942  40.985  -46.573  -4.749 0.0000000000
14129  40.322  -50.385  -10.429 0.0000000000
16121  48.102  -48.145  3.862 0.0000000000
15443  46.611  -48.853  -0.155 0.0000000000
15464  45.904  -48.273  -2.737 0.0000000000
15474  48.669  -48.525  -4.337 0.0000000000
108079  47.489  -48.407  -4.130 0.0000000000
16213  45.038  -47.760  -5.007 0.0000000000
16235  44.649  -47.738  -6.599 0.0000000000
15538  43.770  -48.490  -8.387 0.0000000000
14833  43.135  -49.162  -9.446 0.0000000000
12526  45.928  -52.532  -9.960 0.0000000000
111767  44.404  -52.294  -10.351 0.0000000000
12528  43.433  -51.971  -10.351 0.0000000000
113478  41.834  -51.193  -10.324 0.0000000000
19269  45.888  -43.987  2.790 0.0000000000
18434  46.445  -45.131  3.685 0.0000000000
109766  45.384  -46.523  3.494 0.0000000000
16108  46.948  -47.189  4.464 0.0000000000
14673  47.898  -49.451  3.984 0.0000000000
13939  48.567  -50.517  2.604 0.0000000000
13173  48.528  -51.382  0.238 0.0000000000
13189  47.183  -52.097  -0.156 0.0000000000
122048  47.846  -51.677  -1.558 0.0000000000
16934  42.495  -46.071  -1.500 0.0000000000
17641  47.867  -45.692  3.803 0.0000000000
17654  48.154  -45.697  3.450 0.0000000000
114852  41.977  -48.245  -8.616 0.0000000000
16260  41.348  -47.820  -7.964 0.0000000000
13967  49.349  -50.117  -0.228 0.0000000000
14721  49.232  -49.721  -0.875 0.0000000000
14728  49.413  -49.756  -1.683 0.0000000000
14829  48.043  -49.666  -8.417 0.0000000000
14815  48.332  -49.164  -8.082 0.0000000000
14830  47.212  -49.813  -8.829 0.0000000000
14817  46.609  -49.241  -8.590 0.0000000000
14113  46.723  -50.603  -9.242 0.0000000000
8926  42.480  -57.029  -9.979 0.0000000000
122311  45.190  -50.473  2.777 0.0000000000
15465  44.794  -47.913  -2.428 0.0000000000
15445  44.428  -47.728  -1.393 0.0000000000
16189  43.888  -47.552  -2.192 0.0000000000
18542  40.942  -44.588  -2.182 0.0000000000
14029  48.618  -50.110  -4.301 0.0000000000
14030  47.906  -50.529  -4.545 0.0000000000
13273  47.221  -51.237  -6.880 0.0000000000
14075  47.916  -50.532  -6.403 0.0000000000
13272  47.894  -50.755  -7.305 0.0000000000
13291  47.855  -50.892  -8.018 0.0000000000
12488  46.726  -52.256  -7.826 0.0000000000
16224  43.819  -47.492  -5.968 0.0000000000
16215  42.848  -47.268  -4.592 0.0000000000
16225  42.888  -47.235  -5.546 0.0000000000
16965  41.384  -46.850  -5.419 0.0000000000
16966  40.570  -46.611  -5.321 0.0000000000
16953  39.715  -45.922  -3.914 0.0000000000
119321  48.309  -49.110  2.913 0.0000000000
113049  48.003  -48.567  3.186 0.0000000000
15416  48.147  -49.040  2.308 0.0000000000
15453  46.469  -48.542  -1.799 0.0000000000
15463  47.184  -48.556  -2.648 0.0000000000
14764  49.534  -49.034  -4.782 0.0000000000
15473  49.386  -48.846  -3.797 0.0000000000
121741  49.354  -48.757  -4.525 0.0000000000
111509  47.662  -48.329  -6.462 0.0000000000
15500  47.691  -48.318  -5.769 0.0000000000
16211  46.749  -48.208  -5.341 0.0000000000
16212  45.916  -48.009  -4.966 0.0000000000
16222  45.967  -48.024  -5.791 0.0000000000
16223  44.893  -47.709  -5.913 0.0000000000
16234  45.686  -47.977  -6.534 0.0000000000
14831  45.059  -49.476  -9.081 0.0000000000
15537  44.681  -48.477  -8.148 0.0000000000
15545  43.756  -48.927  -8.963 0.0000000000
14840  43.626  -49.870  -9.837 0.0000000000
7753  44.198  -58.910  -10.010 0.0000000000
10309  44.924  -56.209  -10.464 0.0000000000
9637  44.794  -56.795  -10.379 0.0000000000
10308  45.123  -55.435  -10.275 0.0000000000
123495  45.328  -53.957  -10.199 0.0000000000
12527  45.161  -53.039  -10.300 0.0000000000
11756  44.680  -53.833  -10.371 0.0000000000
11736  42.357  -54.104  -9.729 0.0000000000
104769  43.018  -52.798  -10.183 0.0000000000
11757  42.641  -53.523  -9.901 0.0000000000
12529  42.402  -51.972  -10.212 0.0000000000
11758  42.049  -52.770  -9.900 0.0000000000
19270  44.965  -43.855  2.570 0.0000000000
18450  45.600  -44.511  3.127 0.0000000000
17643  45.634  -45.203  3.437 0.0000000000
15392  45.222  -47.931  3.371 0.0000000000
16124  44.927  -46.982  3.223 0.0000000000
16123  45.652  -47.082  3.654 0.0000000000
16109  46.483  -46.994  4.124 0.0000000000
15379  46.697  -47.869  4.357 0.0000000000
15378  47.095  -48.099  4.651 0.0000000000
15390  46.939  -48.751  4.288 0.0000000000
13941  46.962  -50.914  3.022 0.0000000000
13940  47.919  -50.923  2.987 0.0000000000
13144  48.201  -51.317  2.046 0.0000000000
13160  47.617  -51.894  1.284 0.0000000000
13203  46.299  -51.544  -1.200 0.0000000000
13190  46.769  -51.902  -0.718 0.0000000000
107374  47.369  -51.900  -0.929 0.0000000000
16190  42.507  -47.076  -2.668 0.0000000000
16182  42.799  -46.760  -1.712 0.0000000000
16943  42.195  -46.505  -2.023 0.0000000000
18525  43.354  -44.431  -1.220 0.0000000000
16249  42.831  -47.469  -7.088 0.0000000000
14698  48.743  -49.774  1.475 0.0000000000
112500  48.156  -49.365  1.388 0.0000000000
14715  48.734  -49.654  0.660 0.0000000000
15451  48.882  -49.052  -2.066 0.0000000000
115684  48.821  -49.022  -7.283 0.0000000000
15498  49.004  -48.734  -5.703 0.0000000000
15522  48.631  -48.802  -7.237 0.0000000000
15523  48.179  -48.625  -7.412 0.0000000000
15524  47.297  -48.492  -7.490 0.0000000000
15525  46.194  -48.385  -7.563 0.0000000000
119214  45.637  -49.228  -8.751 0.0000000000
14115  44.800  -50.108  -9.569 0.0000000000
11025  44.275  -54.516  -10.343 0.0000000000
107894  43.780  -55.147  -10.236 0.0000000000
11008  42.559  -54.843  -9.735 0.0000000000
14676  45.397  -49.048  3.331 0.0000000000
14675  46.403  -49.346  3.740 0.0000000000
13929  45.711  -49.975  3.250 0.0000000000
13942  45.979  -50.711  2.933 0.0000000000
13146  46.140  -51.376  2.437 0.0000000000
16176  44.316  -47.286  -0.385 0.0000000000
16928  43.852  -46.515  -0.487 0.0000000000
17721  41.143  -45.668  -2.253 0.0000000000
16935  41.839  -45.913  -1.872 0.0000000000
18527  41.695  -45.056  -1.770 0.0000000000
18541  41.816  -44.126  -1.916 0.0000000000
13996  48.834  -50.684  -2.524 0.0000000000
13995  49.465  -49.937  -2.374 0.0000000000
14012  49.349  -50.046  -3.031 0.0000000000
14028  49.361  -49.497  -3.868 0.0000000000
14765  49.148  -49.434  -4.975 0.0000000000
106845  48.671  -49.743  -6.470 0.0000000000
14791  49.005  -49.083  -6.491 0.0000000000
14074  48.739  -49.487  -7.255 0.0000000000
14100  48.139  -50.221  -8.317 0.0000000000
16200  44.625  -47.715  -4.094 0.0000000000
16201  43.674  -47.497  -4.034 0.0000000000
16202  42.848  -47.334  -3.617 0.0000000000
16957  42.020  -47.024  -3.863 0.0000000000
16975  42.115  -47.105  -5.864 0.0000000000
110089  41.508  -46.772  -4.613 0.0000000000
16958  41.060  -46.530  -3.803 0.0000000000
16952  40.323  -46.041  -3.454 0.0000000000
17729  39.815  -45.573  -3.222 0.0000000000
14843  40.905  -49.663  -10.321 0.0000000000
16122  47.834  -47.174  3.939 0.0000000000
16878  47.691  -46.617  3.580 0.0000000000
16132  47.674  -47.654  3.400 0.0000000000
15454  45.368  -48.203  -1.647 0.0000000000
16188  45.129  -47.947  -3.397 0.0000000000
15462  48.403  -48.789  -2.678 0.0000000000
15487  48.534  -48.499  -5.375 0.0000000000
15475  47.914  -48.531  -3.438 0.0000000000
15476  46.783  -48.374  -3.506 0.0000000000
118821  45.913  -48.180  -3.668 0.0000000000
104696  44.306  -47.567  -5.341 0.0000000000
16246  45.433  -48.022  -7.092 0.0000000000
16247  44.448  -47.856  -7.167 0.0000000000
16248  43.669  -47.750  -7.277 0.0000000000
16258  43.258  -47.963  -7.790 0.0000000000
15546  42.494  -48.652  -9.136 0.0000000000
14834  42.181  -49.106  -9.747 0.0000000000
12493  46.936  -51.923  -8.812 0.0000000000
8281  44.430  -58.193  -10.352 0.0000000000
12525  46.221  -52.587  -9.554 0.0000000000
13328  46.393  -51.984  -9.589 0.0000000000
13329  46.022  -51.904  -9.876 0.0000000000
14125  44.951  -51.052  -9.954 0.0000000000
13331  44.220  -51.501  -10.301 0.0000000000
105349  44.063  -52.941  -10.351 0.0000000000
120721  43.463  -51.138  -10.340 0.0000000000
111950  43.098  -50.461  -10.250 0.0000000000
14127  42.227  -50.409  -10.350 0.0000000000
14842  41.780  -49.668  -10.225 0.0000000000
13333  40.930  -51.230  -10.258 0.0000000000
19288  46.208  -43.583  2.239 0.0000000000
19268  47.002  -44.159  2.875 0.0000000000
18449  46.665  -44.596  3.392 0.0000000000
18433  47.105  -45.196  3.874 0.0000000000
16854  47.582  -46.262  4.193 0.0000000000
16880  43.636  -46.171  2.411 0.0000000000
121228  44.973  -45.503  3.146 0.0000000000
16869  45.647  -45.925  3.587 0.0000000000
16855  47.082  -46.548  4.337 0.0000000000
16844  47.373  -47.039  4.379 0.0000000000
120482  48.076  -47.729  4.146 0.0000000000
15389  48.104  -48.571  4.080 0.0000000000
14672  48.155  -49.336  3.775 0.0000000000
14674  47.306  -49.462  3.970 0.0000000000
13926  48.220  -50.090  3.428 0.0000000000
14697  48.950  -50.085  2.055 0.0000000000
13954  48.850  -50.746  1.612 0.0000000000
117288  48.924  -50.907  0.805 0.0000000000
13187  48.698  -51.182  -0.420 0.0000000000
13174  47.816  -51.902  0.393 0.0000000000
13188  47.986  -51.759  -0.553 0.0000000000
13201  48.597  -51.235  -1.139 0.0000000000
120737  43.169  -47.254  -2.111 0.0000000000
16933  43.145  -46.294  -1.022 0.0000000000
17704  43.642  -45.738  -0.582 0.0000000000
111987  42.262  -45.437  -1.522 0.0000000000
109290  42.949  -45.403  -1.111 0.0000000000
9638  44.647  -56.896  -10.543 0.0000000000
10311  43.179  -55.744  -10.006 0.0000000000
11024  45.095  -54.669  -10.366 0.0000000000
11755  45.733  -53.367  -9.873 0.0000000000
12394  46.595  -52.113  0.507 0.0000000000
13159  48.419  -51.459  1.084 0.0000000000
13214  48.526  -51.199  -1.872 0.0000000000
13292  47.300  -51.488  -7.604 0.0000000000
13302  47.571  -50.999  -8.550 0.0000000000
13316  46.326  -51.369  -9.559 0.0000000000
13330  45.241  -51.987  -10.157 0.0000000000
13332  42.716  -51.183  -10.351 0.0000000000
13927  47.610  -50.200  3.558 0.0000000000
13968  49.080  -50.698  0.112 0.0000000000
13974  49.411  -50.073  -0.994 0.0000000000
13983  49.200  -50.498  -1.604 0.0000000000
14013  48.771  -50.401  -3.384 0.0000000000
14050  48.974  -49.353  -5.830 0.0000000000
14091  48.449  -50.159  -7.739 0.0000000000
14112  47.478  -50.535  -8.805 0.0000000000
14124  45.711  -51.426  -9.846 0.0000000000
14126  44.011  -50.642  -10.108 0.0000000000
14128  41.330  -50.408  -10.396 0.0000000000
14665  47.915  -48.798  4.253 0.0000000000
14666  47.606  -48.808  4.316 0.0000000000
14683  48.547  -49.823  3.016 0.0000000000
14738  49.444  -49.099  -3.365 0.0000000000
14779  49.322  -49.004  -5.614 0.0000000000
14800  48.570  -48.937  -7.706 0.0000000000
14816  47.654  -49.210  -8.344 0.0000000000
14841  42.668  -49.715  -10.059 0.0000000000
15359  47.758  -48.021  4.370 0.0000000000
15360  47.209  -47.923  4.636 0.0000000000
15376  47.866  -48.187  4.313 0.0000000000
15377  47.665  -48.263  4.423 0.0000000000
15399  48.259  -49.079  3.413 0.0000000000
15485  49.542  -48.910  -4.245 0.0000000000
15486  49.122  -48.660  -5.032 0.0000000000
15488  47.628  -48.354  -4.923 0.0000000000
15489  46.522  -48.236  -4.414 0.0000000000
15497  49.376  -48.859  -5.109 0.0000000000
15508  48.876  -48.841  -6.515 0.0000000000
15509  48.309  -48.547  -6.873 0.0000000000
15510  47.517  -48.347  -7.002 0.0000000000
15526  45.107  -48.224  -7.650 0.0000000000
15534  48.001  -48.805  -7.912 0.0000000000
15539  42.827  -48.304  -8.464 0.0000000000
15544  44.673  -48.945  -8.698 0.0000000000
15547  41.673  -48.647  -9.346 0.0000000000
16091  47.486  -47.568  4.417 0.0000000000
16092  47.168  -47.559  4.542 0.0000000000
16106  48.029  -47.828  4.029 0.0000000000
16107  47.705  -46.796  4.076 0.0000000000
16133  44.271  -46.643  2.761 0.0000000000
16199  45.485  -47.979  -4.267 0.0000000000
16221  46.963  -48.215  -6.031 0.0000000000
16237  42.888  -47.310  -6.299 0.0000000000
16245  46.500  -48.199  -7.036 0.0000000000
16257  44.143  -48.137  -7.705 0.0000000000
16856  46.491  -46.188  4.013 0.0000000000
16870  44.892  -46.216  3.193 0.0000000000
16945  40.834  -46.138  -2.920 0.0000000000
16959  40.394  -46.318  -4.364 0.0000000000
16976  41.406  -47.054  -6.041 0.0000000000
17626  47.557  -45.683  4.193 0.0000000000
17627  47.052  -45.774  4.118 0.0000000000
17642  46.303  -45.615  3.792 0.0000000000
17655  44.962  -44.862  2.964 0.0000000000
17723  39.707  -45.114  -2.887 0.0000000000
103692  43.648  -53.651  -10.190 0.0000000000
108030  46.478  -52.556  -9.089 0.0000000000
109553  49.187  -49.824  0.139 0.0000000000
109953  46.073  -47.652  3.856 0.0000000000
113707  46.021  -49.842  -9.134 0.0000000000
114342  45.950  -46.509  3.783 0.0000000000
116754  48.860  -48.698  -3.399 0.0000000000
116776  43.175  -48.698  -8.902 0.0000000000
119142  44.246  -47.567  -4.711 0.0000000000
120748  46.517  -52.021  -0.087 0.0000000000
121505  42.489  -43.774  -1.913 0.0000000000
123907  47.244  -51.483  -8.673 0.0000000000
125420  41.002  -46.876  -5.766 0.0000000000
125539  49.022  -49.880  0.704 0.0000000000
125546  49.129  -48.959  -6.113 0.0000000000
