#!ascii label  , from subject sub-s010 vox2ras=TkReg
297
117177  28.514  11.074  -32.689 0.0000000000
60079  25.312  1.465  -28.768 0.0000000000
108378  26.743  16.037  -32.593 0.0000000000
80066  24.597  25.484  -34.593 0.0000000000
58200  23.737  -1.115  -27.866 0.0000000000
118323  26.089  17.455  -36.300 0.0000000000
75564  25.676  19.575  -35.989 0.0000000000
112744  25.545  8.909  -30.150 0.0000000000
64727  26.113  5.944  -29.364 0.0000000000
66619  28.459  7.871  -31.916 0.0000000000
69934  27.246  12.020  -36.765 0.0000000000
67499  28.370  9.131  -35.920 0.0000000000
70726  27.717  13.739  -32.403 0.0000000000
71622  26.544  14.459  -37.445 0.0000000000
77992  25.356  22.370  -32.954 0.0000000000
78019  24.396  22.383  -36.833 0.0000000000
121535  27.681  2.597  -29.847 0.0000000000
75556  26.193  19.078  -34.570 0.0000000000
76377  25.798  20.427  -34.397 0.0000000000
68248  27.484  10.445  -30.734 0.0000000000
120100  27.940  9.001  -30.814 0.0000000000
67460  28.572  9.470  -32.821 0.0000000000
58217  24.825  -0.042  -28.346 0.0000000000
72391  27.321  14.990  -32.982 0.0000000000
71602  27.514  14.567  -34.623 0.0000000000
72426  27.224  15.258  -35.029 0.0000000000
114949  25.140  17.599  -38.157 0.0000000000
73210  25.370  16.565  -38.586 0.0000000000
106786  24.475  24.773  -32.018 0.0000000000
119756  22.963  22.322  -31.291 0.0000000000
78688  25.041  23.882  -34.407 0.0000000000
80871  21.066  26.012  -38.631 0.0000000000
79396  21.556  23.910  -38.736 0.0000000000
78715  22.945  23.635  -37.831 0.0000000000
78721  22.002  22.754  -38.757 0.0000000000
110079  22.549  21.358  -38.895 0.0000000000
64739  28.033  5.691  -30.378 0.0000000000
108404  27.415  4.143  -29.896 0.0000000000
57314  23.309  -1.635  -27.566 0.0000000000
73193  26.801  16.359  -34.582 0.0000000000
73957  26.402  17.854  -34.934 0.0000000000
74735  25.728  18.830  -36.363 0.0000000000
75579  24.402  18.900  -38.573 0.0000000000
64728  24.973  6.517  -29.574 0.0000000000
65692  25.513  7.472  -29.660 0.0000000000
105335  28.093  7.234  -30.624 0.0000000000
64754  28.656  5.899  -32.232 0.0000000000
69099  27.786  11.293  -35.269 0.0000000000
115075  28.088  9.751  -34.732 0.0000000000
68315  27.730  10.480  -36.830 0.0000000000
69050  26.697  11.599  -30.562 0.0000000000
69880  26.821  13.023  -30.711 0.0000000000
69892  28.314  12.391  -32.748 0.0000000000
106083  27.855  12.996  -35.050 0.0000000000
70775  26.958  13.692  -36.909 0.0000000000
108252  26.195  13.865  -39.232 0.0000000000
72438  26.475  15.912  -36.486 0.0000000000
72455  25.638  15.389  -39.059 0.0000000000
77154  25.226  21.208  -32.069 0.0000000000
80080  23.891  25.362  -36.732 0.0000000000
78704  24.449  23.835  -36.336 0.0000000000
78006  25.212  22.236  -35.421 0.0000000000
77191  25.423  21.343  -35.362 0.0000000000
76392  24.935  20.819  -36.800 0.0000000000
77214  23.600  20.460  -38.494 0.0000000000
61018  24.748  2.236  -28.943 0.0000000000
125215  24.966  4.652  -29.353 0.0000000000
66655  28.204  8.265  -34.463 0.0000000000
64793  28.996  6.748  -34.218 0.0000000000
110765  26.023  19.635  -32.889 0.0000000000
76368  25.817  20.437  -33.416 0.0000000000
68260  28.137  10.619  -31.444 0.0000000000
67449  28.425  9.651  -31.863 0.0000000000
68259  28.507  10.393  -32.309 0.0000000000
56419  22.865  -3.218  -26.958 0.0000000000
120778  25.434  0.587  -28.588 0.0000000000
113540  27.096  15.539  -33.120 0.0000000000
72410  27.279  15.259  -33.959 0.0000000000
72411  26.959  15.979  -33.729 0.0000000000
75586  24.288  18.106  -39.965 0.0000000000
110200  24.669  17.614  -39.470 0.0000000000
115133  24.709  24.786  -32.977 0.0000000000
108034  24.219  23.978  -31.676 0.0000000000
117244  24.778  23.352  -32.354 0.0000000000
79361  24.888  24.486  -33.872 0.0000000000
78716  22.132  23.485  -38.415 0.0000000000
78036  21.353  22.019  -39.930 0.0000000000
63828  28.539  4.921  -31.484 0.0000000000
63829  28.178  4.531  -30.734 0.0000000000
113588  23.630  1.222  -28.530 0.0000000000
73946  26.482  17.677  -33.926 0.0000000000
74718  26.380  18.325  -33.335 0.0000000000
75563  26.004  18.979  -35.478 0.0000000000
75571  25.262  19.157  -37.246 0.0000000000
80840  24.398  26.812  -34.150 0.0000000000
66607  24.989  8.172  -30.007 0.0000000000
108788  26.061  8.230  -29.810 0.0000000000
66620  28.153  8.117  -30.947 0.0000000000
65708  28.453  7.001  -31.544 0.0000000000
103425  28.524  6.719  -32.776 0.0000000000
56436  23.855  -2.405  -27.466 0.0000000000
69927  27.571  12.127  -35.697 0.0000000000
69108  27.495  11.237  -36.289 0.0000000000
118625  26.136  11.008  -30.497 0.0000000000
70727  27.313  14.244  -31.859 0.0000000000
70716  27.448  13.510  -31.487 0.0000000000
69879  27.645  12.710  -31.250 0.0000000000
69906  28.074  13.221  -33.147 0.0000000000
118478  28.202  12.851  -34.033 0.0000000000
70751  27.841  13.740  -34.151 0.0000000000
71615  26.965  14.526  -36.476 0.0000000000
121447  27.279  13.964  -36.128 0.0000000000
70780  26.614  13.447  -37.826 0.0000000000
111591  26.348  14.100  -38.425 0.0000000000
73200  26.559  16.573  -35.579 0.0000000000
113582  26.103  16.867  -36.614 0.0000000000
71629  25.666  15.066  -39.840 0.0000000000
77988  24.752  22.597  -32.054 0.0000000000
77975  23.653  21.860  -31.397 0.0000000000
77155  24.926  21.927  -31.954 0.0000000000
77156  24.460  21.313  -31.467 0.0000000000
77165  25.327  21.802  -32.582 0.0000000000
80095  21.125  25.198  -38.702 0.0000000000
80086  23.324  25.523  -37.318 0.0000000000
79380  23.361  24.653  -37.391 0.0000000000
125631  23.886  22.536  -37.374 0.0000000000
109534  24.191  23.111  -36.892 0.0000000000
78018  24.835  22.155  -36.274 0.0000000000
77200  25.092  21.531  -36.145 0.0000000000
77201  24.553  21.547  -36.990 0.0000000000
77216  21.706  21.045  -39.969 0.0000000000
77215  22.628  20.445  -39.461 0.0000000000
76410  23.253  19.567  -39.548 0.0000000000
116408  23.963  2.711  -29.111 0.0000000000
63814  25.008  5.444  -29.406 0.0000000000
62851  27.635  3.280  -30.004 0.0000000000
62852  26.520  3.735  -29.309 0.0000000000
61925  26.869  3.013  -29.446 0.0000000000
61031  25.928  2.448  -29.048 0.0000000000
67487  28.028  9.747  -35.519 0.0000000000
67475  28.287  9.331  -33.975 0.0000000000
122333  28.489  8.387  -35.531 0.0000000000
120914  26.205  18.868  -32.891 0.0000000000
75547  26.084  19.747  -33.983 0.0000000000
75557  25.913  19.724  -34.965 0.0000000000
67438  26.120  9.620  -30.277 0.0000000000
66606  26.625  8.891  -30.098 0.0000000000
67450  28.013  9.715  -31.070 0.0000000000
108695  28.290  8.873  -31.455 0.0000000000
110390  28.512  8.664  -32.346 0.0000000000
58218  23.692  -0.271  -28.152 0.0000000000
58199  24.544  -1.075  -28.135 0.0000000000
58198  25.499  -1.006  -28.322 0.0000000000
58197  26.318  -0.756  -28.308 0.0000000000
69937  26.936  11.864  -37.739 0.0000000000
69122  27.328  11.374  -38.069 0.0000000000
121828  27.222  14.761  -32.264 0.0000000000
71572  27.513  14.380  -32.691 0.0000000000
109155  27.318  14.604  -35.610 0.0000000000
72437  26.973  15.248  -35.974 0.0000000000
73968  25.768  17.559  -36.996 0.0000000000
73969  25.531  17.007  -37.788 0.0000000000
73974  25.005  17.149  -38.980 0.0000000000
78680  25.264  23.015  -33.150 0.0000000000
80094  21.740  24.780  -38.406 0.0000000000
79388  22.402  24.289  -38.055 0.0000000000
122335  22.475  23.196  -38.253 0.0000000000
78028  23.194  22.153  -38.089 0.0000000000
78027  23.941  21.877  -37.545 0.0000000000
78035  22.181  21.997  -38.933 0.0000000000
63812  27.251  5.286  -29.657 0.0000000000
56437  22.825  -2.397  -27.234 0.0000000000
57315  22.279  -1.314  -27.331 0.0000000000
116092  23.996  0.504  -28.392 0.0000000000
59131  24.549  0.997  -28.528 0.0000000000
73149  26.209  16.202  -31.689 0.0000000000
73182  26.654  16.798  -33.526 0.0000000000
117181  26.562  17.089  -34.704 0.0000000000
73962  26.332  17.316  -35.677 0.0000000000
74728  26.362  18.415  -34.247 0.0000000000
74734  26.059  18.104  -35.990 0.0000000000
74743  25.521  18.273  -37.201 0.0000000000
74750  24.773  18.203  -38.460 0.0000000000
80053  24.532  25.392  -32.345 0.0000000000
112064  24.524  25.991  -33.955 0.0000000000
108862  24.468  26.186  -34.969 0.0000000000
65681  26.081  6.836  -29.465 0.0000000000
65691  27.076  8.146  -29.909 0.0000000000
118277  27.548  7.382  -29.921 0.0000000000
64726  27.195  6.519  -29.622 0.0000000000
110074  27.973  6.642  -30.217 0.0000000000
64738  28.425  6.098  -31.154 0.0000000000
63859  28.971  5.251  -32.327 0.0000000000
69084  28.487  11.164  -33.486 0.0000000000
68297  28.334  10.426  -34.087 0.0000000000
68298  27.983  10.505  -34.945 0.0000000000
68306  27.817  10.503  -35.875 0.0000000000
67500  28.225  9.938  -36.316 0.0000000000
68322  28.026  10.860  -37.707 0.0000000000
68314  28.446  10.211  -37.015 0.0000000000
67520  28.995  9.948  -37.099 0.0000000000
68249  26.616  10.333  -30.433 0.0000000000
124906  26.935  10.970  -30.523 0.0000000000
69060  28.149  11.531  -31.544 0.0000000000
69870  27.223  12.196  -30.760 0.0000000000
69072  28.147  12.257  -31.792 0.0000000000
115936  28.466  11.692  -32.959 0.0000000000
69905  28.390  12.052  -33.671 0.0000000000
69919  28.065  12.130  -34.681 0.0000000000
70764  27.603  13.855  -35.324 0.0000000000
108302  27.361  13.060  -36.193 0.0000000000
70779  26.914  12.735  -37.287 0.0000000000
69938  26.642  12.569  -38.245 0.0000000000
70782  26.431  13.283  -38.778 0.0000000000
72427  26.863  15.873  -35.372 0.0000000000
72445  26.218  15.421  -37.477 0.0000000000
73205  25.912  16.280  -37.540 0.0000000000
72450  25.716  15.805  -38.341 0.0000000000
71625  26.046  14.951  -38.276 0.0000000000
71628  25.914  14.561  -39.128 0.0000000000
76337  25.082  20.482  -31.542 0.0000000000
114421  24.358  25.998  -36.070 0.0000000000
80859  23.708  26.158  -36.887 0.0000000000
80072  24.536  25.356  -35.401 0.0000000000
79374  24.563  24.592  -35.789 0.0000000000
78696  24.795  23.853  -35.384 0.0000000000
78687  25.296  23.174  -34.050 0.0000000000
78705  23.830  23.830  -37.145 0.0000000000
78007  24.735  22.962  -36.018 0.0000000000
109929  25.350  22.572  -34.572 0.0000000000
77175  25.491  21.782  -33.437 0.0000000000
113913  25.556  21.141  -32.953 0.0000000000
117300  25.630  21.106  -33.895 0.0000000000
119698  25.612  21.032  -34.712 0.0000000000
76386  25.605  20.467  -35.416 0.0000000000
107488  25.330  20.176  -36.513 0.0000000000
77206  24.022  21.197  -37.790 0.0000000000
76393  24.346  20.631  -37.655 0.0000000000
76400  24.742  19.909  -37.517 0.0000000000
75580  24.007  19.681  -38.549 0.0000000000
120276  23.744  18.778  -39.725 0.0000000000
60080  24.077  1.962  -28.801 0.0000000000
114931  24.336  4.145  -29.515 0.0000000000
63813  26.110  4.777  -29.180 0.0000000000
112844  25.383  3.990  -29.224 0.0000000000
61927  24.609  3.504  -29.308 0.0000000000
61032  24.874  2.780  -29.085 0.0000000000
61017  25.617  2.036  -28.969 0.0000000000
104138  28.414  8.275  -33.492 0.0000000000
66671  28.341  7.875  -35.011 0.0000000000
112474  28.402  7.557  -34.312 0.0000000000
65740  28.495  7.190  -33.595 0.0000000000
108482  28.818  6.487  -33.563 0.0000000000
65762  28.936  7.822  -35.412 0.0000000000
66605  27.566  8.650  -30.330 0.0000000000
66638  28.481  7.685  -32.837 0.0000000000
67437  27.279  9.549  -30.454 0.0000000000
67513  28.849  9.548  -36.552 0.0000000000
68283  28.547  10.333  -33.206 0.0000000000
69049  27.579  11.367  -30.863 0.0000000000
69071  28.396  11.693  -32.251 0.0000000000
69098  28.264  11.294  -34.346 0.0000000000
69117  27.308  11.168  -37.291 0.0000000000
69893  27.937  12.999  -32.134 0.0000000000
70738  27.759  13.934  -33.189 0.0000000000
71585  27.558  14.502  -33.600 0.0000000000
71616  26.606  15.107  -36.765 0.0000000000
72392  26.992  15.292  -32.339 0.0000000000
72456  25.475  15.769  -39.751 0.0000000000
72459  25.718  15.663  -40.390 0.0000000000
75546  26.254  19.024  -33.658 0.0000000000
77207  23.327  21.257  -38.319 0.0000000000
77974  24.294  22.225  -31.619 0.0000000000
77987  25.131  22.301  -32.376 0.0000000000
77998  25.421  22.459  -33.775 0.0000000000
78674  25.104  22.742  -32.550 0.0000000000
78681  25.020  23.848  -33.331 0.0000000000
78695  25.142  23.131  -35.007 0.0000000000
78714  23.489  23.034  -37.560 0.0000000000
79368  24.760  24.698  -34.759 0.0000000000
80060  24.689  25.194  -33.863 0.0000000000
80079  24.361  25.192  -36.140 0.0000000000
106631  22.725  22.814  -38.186 0.0000000000
109697  28.079  8.809  -35.107 0.0000000000
113294  24.594  25.695  -33.062 0.0000000000
113598  23.009  21.644  -31.329 0.0000000000
114335  26.255  18.496  -35.045 0.0000000000
117779  27.055  15.773  -34.546 0.0000000000
118480  26.607  7.482  -29.634 0.0000000000
119548  27.809  12.034  -31.189 0.0000000000
120483  28.395  11.081  -32.008 0.0000000000
121551  25.485  21.800  -34.458 0.0000000000
124498  28.660  7.007  -34.112 0.0000000000
124967  28.729  5.238  -31.981 0.0000000000
125192  25.289  20.890  -36.030 0.0000000000
125317  27.745  7.939  -30.305 0.0000000000
125336  28.286  12.646  -33.397 0.0000000000
