#!ascii label  , from subject sub-s003 vox2ras=TkReg
399
81445  -25.416  7.477  -36.663 0.0000000000
146109  -21.975  3.843  -33.404 0.0000000000
77650  -27.680  3.750  -35.099 0.0000000000
73728  -24.303  -0.496  -32.993 0.0000000000
92653  -28.171  21.285  -38.240 0.0000000000
90141  -28.371  17.566  -36.941 0.0000000000
85709  -23.708  12.307  -35.074 0.0000000000
70000  -23.292  -4.594  -30.594 0.0000000000
75685  -23.527  1.315  -33.803 0.0000000000
73710  -21.813  -0.956  -32.075 0.0000000000
90980  -28.149  18.890  -38.043 0.0000000000
89297  -25.877  16.543  -36.747 0.0000000000
82333  -21.725  7.671  -34.212 0.0000000000
83981  -21.089  10.431  -32.232 0.0000000000
83192  -23.888  9.610  -35.440 0.0000000000
85740  -26.835  12.688  -38.044 0.0000000000
84042  -28.273  10.116  -38.169 0.0000000000
139959  -28.847  7.877  -37.825 0.0000000000
79562  -19.541  5.362  -33.523 0.0000000000
138800  -22.514  5.912  -34.285 0.0000000000
79607  -26.333  4.840  -37.121 0.0000000000
77647  -24.436  3.322  -34.771 0.0000000000
75687  -25.401  1.256  -33.839 0.0000000000
74701  -26.654  0.326  -31.761 0.0000000000
87521  -23.441  14.472  -34.182 0.0000000000
87541  -26.385  15.287  -37.645 0.0000000000
88423  -29.046  15.319  -37.073 0.0000000000
130536  -20.927  -2.821  -30.929 0.0000000000
71826  -23.421  -2.696  -31.675 0.0000000000
74700  -21.038  0.178  -31.707 0.0000000000
128341  -20.522  -0.646  -30.917 0.0000000000
90116  -25.432  17.723  -36.041 0.0000000000
141703  -24.575  16.841  -35.316 0.0000000000
81438  -23.295  7.442  -34.727 0.0000000000
136189  -22.726  8.549  -34.552 0.0000000000
135274  -25.216  8.982  -36.531 0.0000000000
83203  -26.252  10.131  -37.683 0.0000000000
82376  -26.713  8.549  -37.789 0.0000000000
83204  -28.510  9.215  -38.049 0.0000000000
81456  -27.362  7.233  -37.944 0.0000000000
143908  -21.280  4.627  -33.552 0.0000000000
79572  -21.235  5.801  -34.168 0.0000000000
140452  -21.821  5.303  -33.858 0.0000000000
78628  -24.190  4.282  -34.813 0.0000000000
77635  -23.217  3.279  -33.923 0.0000000000
73742  -23.693  -0.282  -33.248 0.0000000000
75686  -24.250  1.069  -33.927 0.0000000000
74735  -25.168  0.571  -33.453 0.0000000000
74736  -25.858  0.916  -33.238 0.0000000000
143838  -25.403  -0.264  -32.526 0.0000000000
92638  -26.366  21.105  -36.531 0.0000000000
93384  -26.826  22.283  -36.204 0.0000000000
93391  -27.916  21.939  -37.926 0.0000000000
94134  -28.763  22.631  -38.832 0.0000000000
127138  -29.059  21.413  -38.800 0.0000000000
126521  -28.379  18.444  -37.623 0.0000000000
83990  -22.135  10.918  -33.486 0.0000000000
146313  -22.353  11.866  -33.446 0.0000000000
86604  -23.676  13.241  -34.785 0.0000000000
134992  -25.246  14.634  -36.404 0.0000000000
86614  -25.080  13.807  -36.286 0.0000000000
129384  -28.672  13.298  -37.581 0.0000000000
86637  -27.979  13.985  -37.954 0.0000000000
87532  -29.549  14.728  -36.955 0.0000000000
77673  -26.662  3.754  -36.447 0.0000000000
78661  -27.938  4.705  -37.136 0.0000000000
68996  -21.510  -5.274  -30.689 0.0000000000
69999  -22.762  -4.185  -31.076 0.0000000000
71825  -22.610  -2.904  -31.637 0.0000000000
70908  -23.582  -3.884  -30.862 0.0000000000
75672  -21.123  1.802  -32.329 0.0000000000
144453  -22.665  2.716  -33.512 0.0000000000
75673  -22.022  1.245  -32.899 0.0000000000
74716  -22.216  0.313  -32.795 0.0000000000
73727  -23.139  -0.783  -32.904 0.0000000000
91814  -26.686  19.584  -36.909 0.0000000000
137241  -28.724  20.190  -38.752 0.0000000000
90978  -26.916  18.502  -37.288 0.0000000000
90138  -26.989  17.605  -37.410 0.0000000000
132105  -26.992  16.961  -37.563 0.0000000000
81392  -19.815  7.567  -32.364 0.0000000000
82310  -21.370  8.444  -33.618 0.0000000000
83178  -22.640  9.303  -34.422 0.0000000000
84016  -23.581  10.378  -35.161 0.0000000000
85723  -25.203  12.265  -36.494 0.0000000000
84036  -25.823  10.770  -37.390 0.0000000000
146661  -27.420  11.185  -38.146 0.0000000000
84899  -29.059  11.596  -37.537 0.0000000000
134999  -29.397  10.915  -37.342 0.0000000000
68981  -24.241  -5.419  -29.356 0.0000000000
69981  -24.488  -4.637  -29.666 0.0000000000
80505  -20.717  6.184  -34.320 0.0000000000
80514  -22.264  6.528  -34.253 0.0000000000
80534  -24.615  6.446  -35.750 0.0000000000
80536  -26.390  5.804  -37.410 0.0000000000
79593  -25.111  4.819  -35.867 0.0000000000
78643  -25.617  4.068  -35.992 0.0000000000
77662  -26.257  3.271  -35.913 0.0000000000
75701  -24.140  1.900  -34.211 0.0000000000
76654  -25.417  2.424  -34.714 0.0000000000
140171  -26.547  2.630  -34.543 0.0000000000
75689  -26.777  1.933  -33.366 0.0000000000
74719  -26.963  1.059  -32.125 0.0000000000
92648  -29.342  20.276  -38.413 0.0000000000
88421  -24.615  15.769  -35.552 0.0000000000
88429  -26.059  15.939  -37.191 0.0000000000
89315  -27.451  15.990  -37.815 0.0000000000
87548  -26.985  14.374  -38.209 0.0000000000
88441  -27.762  15.393  -37.913 0.0000000000
89298  -28.751  16.631  -36.631 0.0000000000
80550  -27.789  6.438  -37.896 0.0000000000
124083  -29.413  7.059  -36.790 0.0000000000
71800  -20.628  -2.008  -30.832 0.0000000000
71824  -21.434  -2.253  -31.401 0.0000000000
71841  -22.853  -2.096  -32.058 0.0000000000
72745  -23.797  -1.990  -32.072 0.0000000000
70909  -24.376  -3.561  -30.547 0.0000000000
71828  -25.040  -2.168  -31.146 0.0000000000
72747  -25.330  -1.480  -31.451 0.0000000000
124175  -24.037  16.856  -34.247 0.0000000000
81444  -24.710  7.357  -35.905 0.0000000000
82362  -23.905  7.988  -35.310 0.0000000000
82368  -24.910  8.175  -36.149 0.0000000000
134982  -25.758  8.940  -37.186 0.0000000000
81454  -26.025  7.595  -37.303 0.0000000000
81455  -26.670  7.821  -37.721 0.0000000000
77633  -21.391  3.875  -33.235 0.0000000000
77623  -20.613  3.547  -32.673 0.0000000000
78616  -21.850  4.534  -33.621 0.0000000000
77646  -22.731  4.461  -33.922 0.0000000000
77634  -22.461  3.674  -33.603 0.0000000000
74734  -24.392  0.298  -33.488 0.0000000000
73729  -24.959  -0.077  -33.040 0.0000000000
123600  -24.878  -0.674  -32.521 0.0000000000
92645  -27.166  20.415  -37.267 0.0000000000
92639  -27.083  21.583  -36.998 0.0000000000
92646  -27.659  21.109  -37.708 0.0000000000
93397  -28.362  21.891  -38.382 0.0000000000
93399  -29.287  22.160  -38.864 0.0000000000
92654  -28.676  21.085  -38.621 0.0000000000
90981  -29.067  18.937  -38.173 0.0000000000
90969  -29.070  18.252  -37.303 0.0000000000
120975  -22.811  11.344  -34.165 0.0000000000
120790  -21.846  11.544  -32.970 0.0000000000
145924  -23.199  12.013  -34.417 0.0000000000
120887  -22.792  12.414  -33.863 0.0000000000
86605  -24.352  13.268  -35.516 0.0000000000
140402  -24.942  12.947  -36.168 0.0000000000
86628  -29.335  13.525  -37.202 0.0000000000
87543  -29.303  14.276  -37.169 0.0000000000
78645  -27.277  4.134  -36.011 0.0000000000
123139  -27.755  4.486  -36.504 0.0000000000
68998  -23.056  -5.211  -30.373 0.0000000000
68997  -22.421  -5.689  -30.423 0.0000000000
124990  -22.489  -4.922  -30.759 0.0000000000
69998  -21.870  -4.404  -31.060 0.0000000000
74715  -21.306  0.746  -32.190 0.0000000000
73725  -21.672  -0.131  -32.173 0.0000000000
73726  -22.421  -0.523  -32.656 0.0000000000
72761  -22.595  -1.296  -32.435 0.0000000000
136770  -25.650  19.855  -36.253 0.0000000000
90968  -26.306  18.791  -36.631 0.0000000000
131655  -25.962  17.162  -36.613 0.0000000000
90127  -26.333  17.819  -36.798 0.0000000000
90137  -26.520  16.936  -37.266 0.0000000000
90139  -27.366  17.398  -37.409 0.0000000000
82332  -21.072  7.565  -33.797 0.0000000000
135276  -23.437  8.725  -35.015 0.0000000000
83191  -23.173  9.422  -34.765 0.0000000000
84002  -22.993  10.286  -34.516 0.0000000000
84029  -24.391  10.516  -35.820 0.0000000000
84030  -25.217  10.619  -36.571 0.0000000000
83210  -26.910  9.888  -38.055 0.0000000000
84037  -26.690  10.966  -37.918 0.0000000000
84041  -27.520  10.438  -38.193 0.0000000000
84906  -28.356  11.645  -37.885 0.0000000000
127976  -28.040  10.968  -38.152 0.0000000000
84038  -28.788  10.715  -37.754 0.0000000000
82385  -28.410  8.271  -38.021 0.0000000000
83205  -29.128  9.382  -37.713 0.0000000000
81458  -29.378  8.038  -37.244 0.0000000000
67915  -23.764  -6.075  -29.253 0.0000000000
67904  -24.387  -6.087  -28.794 0.0000000000
79569  -19.214  5.921  -33.594 0.0000000000
81411  -19.385  6.478  -33.281 0.0000000000
79570  -20.271  5.683  -34.269 0.0000000000
79579  -21.787  5.802  -33.944 0.0000000000
138370  -21.241  6.112  -34.236 0.0000000000
80521  -23.421  6.693  -34.716 0.0000000000
79592  -23.310  5.900  -34.616 0.0000000000
80522  -24.261  5.736  -35.353 0.0000000000
78642  -24.973  4.202  -35.440 0.0000000000
77660  -24.927  3.658  -35.135 0.0000000000
77661  -25.638  3.479  -35.659 0.0000000000
77648  -25.195  3.042  -35.032 0.0000000000
75684  -22.756  1.736  -33.440 0.0000000000
141071  -23.401  2.267  -33.894 0.0000000000
75702  -24.920  1.689  -34.267 0.0000000000
75703  -25.686  1.893  -34.292 0.0000000000
76655  -26.028  2.425  -34.804 0.0000000000
76638  -26.337  2.158  -34.105 0.0000000000
75688  -26.101  1.560  -33.658 0.0000000000
74718  -26.296  0.615  -32.540 0.0000000000
75674  -26.559  1.281  -32.939 0.0000000000
74702  -27.335  0.755  -31.342 0.0000000000
91823  -28.489  19.562  -38.502 0.0000000000
91830  -28.929  19.705  -38.659 0.0000000000
83139  -20.643  9.513  -32.048 0.0000000000
136822  -22.959  13.979  -33.711 0.0000000000
88410  -23.624  15.212  -34.202 0.0000000000
88411  -23.976  15.661  -34.803 0.0000000000
87522  -24.105  14.991  -35.003 0.0000000000
87531  -25.668  15.288  -36.862 0.0000000000
88430  -26.537  15.997  -37.597 0.0000000000
88439  -26.844  15.790  -37.874 0.0000000000
85733  -26.268  12.633  -37.743 0.0000000000
136165  -25.989  13.441  -37.530 0.0000000000
86626  -26.623  13.544  -37.967 0.0000000000
87542  -28.794  14.896  -37.405 0.0000000000
87550  -28.136  14.801  -37.859 0.0000000000
139164  -28.238  15.301  -37.696 0.0000000000
88431  -28.042  15.863  -37.615 0.0000000000
135099  -28.575  15.895  -37.154 0.0000000000
136427  -29.113  15.803  -36.764 0.0000000000
80549  -27.021  6.152  -37.812 0.0000000000
79619  -26.926  5.109  -37.660 0.0000000000
79608  -28.500  5.616  -36.978 0.0000000000
70907  -21.331  -3.649  -31.051 0.0000000000
71827  -24.255  -2.467  -31.481 0.0000000000
70884  -24.787  -3.924  -29.895 0.0000000000
73708  -20.527  0.074  -31.207 0.0000000000
73709  -21.105  -0.473  -31.561 0.0000000000
72743  -21.106  -1.358  -31.350 0.0000000000
90115  -24.436  17.590  -35.111 0.0000000000
89286  -25.332  17.014  -35.932 0.0000000000
89296  -25.072  16.408  -35.855 0.0000000000
82353  -22.316  7.797  -34.416 0.0000000000
82352  -22.051  7.723  -34.339 0.0000000000
82354  -22.978  7.924  -34.648 0.0000000000
135275  -24.365  8.889  -35.735 0.0000000000
83202  -25.619  9.786  -37.081 0.0000000000
129820  -26.344  9.251  -37.669 0.0000000000
82383  -27.120  9.025  -38.025 0.0000000000
83211  -27.700  9.557  -38.206 0.0000000000
82384  -27.816  8.699  -38.104 0.0000000000
81470  -27.834  7.937  -38.035 0.0000000000
81457  -28.249  7.343  -37.978 0.0000000000
78608  -20.726  4.533  -33.333 0.0000000000
78614  -20.422  5.288  -33.986 0.0000000000
79571  -20.760  5.664  -34.319 0.0000000000
78615  -21.110  5.269  -33.981 0.0000000000
78626  -22.356  5.465  -34.096 0.0000000000
79580  -23.373  5.266  -34.536 0.0000000000
78627  -23.350  4.691  -34.336 0.0000000000
125064  -23.716  3.804  -34.335 0.0000000000
74733  -23.622  0.480  -33.569 0.0000000000
145700  -24.816  0.962  -33.846 0.0000000000
74717  -25.614  0.277  -32.855 0.0000000000
73730  -25.998  -0.053  -32.181 0.0000000000
146193  -25.094  21.338  -35.225 0.0000000000
94133  -28.520  22.395  -38.473 0.0000000000
94136  -29.887  22.639  -38.994 0.0000000000
90984  -28.618  19.142  -38.342 0.0000000000
120791  -22.018  12.171  -32.821 0.0000000000
121036  -22.541  12.915  -33.424 0.0000000000
86587  -22.847  13.332  -33.734 0.0000000000
135110  -23.898  14.033  -34.845 0.0000000000
135007  -24.614  14.340  -35.672 0.0000000000
86615  -25.724  14.333  -37.131 0.0000000000
85741  -27.394  12.621  -38.065 0.0000000000
86636  -27.639  13.341  -37.992 0.0000000000
86627  -28.691  14.159  -37.540 0.0000000000
78659  -26.600  3.954  -37.047 0.0000000000
78675  -27.391  4.769  -37.454 0.0000000000
78660  -27.226  4.053  -37.146 0.0000000000
79594  -28.331  5.128  -36.223 0.0000000000
69997  -20.864  -4.388  -30.696 0.0000000000
70928  -21.790  -2.996  -31.439 0.0000000000
70929  -22.260  -3.641  -31.343 0.0000000000
70930  -23.095  -3.457  -31.385 0.0000000000
70931  -23.917  -3.178  -31.178 0.0000000000
76625  -21.246  2.868  -32.731 0.0000000000
139799  -21.970  2.246  -33.026 0.0000000000
74732  -22.848  0.781  -33.382 0.0000000000
73741  -22.977  -0.070  -33.215 0.0000000000
141252  -23.743  -0.861  -32.871 0.0000000000
127517  -24.682  21.435  -34.419 0.0000000000
91790  -24.924  20.532  -35.402 0.0000000000
92647  -28.217  20.310  -38.391 0.0000000000
134299  -27.710  20.029  -37.855 0.0000000000
91821  -27.369  19.289  -37.618 0.0000000000
90979  -27.565  18.446  -37.563 0.0000000000
132860  -27.813  18.225  -37.406 0.0000000000
90140  -27.814  17.519  -37.117 0.0000000000
83140  -21.247  9.465  -32.935 0.0000000000
83176  -21.988  8.693  -34.111 0.0000000000
140192  -21.708  9.357  -33.598 0.0000000000
83156  -22.052  9.941  -33.756 0.0000000000
83991  -22.458  10.376  -34.033 0.0000000000
84869  -24.030  11.340  -35.506 0.0000000000
85722  -24.528  12.241  -35.801 0.0000000000
84886  -24.821  11.405  -36.167 0.0000000000
84887  -25.488  11.506  -36.921 0.0000000000
84897  -26.032  11.683  -37.596 0.0000000000
84904  -27.086  11.841  -38.130 0.0000000000
85742  -27.965  12.507  -37.945 0.0000000000
85734  -28.588  12.435  -37.686 0.0000000000
85735  -29.333  12.484  -37.291 0.0000000000
85724  -29.854  12.144  -36.863 0.0000000000
84900  -29.635  11.548  -37.112 0.0000000000
135431  -28.863  9.865  -37.856 0.0000000000
77649  -27.143  3.108  -34.600 0.0000000000
68980  -23.274  -5.753  -29.845 0.0000000000
69980  -23.721  -4.967  -30.001 0.0000000000
70001  -24.062  -4.279  -30.288 0.0000000000
81424  -20.434  6.834  -33.715 0.0000000000
81425  -21.260  7.130  -34.049 0.0000000000
79578  -20.914  5.907  -34.387 0.0000000000
80512  -21.320  6.477  -34.132 0.0000000000
81432  -22.025  6.981  -34.221 0.0000000000
81433  -22.518  7.281  -34.426 0.0000000000
81439  -23.972  7.205  -35.180 0.0000000000
125401  -25.265  6.765  -36.460 0.0000000000
80548  -25.945  6.683  -37.152 0.0000000000
80535  -25.595  5.861  -36.691 0.0000000000
79606  -25.616  5.039  -36.493 0.0000000000
79581  -24.248  5.039  -35.080 0.0000000000
78658  -25.965  4.298  -36.548 0.0000000000
78644  -26.202  3.758  -36.316 0.0000000000
77663  -26.862  3.430  -35.639 0.0000000000
76652  -23.950  2.821  -34.334 0.0000000000
76653  -24.691  2.528  -34.573 0.0000000000
76666  -25.844  2.855  -35.344 0.0000000000
76656  -26.406  2.898  -35.246 0.0000000000
76639  -26.944  2.572  -33.835 0.0000000000
75675  -27.228  1.722  -32.590 0.0000000000
92655  -29.021  20.609  -38.842 0.0000000000
92656  -29.402  21.263  -38.594 0.0000000000
132671  -24.229  16.274  -35.055 0.0000000000
87530  -24.991  15.206  -35.983 0.0000000000
88422  -25.457  15.912  -36.407 0.0000000000
89305  -26.397  16.375  -37.371 0.0000000000
89306  -26.807  16.383  -37.666 0.0000000000
89307  -27.165  16.539  -37.663 0.0000000000
89308  -27.570  16.598  -37.410 0.0000000000
136156  -25.441  13.207  -36.827 0.0000000000
135430  -26.434  14.365  -37.807 0.0000000000
136703  -27.423  14.056  -38.181 0.0000000000
87549  -27.497  14.792  -38.066 0.0000000000
132197  -26.977  15.160  -38.031 0.0000000000
88440  -27.262  15.558  -37.987 0.0000000000
89309  -28.077  16.632  -37.086 0.0000000000
90128  -29.013  17.520  -36.721 0.0000000000
125708  -26.574  6.962  -37.625 0.0000000000
78676  -27.935  5.265  -37.419 0.0000000000
80551  -28.394  6.646  -37.756 0.0000000000
80552  -28.903  7.201  -37.580 0.0000000000
140666  -20.406  -1.345  -30.717 0.0000000000
72744  -21.975  -1.769  -31.928 0.0000000000
141226  -22.145  -2.428  -31.746 0.0000000000
72762  -23.401  -1.411  -32.527 0.0000000000
72763  -24.224  -1.234  -32.464 0.0000000000
71801  -24.697  -2.840  -30.818 0.0000000000
72746  -24.591  -1.766  -31.778 0.0000000000
72764  -24.908  -1.178  -32.005 0.0000000000
73711  -25.559  -0.742  -31.881 0.0000000000
76637  -22.001  3.206  -33.206 0.0000000000
78674  -26.925  4.345  -37.444 0.0000000000
79620  -27.527  5.567  -37.677 0.0000000000
79621  -28.178  5.956  -37.581 0.0000000000
80504  -19.926  6.152  -33.982 0.0000000000
80513  -21.557  6.461  -34.090 0.0000000000
80523  -25.037  5.561  -36.053 0.0000000000
80537  -28.762  6.445  -37.269 0.0000000000
81412  -19.779  7.122  -32.963 0.0000000000
81431  -21.754  7.130  -34.163 0.0000000000
81469  -27.265  8.207  -37.954 0.0000000000
82309  -20.525  7.808  -33.076 0.0000000000
82369  -25.572  8.264  -36.911 0.0000000000
82375  -26.155  8.407  -37.469 0.0000000000
83155  -21.568  10.261  -33.137 0.0000000000
83177  -22.349  8.463  -34.386 0.0000000000
83198  -24.786  9.742  -36.182 0.0000000000
84859  -23.396  11.245  -34.773 0.0000000000
84898  -26.561  11.934  -37.911 0.0000000000
84905  -27.723  11.783  -38.103 0.0000000000
85708  -23.259  12.844  -34.302 0.0000000000
85732  -25.700  12.439  -37.250 0.0000000000
86588  -23.284  13.721  -34.197 0.0000000000
86635  -27.147  13.490  -38.166 0.0000000000
88432  -28.531  15.448  -37.425 0.0000000000
89314  -27.070  16.070  -37.888 0.0000000000
90967  -25.549  18.623  -36.166 0.0000000000
91822  -27.969  19.344  -38.126 0.0000000000
92637  -25.507  21.200  -35.775 0.0000000000
134878  -28.130  13.129  -37.816 0.0000000000
139863  -22.345  9.268  -34.207 0.0000000000
144171  -26.756  14.859  -37.959 0.0000000000
145603  -26.478  6.383  -37.545 0.0000000000
