#!ascii label  , from subject sub-s003 vox2ras=TkReg
353
74687  -28.540  0.801  -30.292 0.0000000000
77650  -27.680  3.750  -35.099 0.0000000000
90141  -28.371  17.566  -36.941 0.0000000000
86616  -29.919  13.888  -36.733 0.0000000000
83194  -30.565  9.564  -35.221 0.0000000000
79554  -31.811  5.688  -31.704 0.0000000000
90980  -28.149  18.890  -38.043 0.0000000000
84032  -30.146  10.963  -36.165 0.0000000000
139959  -28.847  7.877  -37.825 0.0000000000
76627  -28.080  2.789  -32.646 0.0000000000
78617  -29.506  4.700  -33.121 0.0000000000
77618  -30.358  3.441  -31.072 0.0000000000
69983  -26.005  -4.155  -28.891 0.0000000000
74701  -26.654  0.326  -31.761 0.0000000000
137296  -28.876  25.050  -37.889 0.0000000000
94882  -29.618  23.334  -39.436 0.0000000000
94127  -30.733  22.702  -38.127 0.0000000000
93386  -31.277  21.380  -36.742 0.0000000000
91807  -31.452  19.249  -35.629 0.0000000000
88423  -29.046  15.319  -37.073 0.0000000000
90085  -31.166  16.995  -34.550 0.0000000000
87498  -31.683  14.714  -34.072 0.0000000000
85689  -32.446  12.523  -33.755 0.0000000000
83998  -33.181  10.244  -32.992 0.0000000000
79595  -28.988  5.871  -36.018 0.0000000000
81426  -31.558  7.772  -33.419 0.0000000000
83204  -28.510  9.215  -38.049 0.0000000000
81456  -27.362  7.233  -37.944 0.0000000000
75654  -28.597  1.763  -30.882 0.0000000000
77616  -29.011  3.013  -31.502 0.0000000000
76608  -29.491  2.191  -30.591 0.0000000000
65996  -25.928  -8.152  -27.036 0.0000000000
66939  -26.550  -7.241  -27.333 0.0000000000
67887  -26.848  -6.334  -27.584 0.0000000000
74736  -25.858  0.916  -33.238 0.0000000000
143838  -25.403  -0.264  -32.526 0.0000000000
94883  -30.348  23.210  -38.922 0.0000000000
126521  -28.379  18.444  -37.623 0.0000000000
91824  -29.381  19.527  -38.156 0.0000000000
90970  -29.821  18.981  -37.202 0.0000000000
91816  -31.158  19.654  -36.261 0.0000000000
90129  -29.791  17.988  -36.588 0.0000000000
87532  -29.549  14.728  -36.955 0.0000000000
89287  -30.340  16.083  -35.477 0.0000000000
135503  -30.230  15.205  -35.847 0.0000000000
88398  -31.217  15.441  -34.327 0.0000000000
131729  -30.932  13.873  -35.203 0.0000000000
84017  -30.293  10.239  -35.908 0.0000000000
84871  -30.994  11.726  -35.119 0.0000000000
135427  -31.878  10.969  -34.165 0.0000000000
83997  -32.575  10.869  -33.532 0.0000000000
83180  -31.796  9.648  -34.002 0.0000000000
77673  -26.662  3.754  -36.447 0.0000000000
78661  -27.938  4.705  -37.136 0.0000000000
78646  -28.164  4.541  -35.439 0.0000000000
79563  -30.727  5.710  -32.508 0.0000000000
80506  -30.605  6.495  -33.709 0.0000000000
80500  -31.628  6.740  -32.687 0.0000000000
81418  -32.797  7.917  -32.509 0.0000000000
122395  -32.708  6.636  -31.875 0.0000000000
70870  -26.813  -3.637  -28.706 0.0000000000
71777  -25.978  -2.859  -29.789 0.0000000000
125133  -26.859  -2.715  -29.261 0.0000000000
72706  -27.613  -1.609  -29.505 0.0000000000
84899  -29.059  11.596  -37.537 0.0000000000
85725  -30.205  12.335  -36.382 0.0000000000
134999  -29.397  10.915  -37.342 0.0000000000
134509  -29.538  9.155  -37.152 0.0000000000
82370  -29.745  8.583  -36.622 0.0000000000
76640  -27.673  2.989  -33.545 0.0000000000
78629  -28.273  4.215  -34.521 0.0000000000
127207  -28.452  3.445  -33.139 0.0000000000
78609  -29.798  4.546  -32.236 0.0000000000
78602  -31.060  4.699  -31.512 0.0000000000
68969  -26.945  -4.938  -28.044 0.0000000000
140171  -26.547  2.630  -34.543 0.0000000000
75689  -26.777  1.933  -33.366 0.0000000000
74719  -26.963  1.059  -32.125 0.0000000000
74702  -27.335  0.755  -31.342 0.0000000000
97053  -28.309  26.388  -38.905 0.0000000000
94872  -28.671  23.542  -38.007 0.0000000000
94881  -28.897  23.549  -39.361 0.0000000000
96385  -30.620  24.722  -39.590 0.0000000000
95623  -31.685  24.216  -38.081 0.0000000000
94875  -32.056  23.644  -37.387 0.0000000000
92648  -29.342  20.276  -38.413 0.0000000000
93393  -30.689  21.868  -37.594 0.0000000000
94118  -32.163  23.078  -36.692 0.0000000000
93387  -32.027  21.744  -36.181 0.0000000000
93375  -32.474  21.344  -35.461 0.0000000000
137546  -32.183  19.615  -34.967 0.0000000000
89298  -28.751  16.631  -36.631 0.0000000000
89299  -29.436  17.070  -36.179 0.0000000000
90118  -30.983  17.728  -35.230 0.0000000000
124249  -32.607  18.753  -34.300 0.0000000000
90086  -32.445  17.193  -33.824 0.0000000000
87499  -33.099  14.870  -33.106 0.0000000000
86607  -31.060  13.036  -35.127 0.0000000000
86593  -32.064  13.184  -34.066 0.0000000000
80550  -27.789  6.438  -37.896 0.0000000000
124083  -29.413  7.059  -36.790 0.0000000000
81441  -30.141  7.872  -35.412 0.0000000000
79582  -29.407  5.443  -34.346 0.0000000000
80516  -30.262  6.655  -34.460 0.0000000000
82355  -30.726  8.170  -34.645 0.0000000000
82357  -31.987  9.007  -33.564 0.0000000000
82341  -33.054  9.039  -32.888 0.0000000000
72748  -26.062  -1.152  -31.149 0.0000000000
73691  -27.460  -0.436  -30.423 0.0000000000
74672  -28.914  0.142  -29.719 0.0000000000
139698  -29.021  2.479  -31.129 0.0000000000
75655  -29.272  1.435  -30.155 0.0000000000
75656  -30.051  1.849  -29.971 0.0000000000
65972  -27.074  -8.852  -26.674 0.0000000000
125023  -26.851  -8.085  -26.985 0.0000000000
90981  -29.067  18.937  -38.173 0.0000000000
90969  -29.070  18.252  -37.303 0.0000000000
86628  -29.335  13.525  -37.202 0.0000000000
87543  -29.303  14.276  -37.169 0.0000000000
87533  -30.095  14.564  -36.408 0.0000000000
87523  -30.488  14.426  -35.788 0.0000000000
134341  -30.440  13.853  -36.030 0.0000000000
84018  -30.863  10.313  -35.026 0.0000000000
83179  -31.205  9.656  -34.565 0.0000000000
84003  -31.536  10.300  -34.401 0.0000000000
78645  -27.277  4.134  -36.011 0.0000000000
123139  -27.755  4.486  -36.504 0.0000000000
141537  -31.138  5.441  -31.857 0.0000000000
79564  -31.384  6.105  -32.284 0.0000000000
79565  -32.092  6.381  -32.076 0.0000000000
80501  -32.363  7.134  -32.452 0.0000000000
79556  -33.268  6.471  -31.407 0.0000000000
79555  -32.586  5.881  -31.427 0.0000000000
127976  -28.040  10.968  -38.152 0.0000000000
84038  -28.788  10.715  -37.754 0.0000000000
82385  -28.410  8.271  -38.021 0.0000000000
83205  -29.128  9.382  -37.713 0.0000000000
82377  -29.032  8.641  -37.763 0.0000000000
81458  -29.378  8.038  -37.244 0.0000000000
77617  -29.517  3.692  -31.677 0.0000000000
78601  -30.352  4.261  -31.564 0.0000000000
77619  -31.090  3.945  -31.105 0.0000000000
77610  -31.060  3.283  -30.581 0.0000000000
65021  -25.454  -8.985  -26.775 0.0000000000
64996  -25.005  -9.678  -26.594 0.0000000000
68968  -26.474  -5.654  -27.960 0.0000000000
69950  -27.660  -4.941  -27.780 0.0000000000
76638  -26.337  2.158  -34.105 0.0000000000
74718  -26.296  0.615  -32.540 0.0000000000
75674  -26.559  1.281  -32.939 0.0000000000
96366  -28.939  26.087  -37.463 0.0000000000
96374  -28.563  25.748  -38.359 0.0000000000
96383  -28.470  25.089  -39.135 0.0000000000
94135  -29.149  22.834  -39.167 0.0000000000
94880  -28.730  23.274  -38.767 0.0000000000
133522  -28.496  23.998  -40.031 0.0000000000
95631  -29.101  23.595  -40.044 0.0000000000
122237  -29.525  23.978  -40.237 0.0000000000
94874  -31.129  23.477  -38.194 0.0000000000
91830  -28.929  19.705  -38.659 0.0000000000
92640  -30.425  20.354  -37.241 0.0000000000
92649  -30.577  21.037  -37.349 0.0000000000
94117  -31.501  22.339  -36.955 0.0000000000
135965  -32.302  22.455  -36.275 0.0000000000
90971  -30.720  18.968  -36.279 0.0000000000
92629  -31.677  20.048  -35.801 0.0000000000
92630  -32.291  20.518  -35.293 0.0000000000
87542  -28.794  14.896  -37.405 0.0000000000
139164  -28.238  15.301  -37.696 0.0000000000
135099  -28.575  15.895  -37.154 0.0000000000
136427  -29.113  15.803  -36.764 0.0000000000
90103  -30.511  16.877  -35.188 0.0000000000
143160  -31.448  18.195  -35.055 0.0000000000
90104  -31.863  17.814  -34.485 0.0000000000
90928  -32.733  17.909  -33.963 0.0000000000
146405  -31.793  16.937  -34.101 0.0000000000
89258  -32.180  16.376  -33.697 0.0000000000
88383  -31.889  15.538  -33.751 0.0000000000
88384  -32.759  15.693  -33.330 0.0000000000
146833  -32.384  14.809  -33.563 0.0000000000
84888  -30.043  11.562  -36.568 0.0000000000
85710  -30.535  12.572  -35.905 0.0000000000
84870  -30.507  11.787  -35.869 0.0000000000
84862  -31.615  11.714  -34.552 0.0000000000
85698  -31.874  12.463  -34.313 0.0000000000
86578  -32.636  13.339  -33.565 0.0000000000
80549  -27.021  6.152  -37.812 0.0000000000
79608  -28.500  5.616  -36.978 0.0000000000
79609  -29.077  6.294  -36.640 0.0000000000
81440  -29.776  7.286  -35.953 0.0000000000
80524  -29.516  6.587  -35.955 0.0000000000
122609  -29.248  4.937  -33.806 0.0000000000
78630  -28.777  4.819  -34.467 0.0000000000
78618  -29.789  5.367  -33.558 0.0000000000
80507  -31.183  7.051  -33.406 0.0000000000
80517  -30.739  7.030  -34.062 0.0000000000
81434  -30.477  7.393  -34.628 0.0000000000
81435  -31.052  7.620  -34.051 0.0000000000
82356  -31.420  8.417  -34.000 0.0000000000
82339  -31.872  8.360  -33.312 0.0000000000
82319  -33.101  8.515  -32.619 0.0000000000
82320  -33.603  8.893  -32.428 0.0000000000
72723  -27.166  -1.194  -30.135 0.0000000000
73677  -27.862  -0.837  -29.824 0.0000000000
73692  -28.185  -0.090  -30.075 0.0000000000
73678  -28.581  -0.584  -29.525 0.0000000000
83211  -27.700  9.557  -38.206 0.0000000000
81470  -27.834  7.937  -38.035 0.0000000000
81457  -28.249  7.343  -37.978 0.0000000000
75676  -27.754  2.212  -32.303 0.0000000000
77624  -28.699  3.307  -32.133 0.0000000000
76615  -28.365  2.503  -31.695 0.0000000000
76616  -29.634  2.907  -31.063 0.0000000000
76617  -30.368  2.658  -30.457 0.0000000000
136970  -26.248  -8.967  -26.676 0.0000000000
67886  -25.902  -6.474  -27.786 0.0000000000
123935  -27.293  -6.874  -27.346 0.0000000000
74735  -25.168  0.571  -33.453 0.0000000000
74717  -25.614  0.277  -32.855 0.0000000000
73730  -25.998  -0.053  -32.181 0.0000000000
143628  -29.077  23.942  -37.674 0.0000000000
93399  -29.287  22.160  -38.864 0.0000000000
94136  -29.887  22.639  -38.994 0.0000000000
93400  -29.724  21.985  -38.681 0.0000000000
90984  -28.618  19.142  -38.342 0.0000000000
91825  -29.906  19.919  -37.634 0.0000000000
91815  -30.530  19.713  -36.835 0.0000000000
137250  -31.109  20.415  -36.613 0.0000000000
90956  -30.546  18.188  -36.007 0.0000000000
128988  -29.599  16.104  -36.153 0.0000000000
88424  -29.622  15.249  -36.594 0.0000000000
89276  -30.828  16.182  -34.708 0.0000000000
89277  -31.436  16.264  -34.087 0.0000000000
88397  -30.750  15.367  -35.079 0.0000000000
87508  -31.123  14.661  -34.728 0.0000000000
146785  -29.984  10.479  -36.447 0.0000000000
134986  -30.668  10.999  -35.489 0.0000000000
134987  -31.276  10.999  -34.807 0.0000000000
84863  -32.203  11.718  -33.966 0.0000000000
84004  -32.128  10.235  -33.822 0.0000000000
132844  -32.647  10.090  -33.408 0.0000000000
78675  -27.391  4.769  -37.454 0.0000000000
78660  -27.226  4.053  -37.146 0.0000000000
79594  -28.331  5.128  -36.223 0.0000000000
78610  -30.098  5.231  -32.766 0.0000000000
79573  -30.397  5.854  -33.283 0.0000000000
79574  -30.941  6.386  -32.946 0.0000000000
81427  -32.087  7.879  -32.853 0.0000000000
80508  -31.741  7.320  -32.932 0.0000000000
121907  -33.206  7.284  -31.942 0.0000000000
81400  -33.914  7.758  -31.637 0.0000000000
70885  -25.561  -3.644  -29.543 0.0000000000
70886  -26.246  -3.406  -29.242 0.0000000000
144925  -26.470  -2.436  -29.766 0.0000000000
72705  -26.845  -1.960  -29.804 0.0000000000
146021  -27.252  -2.144  -29.412 0.0000000000
71778  -27.679  -2.276  -29.037 0.0000000000
85734  -28.588  12.435  -37.686 0.0000000000
85735  -29.333  12.484  -37.291 0.0000000000
130638  -29.815  12.913  -36.753 0.0000000000
85724  -29.854  12.144  -36.863 0.0000000000
84900  -29.635  11.548  -37.112 0.0000000000
84031  -29.803  10.768  -36.854 0.0000000000
135431  -28.863  9.865  -37.856 0.0000000000
84039  -29.417  10.088  -37.388 0.0000000000
134993  -29.863  10.009  -36.714 0.0000000000
83193  -30.013  9.290  -36.119 0.0000000000
82371  -29.953  8.499  -35.951 0.0000000000
77649  -27.143  3.108  -34.600 0.0000000000
77636  -27.938  3.687  -34.045 0.0000000000
133753  -28.771  4.258  -33.661 0.0000000000
77625  -29.132  3.994  -32.650 0.0000000000
134829  -30.483  5.043  -32.014 0.0000000000
144648  -31.570  5.072  -31.471 0.0000000000
78604  -32.124  5.104  -31.209 0.0000000000
78603  -31.680  4.483  -31.107 0.0000000000
63987  -25.374  -10.341  -26.298 0.0000000000
141059  -25.498  -4.843  -28.833 0.0000000000
126858  -25.731  -5.669  -28.289 0.0000000000
69965  -26.139  -4.973  -28.418 0.0000000000
69966  -26.677  -4.372  -28.430 0.0000000000
69967  -27.504  -4.178  -28.149 0.0000000000
76656  -26.406  2.898  -35.246 0.0000000000
76639  -26.944  2.572  -33.835 0.0000000000
76626  -27.467  2.322  -33.076 0.0000000000
75675  -27.228  1.722  -32.590 0.0000000000
75662  -27.713  1.621  -31.656 0.0000000000
74703  -27.945  1.103  -30.917 0.0000000000
94873  -28.769  24.101  -38.420 0.0000000000
95630  -28.581  24.485  -39.092 0.0000000000
138512  -28.389  24.513  -40.108 0.0000000000
95632  -30.322  23.725  -39.269 0.0000000000
95633  -31.167  24.635  -38.851 0.0000000000
96386  -31.793  25.318  -38.821 0.0000000000
96375  -32.479  25.019  -37.917 0.0000000000
95624  -32.686  24.340  -37.254 0.0000000000
92656  -29.402  21.263  -38.594 0.0000000000
93392  -30.050  21.519  -38.145 0.0000000000
137400  -29.929  20.729  -37.902 0.0000000000
94128  -31.518  23.061  -37.439 0.0000000000
94864  -32.819  23.749  -36.594 0.0000000000
94108  -32.725  22.159  -35.634 0.0000000000
92641  -31.784  20.906  -35.989 0.0000000000
89309  -28.077  16.632  -37.086 0.0000000000
90128  -29.013  17.520  -36.721 0.0000000000
144118  -29.969  16.721  -35.731 0.0000000000
90117  -30.211  17.426  -35.828 0.0000000000
90957  -31.168  18.507  -35.530 0.0000000000
90958  -31.758  18.708  -34.960 0.0000000000
91795  -33.020  19.660  -34.338 0.0000000000
89260  -33.756  16.763  -33.291 0.0000000000
130848  -33.415  16.151  -33.154 0.0000000000
86617  -30.273  13.128  -36.218 0.0000000000
86606  -30.693  13.163  -35.643 0.0000000000
130610  -31.509  13.992  -34.433 0.0000000000
85697  -31.309  12.434  -34.837 0.0000000000
86592  -31.490  13.225  -34.583 0.0000000000
144441  -31.812  13.593  -34.257 0.0000000000
86577  -32.142  13.963  -33.916 0.0000000000
84855  -32.803  11.794  -33.400 0.0000000000
78676  -27.935  5.265  -37.419 0.0000000000
80551  -28.394  6.646  -37.756 0.0000000000
80552  -28.903  7.201  -37.580 0.0000000000
81446  -29.780  7.887  -36.369 0.0000000000
82363  -30.348  8.753  -35.284 0.0000000000
78647  -28.870  5.358  -35.220 0.0000000000
80515  -29.567  6.149  -35.014 0.0000000000
79583  -30.034  5.987  -34.069 0.0000000000
80525  -29.923  7.011  -35.209 0.0000000000
82364  -30.943  8.962  -34.620 0.0000000000
131714  -31.510  9.129  -34.171 0.0000000000
130813  -32.582  9.167  -33.214 0.0000000000
82340  -32.494  8.582  -32.961 0.0000000000
83147  -33.396  9.537  -32.723 0.0000000000
73711  -25.559  -0.742  -31.881 0.0000000000
73712  -26.350  -0.413  -31.454 0.0000000000
72722  -26.477  -1.534  -30.487 0.0000000000
73690  -26.749  -0.788  -30.763 0.0000000000
73713  -27.038  -0.028  -31.049 0.0000000000
74686  -27.737  0.368  -30.660 0.0000000000
76609  -31.072  2.792  -30.078 0.0000000000
79620  -27.527  5.567  -37.677 0.0000000000
79621  -28.178  5.956  -37.581 0.0000000000
80537  -28.762  6.445  -37.269 0.0000000000
83163  -32.353  9.613  -33.516 0.0000000000
83164  -32.891  9.599  -33.132 0.0000000000
85711  -30.846  12.454  -35.403 0.0000000000
87507  -30.721  14.693  -35.347 0.0000000000
88432  -28.531  15.448  -37.425 0.0000000000
92618  -32.743  20.249  -34.721 0.0000000000
94126  -30.185  22.156  -38.390 0.0000000000
143302  -26.521  -8.499  -26.812 0.0000000000
143422  -30.244  18.524  -36.529 0.0000000000
