#!ascii label  , from subject sub-s003 vox2ras=TkReg
344
131322  48.232  -51.750  -10.755 0.0000000000
25856  42.381  -46.777  -25.197 0.0000000000
18629  45.587  -54.312  -14.855 0.0000000000
25740  43.812  -47.096  -17.770 0.0000000000
128047  46.229  -52.534  -21.170 0.0000000000
19667  46.571  -53.523  -17.727 0.0000000000
134910  46.917  -55.816  -19.309 0.0000000000
24730  41.838  -47.013  -21.221 0.0000000000
134694  46.888  -47.205  -19.977 0.0000000000
19581  46.680  -52.645  -12.543 0.0000000000
21576  45.378  -51.054  -16.135 0.0000000000
21626  43.747  -50.393  -19.634 0.0000000000
21667  43.280  -50.456  -22.876 0.0000000000
19729  46.609  -52.780  -23.730 0.0000000000
22449  45.905  -49.762  -8.388 0.0000000000
22514  44.350  -49.986  -11.981 0.0000000000
21541  43.129  -50.092  -14.812 0.0000000000
23595  48.519  -48.657  -16.684 0.0000000000
16784  45.606  -55.349  -18.306 0.0000000000
25829  41.985  -46.478  -23.363 0.0000000000
25818  43.965  -45.939  -22.306 0.0000000000
143324  46.180  -53.921  -13.561 0.0000000000
19622  46.818  -53.274  -14.869 0.0000000000
19682  46.122  -52.669  -19.500 0.0000000000
20675  44.905  -51.555  -19.090 0.0000000000
20682  44.493  -51.312  -20.574 0.0000000000
138474  43.041  -49.960  -21.333 0.0000000000
134415  44.491  -51.369  -22.308 0.0000000000
20745  44.742  -51.765  -24.848 0.0000000000
23542  43.280  -48.526  -13.080 0.0000000000
21507  43.997  -50.326  -13.072 0.0000000000
23578  42.490  -48.584  -15.038 0.0000000000
24628  45.084  -47.904  -15.758 0.0000000000
24664  46.533  -47.411  -17.424 0.0000000000
23677  48.625  -48.233  -21.403 0.0000000000
23650  48.718  -48.316  -19.493 0.0000000000
18645  44.525  -54.244  -16.125 0.0000000000
17681  46.227  -54.588  -15.813 0.0000000000
17707  45.932  -55.061  -16.654 0.0000000000
17720  47.162  -55.042  -17.990 0.0000000000
18677  47.837  -54.448  -19.186 0.0000000000
24707  42.728  -47.087  -19.435 0.0000000000
25769  44.870  -46.462  -18.943 0.0000000000
25793  44.096  -46.175  -20.626 0.0000000000
25817  45.961  -46.704  -21.834 0.0000000000
25897  43.500  -46.941  -26.833 0.0000000000
20545  47.388  -51.893  -11.238 0.0000000000
22565  45.225  -49.232  -14.961 0.0000000000
22584  44.225  -49.324  -16.514 0.0000000000
20649  45.377  -51.759  -17.482 0.0000000000
21609  44.258  -50.562  -18.123 0.0000000000
23652  42.884  -48.571  -18.947 0.0000000000
23668  42.265  -48.189  -20.215 0.0000000000
23686  41.588  -48.150  -22.451 0.0000000000
23714  41.632  -48.470  -24.117 0.0000000000
19702  46.455  -52.651  -21.979 0.0000000000
20718  45.208  -51.956  -23.326 0.0000000000
129599  43.275  -50.587  -24.535 0.0000000000
24813  42.584  -48.164  -26.222 0.0000000000
23485  47.914  -48.564  -9.738 0.0000000000
132905  47.140  -50.381  -9.036 0.0000000000
21467  45.118  -50.384  -9.398 0.0000000000
20528  45.994  -51.533  -10.386 0.0000000000
20548  45.322  -51.648  -11.604 0.0000000000
20581  44.812  -52.433  -12.982 0.0000000000
19612  44.158  -52.733  -14.517 0.0000000000
21577  42.585  -50.866  -16.356 0.0000000000
139482  43.047  -52.276  -16.646 0.0000000000
139073  47.195  -47.481  -18.803 0.0000000000
21476  48.988  -51.293  -10.214 0.0000000000
20524  49.427  -51.582  -10.631 0.0000000000
20544  49.083  -51.833  -10.866 0.0000000000
25840  42.167  -46.524  -24.253 0.0000000000
25828  42.856  -45.963  -23.610 0.0000000000
18605  45.539  -53.956  -13.984 0.0000000000
19610  46.990  -53.420  -13.979 0.0000000000
18613  46.671  -53.973  -14.406 0.0000000000
19690  46.699  -52.939  -20.290 0.0000000000
126920  45.178  -51.824  -19.942 0.0000000000
19691  45.789  -52.282  -20.522 0.0000000000
20689  44.394  -51.250  -21.411 0.0000000000
137979  45.551  -52.088  -21.240 0.0000000000
20743  45.860  -52.283  -25.738 0.0000000000
22531  43.173  -48.838  -13.814 0.0000000000
24665  44.666  -47.328  -16.851 0.0000000000
24649  45.285  -47.483  -16.433 0.0000000000
25738  45.182  -47.056  -17.223 0.0000000000
23676  49.539  -48.794  -21.046 0.0000000000
129817  45.197  -54.937  -17.082 0.0000000000
16792  46.274  -55.605  -18.840 0.0000000000
16783  46.476  -55.374  -17.958 0.0000000000
16791  47.266  -55.552  -18.693 0.0000000000
18667  47.617  -54.905  -18.532 0.0000000000
16790  48.009  -55.500  -19.326 0.0000000000
24724  42.239  -47.233  -20.282 0.0000000000
140491  43.429  -46.259  -20.019 0.0000000000
25794  43.093  -46.228  -20.684 0.0000000000
126577  45.063  -46.304  -22.113 0.0000000000
24741  46.780  -47.128  -22.452 0.0000000000
24740  47.665  -47.613  -22.473 0.0000000000
19569  47.058  -52.260  -11.856 0.0000000000
20559  47.137  -51.906  -12.318 0.0000000000
20580  46.939  -52.193  -12.980 0.0000000000
22566  44.703  -49.340  -15.771 0.0000000000
21559  44.775  -50.241  -16.325 0.0000000000
18654  46.595  -54.369  -16.868 0.0000000000
19651  46.572  -53.761  -16.289 0.0000000000
135025  45.986  -52.637  -17.690 0.0000000000
21625  44.290  -50.876  -18.949 0.0000000000
20663  44.771  -51.323  -18.286 0.0000000000
21610  43.768  -50.080  -18.711 0.0000000000
22619  43.342  -49.174  -18.408 0.0000000000
22639  43.265  -49.509  -19.254 0.0000000000
22640  42.693  -48.865  -19.767 0.0000000000
129377  43.193  -49.751  -20.062 0.0000000000
21650  43.142  -50.239  -22.037 0.0000000000
22666  42.491  -49.490  -21.860 0.0000000000
22682  42.570  -49.794  -22.764 0.0000000000
23700  41.609  -48.419  -23.224 0.0000000000
22697  41.991  -49.251  -23.483 0.0000000000
16854  50.361  -55.233  -23.864 0.0000000000
19728  47.368  -53.243  -23.957 0.0000000000
18722  48.798  -53.854  -23.082 0.0000000000
19717  47.258  -53.145  -23.113 0.0000000000
19718  46.535  -52.692  -22.868 0.0000000000
19719  45.794  -52.291  -22.676 0.0000000000
19730  45.886  -52.385  -23.513 0.0000000000
21708  44.244  -51.214  -26.178 0.0000000000
21696  44.047  -51.260  -24.709 0.0000000000
21697  43.597  -50.788  -25.648 0.0000000000
22712  42.806  -50.020  -25.485 0.0000000000
22724  43.191  -49.929  -26.523 0.0000000000
143194  46.605  -48.150  -9.104 0.0000000000
23486  47.097  -48.773  -9.148 0.0000000000
22468  47.684  -49.642  -9.310 0.0000000000
22469  46.741  -49.712  -8.785 0.0000000000
22501  44.129  -49.255  -11.509 0.0000000000
22484  44.153  -49.135  -10.578 0.0000000000
22500  44.543  -49.846  -11.030 0.0000000000
21477  45.584  -50.986  -9.958 0.0000000000
21494  45.463  -51.256  -10.824 0.0000000000
20547  46.190  -51.986  -11.133 0.0000000000
21506  44.580  -51.044  -12.175 0.0000000000
139389  43.639  -50.719  -14.144 0.0000000000
20582  44.158  -51.530  -13.531 0.0000000000
20602  44.455  -52.578  -13.739 0.0000000000
21560  43.332  -51.060  -14.997 0.0000000000
21593  41.723  -50.660  -17.490 0.0000000000
21592  42.288  -51.078  -16.960 0.0000000000
20635  42.752  -51.697  -16.641 0.0000000000
24705  45.728  -46.685  -19.378 0.0000000000
24678  46.568  -47.252  -18.308 0.0000000000
24703  47.361  -47.497  -19.543 0.0000000000
23649  49.416  -48.839  -19.093 0.0000000000
24742  41.802  -46.656  -22.551 0.0000000000
132203  42.879  -45.949  -22.028 0.0000000000
19598  46.382  -53.373  -13.075 0.0000000000
20613  46.153  -51.840  -15.429 0.0000000000
130502  46.755  -53.504  -18.571 0.0000000000
20662  45.406  -51.996  -18.386 0.0000000000
20674  45.509  -52.127  -19.112 0.0000000000
138207  44.386  -51.159  -19.778 0.0000000000
21636  43.880  -50.749  -20.446 0.0000000000
21637  43.327  -50.114  -20.695 0.0000000000
145923  44.093  -51.031  -20.933 0.0000000000
21666  43.843  -50.833  -22.145 0.0000000000
19748  46.008  -52.467  -24.338 0.0000000000
19764  46.158  -52.512  -25.057 0.0000000000
20755  44.941  -51.811  -25.788 0.0000000000
23528  43.776  -49.100  -12.398 0.0000000000
22530  43.527  -49.283  -13.284 0.0000000000
22548  43.413  -49.714  -13.971 0.0000000000
23597  46.893  -48.017  -15.866 0.0000000000
24647  47.167  -47.815  -16.931 0.0000000000
23667  48.015  -47.821  -20.832 0.0000000000
23651  48.043  -47.857  -19.933 0.0000000000
23666  48.713  -48.272  -20.455 0.0000000000
138181  50.036  -49.165  -20.383 0.0000000000
133991  45.272  -54.510  -15.626 0.0000000000
17682  45.886  -54.714  -15.600 0.0000000000
135477  45.445  -54.789  -16.261 0.0000000000
17694  46.329  -54.785  -16.390 0.0000000000
17705  46.655  -54.919  -17.191 0.0000000000
16768  46.376  -55.057  -17.174 0.0000000000
18668  47.008  -54.549  -17.872 0.0000000000
136300  47.358  -54.259  -18.634 0.0000000000
19681  47.088  -53.556  -19.355 0.0000000000
25751  43.609  -46.802  -18.507 0.0000000000
25750  44.262  -46.643  -18.214 0.0000000000
25770  44.014  -46.445  -18.884 0.0000000000
129810  44.136  -46.272  -19.619 0.0000000000
25792  45.185  -46.392  -20.083 0.0000000000
25807  44.349  -46.144  -21.533 0.0000000000
25806  45.132  -46.373  -21.189 0.0000000000
25805  46.023  -46.742  -20.898 0.0000000000
23678  47.898  -47.767  -21.684 0.0000000000
23685  48.440  -48.103  -22.294 0.0000000000
24795  42.799  -47.074  -26.149 0.0000000000
21493  48.345  -51.682  -11.310 0.0000000000
20558  47.549  -51.666  -11.757 0.0000000000
137062  44.401  -48.599  -16.159 0.0000000000
23599  43.904  -48.363  -16.801 0.0000000000
20632  45.762  -51.852  -16.475 0.0000000000
20650  44.707  -50.999  -17.618 0.0000000000
21591  44.322  -50.194  -17.211 0.0000000000
22600  43.833  -49.263  -17.130 0.0000000000
22601  43.521  -48.737  -17.608 0.0000000000
23628  43.176  -48.189  -18.209 0.0000000000
23629  42.893  -47.644  -18.823 0.0000000000
23653  42.489  -47.889  -19.513 0.0000000000
23679  41.878  -47.924  -20.931 0.0000000000
22652  42.542  -49.144  -20.801 0.0000000000
22667  41.912  -48.589  -21.707 0.0000000000
23680  41.636  -47.629  -21.766 0.0000000000
23701  41.489  -47.732  -23.009 0.0000000000
23715  41.517  -47.669  -23.688 0.0000000000
24777  41.736  -47.464  -24.600 0.0000000000
18685  48.511  -54.679  -19.777 0.0000000000
18720  50.317  -54.732  -23.169 0.0000000000
123101  48.396  -53.797  -21.550 0.0000000000
19703  45.679  -52.193  -21.879 0.0000000000
20719  44.550  -51.511  -23.144 0.0000000000
21683  43.434  -50.670  -23.589 0.0000000000
20737  44.618  -51.641  -23.993 0.0000000000
21690  43.949  -51.163  -23.813 0.0000000000
22696  42.688  -50.054  -23.776 0.0000000000
22705  42.584  -49.882  -24.711 0.0000000000
23727  41.859  -48.490  -25.001 0.0000000000
24796  42.184  -47.728  -25.516 0.0000000000
24812  43.144  -47.761  -26.825 0.0000000000
24559  48.718  -47.771  -10.867 0.0000000000
23502  48.050  -47.806  -10.291 0.0000000000
23501  48.737  -48.509  -10.288 0.0000000000
130393  48.409  -50.056  -9.599 0.0000000000
21464  47.876  -50.712  -9.457 0.0000000000
20513  47.641  -51.382  -9.789 0.0000000000
23503  43.634  -48.556  -10.000 0.0000000000
21448  45.178  -50.041  -8.575 0.0000000000
21466  45.820  -50.632  -9.140 0.0000000000
20514  46.915  -51.434  -9.735 0.0000000000
20526  47.426  -51.745  -10.473 0.0000000000
20546  46.893  -52.063  -11.026 0.0000000000
143426  46.671  -52.333  -11.805 0.0000000000
20560  45.944  -52.500  -11.923 0.0000000000
20561  45.107  -52.074  -12.321 0.0000000000
19583  45.747  -52.934  -12.611 0.0000000000
19599  45.452  -53.414  -13.300 0.0000000000
140344  44.788  -53.388  -13.943 0.0000000000
19623  44.696  -53.659  -14.607 0.0000000000
20615  43.110  -51.380  -15.841 0.0000000000
19624  43.963  -53.015  -15.290 0.0000000000
18630  44.616  -53.930  -15.395 0.0000000000
133671  45.837  -47.033  -17.753 0.0000000000
24677  47.414  -47.713  -17.969 0.0000000000
23613  48.001  -48.225  -17.305 0.0000000000
23627  47.983  -47.890  -18.913 0.0000000000
23626  48.765  -48.487  -18.566 0.0000000000
16781  47.561  -55.227  -18.617 0.0000000000
16782  46.973  -55.178  -17.871 0.0000000000
16855  50.175  -55.539  -23.792 0.0000000000
17695  46.069  -54.889  -16.171 0.0000000000
17706  46.252  -54.872  -16.576 0.0000000000
17774  50.464  -54.982  -23.655 0.0000000000
18604  46.631  -53.785  -13.724 0.0000000000
18614  46.291  -54.217  -14.154 0.0000000000
18628  46.294  -54.383  -14.985 0.0000000000
18644  46.462  -54.447  -16.081 0.0000000000
18676  48.185  -55.169  -19.297 0.0000000000
18734  48.299  -53.674  -23.956 0.0000000000
19582  46.339  -52.799  -12.471 0.0000000000
19597  46.797  -53.174  -13.282 0.0000000000
19652  46.168  -52.683  -16.830 0.0000000000
19668  46.027  -52.710  -18.523 0.0000000000
20512  48.375  -51.294  -9.954 0.0000000000
20515  46.225  -51.281  -9.756 0.0000000000
20525  48.734  -51.614  -10.476 0.0000000000
20527  46.621  -51.711  -10.427 0.0000000000
20603  43.831  -51.754  -14.355 0.0000000000
20614  43.583  -52.024  -15.180 0.0000000000
20633  44.993  -51.040  -16.893 0.0000000000
20634  43.357  -52.343  -16.061 0.0000000000
20681  45.077  -51.742  -20.906 0.0000000000
20688  45.055  -51.738  -21.707 0.0000000000
20701  45.136  -51.826  -22.503 0.0000000000
20736  45.285  -52.111  -24.162 0.0000000000
20744  45.454  -52.209  -24.995 0.0000000000
20753  46.404  -52.331  -26.306 0.0000000000
21447  45.683  -50.147  -8.532 0.0000000000
21465  46.398  -50.442  -8.819 0.0000000000
21478  45.006  -50.503  -10.440 0.0000000000
21524  44.466  -51.480  -12.818 0.0000000000
21649  43.685  -50.621  -21.288 0.0000000000
22483  44.608  -49.794  -9.971 0.0000000000
22549  42.931  -49.166  -14.573 0.0000000000
22618  43.801  -49.703  -17.859 0.0000000000
22683  41.950  -49.002  -22.574 0.0000000000
22706  42.067  -49.303  -24.425 0.0000000000
22713  42.294  -49.274  -25.242 0.0000000000
23468  45.371  -49.212  -8.016 0.0000000000
23484  48.490  -49.249  -9.807 0.0000000000
23558  42.749  -48.327  -14.267 0.0000000000
23598  44.545  -47.874  -16.307 0.0000000000
23614  43.581  -47.798  -17.556 0.0000000000
23665  49.414  -48.717  -20.005 0.0000000000
23687  41.548  -47.327  -22.480 0.0000000000
23738  42.591  -49.178  -26.028 0.0000000000
24648  46.251  -47.575  -16.542 0.0000000000
24666  44.106  -47.514  -17.076 0.0000000000
24679  45.782  -46.818  -18.597 0.0000000000
24680  43.337  -47.372  -18.250 0.0000000000
24704  46.544  -47.119  -19.245 0.0000000000
24706  43.144  -47.061  -18.842 0.0000000000
24722  47.418  -47.494  -20.355 0.0000000000
24723  46.787  -47.144  -20.667 0.0000000000
24728  47.361  -47.462  -21.160 0.0000000000
24729  46.715  -47.115  -21.504 0.0000000000
24731  41.678  -46.911  -21.935 0.0000000000
24757  41.665  -46.962  -23.852 0.0000000000
24758  41.566  -47.070  -23.171 0.0000000000
25739  44.469  -46.979  -17.470 0.0000000000
25749  45.064  -46.709  -17.997 0.0000000000
25771  43.360  -46.575  -19.311 0.0000000000
25772  42.758  -46.545  -20.042 0.0000000000
25791  46.207  -46.866  -20.045 0.0000000000
25795  42.412  -46.573  -20.874 0.0000000000
25808  43.491  -46.064  -21.413 0.0000000000
25809  42.156  -46.426  -21.783 0.0000000000
25876  44.032  -46.249  -26.811 0.0000000000
123712  47.717  -55.776  -19.482 0.0000000000
126697  47.081  -50.987  -9.209 0.0000000000
127130  45.826  -47.247  -17.047 0.0000000000
129605  43.905  -51.051  -22.969 0.0000000000
129836  48.210  -48.193  -18.079 0.0000000000
133133  47.288  -47.430  -21.874 0.0000000000
138267  48.103  -51.593  -10.297 0.0000000000
138690  44.822  -50.705  -11.363 0.0000000000
138815  42.750  -46.200  -21.339 0.0000000000
142350  44.287  -51.388  -25.439 0.0000000000
144154  46.490  -50.991  -9.274 0.0000000000
145653  48.946  -49.132  -10.114 0.0000000000
146978  43.549  -50.283  -20.213 0.0000000000
147416  47.911  -53.475  -23.349 0.0000000000
147673  46.452  -53.401  -17.059 0.0000000000
148002  42.251  -48.579  -25.626 0.0000000000
