#!ascii label  , from subject sub-s003 vox2ras=TkReg
301
82726  24.558  12.463  -36.302 0.0000000000
74443  24.981  3.216  -32.795 0.0000000000
86614  23.524  16.417  -39.670 0.0000000000
93646  21.182  25.082  -41.517 0.0000000000
71610  23.137  0.854  -32.930 0.0000000000
90170  24.282  20.022  -38.652 0.0000000000
91071  23.672  21.800  -40.511 0.0000000000
79991  23.350  9.527  -37.468 0.0000000000
78228  25.077  7.594  -34.774 0.0000000000
80837  26.302  10.544  -34.556 0.0000000000
85590  25.157  15.764  -34.965 0.0000000000
83613  26.824  13.443  -33.948 0.0000000000
84626  24.355  14.372  -37.630 0.0000000000
87533  24.170  17.756  -36.854 0.0000000000
125181  21.728  22.913  -40.972 0.0000000000
91919  23.024  23.695  -42.408 0.0000000000
135963  26.120  5.637  -33.471 0.0000000000
89337  23.131  19.207  -40.473 0.0000000000
90211  23.023  20.724  -40.773 0.0000000000
80869  24.068  11.078  -37.012 0.0000000000
79978  24.349  9.748  -35.668 0.0000000000
81773  25.342  11.623  -35.036 0.0000000000
73429  23.905  2.059  -32.907 0.0000000000
85635  23.871  15.246  -38.778 0.0000000000
86588  24.263  16.601  -36.889 0.0000000000
87546  24.074  17.133  -37.703 0.0000000000
91047  24.464  21.422  -38.899 0.0000000000
91036  24.471  20.821  -37.509 0.0000000000
137189  21.036  25.150  -40.047 0.0000000000
91062  21.079  21.737  -38.860 0.0000000000
92763  20.959  23.945  -41.330 0.0000000000
94585  23.008  27.084  -45.268 0.0000000000
94572  23.135  26.218  -44.591 0.0000000000
92796  22.944  24.592  -43.957 0.0000000000
93663  23.266  25.022  -43.583 0.0000000000
132771  23.524  24.466  -42.020 0.0000000000
79091  26.608  8.207  -34.038 0.0000000000
77311  25.821  6.724  -34.062 0.0000000000
70668  22.431  -0.698  -32.499 0.0000000000
87571  23.873  17.823  -39.487 0.0000000000
88465  23.728  18.599  -39.767 0.0000000000
90189  23.857  20.563  -39.598 0.0000000000
91896  24.110  21.998  -40.213 0.0000000000
77325  23.451  6.823  -35.848 0.0000000000
79115  23.882  8.419  -35.862 0.0000000000
79113  25.501  9.014  -34.769 0.0000000000
79966  27.016  9.637  -34.162 0.0000000000
129788  24.936  14.143  -35.393 0.0000000000
131740  25.788  13.091  -34.737 0.0000000000
84590  26.182  14.735  -34.412 0.0000000000
81794  23.982  11.663  -37.688 0.0000000000
82749  23.428  12.376  -38.836 0.0000000000
83646  24.396  13.530  -37.376 0.0000000000
127484  24.579  15.256  -36.193 0.0000000000
86568  24.466  16.599  -35.929 0.0000000000
89284  24.434  18.712  -35.368 0.0000000000
88441  24.170  18.631  -37.810 0.0000000000
89294  24.433  19.784  -36.562 0.0000000000
133853  22.273  21.550  -40.172 0.0000000000
93678  21.641  25.281  -43.302 0.0000000000
91949  21.919  24.361  -43.284 0.0000000000
91094  22.856  23.275  -41.928 0.0000000000
91083  23.016  21.898  -41.077 0.0000000000
91918  23.347  23.247  -41.712 0.0000000000
142088  23.849  23.396  -40.873 0.0000000000
74469  24.036  3.988  -34.018 0.0000000000
76414  24.472  6.083  -34.831 0.0000000000
130426  26.600  11.996  -34.372 0.0000000000
137876  27.301  10.987  -33.936 0.0000000000
141233  22.947  19.869  -40.592 0.0000000000
89355  22.980  20.395  -40.703 0.0000000000
81793  24.364  11.830  -36.710 0.0000000000
132039  24.387  11.296  -36.192 0.0000000000
132746  24.689  11.933  -35.687 0.0000000000
68538  21.981  -1.941  -31.931 0.0000000000
69596  22.502  -1.421  -31.927 0.0000000000
73428  24.645  2.439  -32.517 0.0000000000
86613  23.937  16.194  -38.670 0.0000000000
87558  23.963  17.063  -39.023 0.0000000000
91889  24.512  22.014  -39.206 0.0000000000
91879  24.493  22.214  -38.322 0.0000000000
94529  21.190  25.732  -40.915 0.0000000000
93640  20.909  24.414  -40.277 0.0000000000
91909  20.784  23.326  -40.577 0.0000000000
93655  21.098  24.502  -41.524 0.0000000000
142982  23.156  25.212  -44.020 0.0000000000
94541  23.677  25.806  -43.333 0.0000000000
79090  27.291  8.141  -33.655 0.0000000000
78216  26.856  7.486  -33.731 0.0000000000
73442  22.759  2.141  -33.990 0.0000000000
87572  23.424  17.839  -40.568 0.0000000000
88466  23.310  18.444  -40.530 0.0000000000
90201  23.241  20.838  -40.557 0.0000000000
90190  23.419  20.129  -40.075 0.0000000000
91061  23.770  21.157  -39.923 0.0000000000
91052  24.264  21.482  -39.567 0.0000000000
95313  20.609  27.365  -40.989 0.0000000000
145245  23.483  7.999  -36.505 0.0000000000
79128  23.488  8.801  -36.788 0.0000000000
80847  25.466  10.652  -34.951 0.0000000000
79977  25.071  9.765  -35.045 0.0000000000
79967  25.915  9.817  -34.701 0.0000000000
124435  26.393  9.077  -34.406 0.0000000000
129401  26.530  9.890  -34.435 0.0000000000
71597  22.809  0.173  -32.765 0.0000000000
70667  23.213  -0.246  -32.125 0.0000000000
84600  24.838  15.049  -35.514 0.0000000000
84599  25.413  14.892  -34.868 0.0000000000
80870  23.590  10.854  -37.983 0.0000000000
83655  23.604  13.762  -39.110 0.0000000000
83654  24.125  13.680  -38.352 0.0000000000
82748  24.071  12.903  -38.201 0.0000000000
84611  24.598  14.394  -36.470 0.0000000000
126031  24.505  15.131  -37.009 0.0000000000
147360  24.167  17.222  -36.909 0.0000000000
87519  24.314  17.302  -36.302 0.0000000000
87518  24.618  17.317  -35.481 0.0000000000
88416  24.336  18.116  -35.990 0.0000000000
88456  24.043  18.608  -38.779 0.0000000000
89318  24.209  19.353  -38.224 0.0000000000
140341  24.468  20.107  -37.170 0.0000000000
144913  24.495  20.212  -36.104 0.0000000000
91073  21.230  22.161  -39.547 0.0000000000
90181  21.139  20.939  -38.592 0.0000000000
90192  21.512  21.407  -39.055 0.0000000000
90191  21.601  20.507  -39.007 0.0000000000
90213  21.905  22.292  -40.288 0.0000000000
93703  22.918  26.215  -44.630 0.0000000000
95364  22.647  27.418  -45.649 0.0000000000
93687  21.894  25.220  -43.984 0.0000000000
92798  21.833  24.738  -43.751 0.0000000000
92787  22.950  24.337  -43.576 0.0000000000
91938  22.247  24.336  -43.570 0.0000000000
91930  22.873  24.030  -42.726 0.0000000000
91084  22.834  22.392  -41.214 0.0000000000
91093  23.002  22.884  -41.814 0.0000000000
91082  23.094  21.901  -41.069 0.0000000000
145537  23.124  23.272  -42.108 0.0000000000
127779  23.900  25.085  -41.854 0.0000000000
92755  23.520  23.977  -41.645 0.0000000000
93645  24.052  24.532  -41.129 0.0000000000
92749  24.097  23.857  -40.658 0.0000000000
74470  23.288  3.730  -34.496 0.0000000000
77324  24.319  6.985  -35.225 0.0000000000
143365  23.712  6.169  -35.416 0.0000000000
76388  25.764  6.021  -33.819 0.0000000000
76399  25.220  6.025  -34.270 0.0000000000
76389  25.376  5.275  -33.830 0.0000000000
75426  25.320  4.465  -33.425 0.0000000000
83614  26.311  13.741  -34.413 0.0000000000
82705  25.953  12.229  -34.730 0.0000000000
82704  26.435  12.848  -34.371 0.0000000000
142248  23.158  18.479  -40.672 0.0000000000
88483  23.103  19.093  -40.503 0.0000000000
89345  23.044  20.089  -40.611 0.0000000000
80859  23.695  10.292  -37.207 0.0000000000
79990  23.800  9.683  -36.523 0.0000000000
80858  24.208  10.523  -36.177 0.0000000000
80848  24.749  11.077  -35.492 0.0000000000
72515  23.683  1.261  -32.614 0.0000000000
71595  24.070  0.900  -31.954 0.0000000000
72514  24.341  1.663  -32.231 0.0000000000
72505  24.776  1.227  -31.663 0.0000000000
86567  24.892  16.569  -35.154 0.0000000000
86549  25.580  16.489  -34.626 0.0000000000
84642  23.391  14.566  -39.417 0.0000000000
84641  24.036  14.436  -38.612 0.0000000000
85621  24.195  15.111  -37.895 0.0000000000
143655  24.032  15.724  -38.037 0.0000000000
86601  24.109  16.289  -37.699 0.0000000000
146505  24.320  20.434  -38.915 0.0000000000
91042  24.372  20.716  -38.480 0.0000000000
140315  24.440  21.386  -38.143 0.0000000000
91908  20.879  22.820  -40.293 0.0000000000
133069  21.132  23.097  -40.987 0.0000000000
94577  23.302  27.122  -45.096 0.0000000000
93695  23.252  25.545  -44.370 0.0000000000
92807  22.847  24.911  -43.996 0.0000000000
93677  23.101  24.834  -43.851 0.0000000000
93664  23.133  24.412  -43.273 0.0000000000
92762  23.133  23.754  -42.333 0.0000000000
93654  23.268  24.447  -42.821 0.0000000000
93653  23.535  25.093  -42.776 0.0000000000
143554  25.822  8.147  -34.495 0.0000000000
77312  25.124  6.783  -34.605 0.0000000000
78227  26.202  7.487  -34.069 0.0000000000
77310  26.446  6.974  -33.786 0.0000000000
70679  22.054  -0.103  -33.207 0.0000000000
71611  22.437  0.812  -33.389 0.0000000000
72527  23.152  1.577  -33.348 0.0000000000
73441  23.468  2.481  -33.563 0.0000000000
73440  24.238  2.863  -33.196 0.0000000000
86627  22.961  16.287  -40.639 0.0000000000
87559  23.467  17.061  -40.138 0.0000000000
137903  24.047  19.374  -39.093 0.0000000000
89328  23.600  19.485  -39.821 0.0000000000
90179  24.124  20.132  -39.224 0.0000000000
125198  24.407  22.339  -39.725 0.0000000000
94530  20.619  25.962  -40.157 0.0000000000
127895  20.842  26.595  -40.527 0.0000000000
128289  21.399  26.370  -42.115 0.0000000000
78241  23.713  7.603  -35.797 0.0000000000
78240  24.434  7.984  -35.252 0.0000000000
79127  24.003  9.128  -35.997 0.0000000000
79114  24.585  8.932  -35.277 0.0000000000
79102  25.080  8.343  -34.854 0.0000000000
79951  27.103  8.868  -33.972 0.0000000000
83636  24.637  13.293  -36.222 0.0000000000
82718  24.831  12.688  -35.665 0.0000000000
83624  25.123  13.276  -35.224 0.0000000000
129614  25.622  13.981  -34.788 0.0000000000
85580  25.862  15.657  -34.513 0.0000000000
84589  26.685  14.283  -33.991 0.0000000000
82735  24.315  12.553  -37.273 0.0000000000
82736  23.896  12.190  -38.198 0.0000000000
85591  24.663  15.861  -35.641 0.0000000000
85605  24.450  15.869  -36.474 0.0000000000
88415  24.762  17.898  -35.021 0.0000000000
134032  24.048  17.874  -38.358 0.0000000000
146977  24.091  18.002  -37.492 0.0000000000
88427  24.248  18.523  -36.922 0.0000000000
90165  24.332  20.075  -37.867 0.0000000000
89306  24.359  19.364  -37.252 0.0000000000
124620  24.311  19.028  -36.313 0.0000000000
90202  22.523  20.485  -40.210 0.0000000000
131147  21.426  26.073  -42.819 0.0000000000
94542  21.672  25.914  -43.439 0.0000000000
93665  21.428  25.307  -42.732 0.0000000000
92776  21.268  25.133  -42.701 0.0000000000
91931  21.783  24.158  -42.286 0.0000000000
91096  22.055  23.591  -41.709 0.0000000000
91948  21.940  24.422  -43.605 0.0000000000
91105  22.244  23.831  -42.136 0.0000000000
145309  22.093  23.064  -41.204 0.0000000000
90221  22.349  22.395  -40.803 0.0000000000
132876  22.846  21.238  -40.753 0.0000000000
89356  22.942  20.114  -40.649 0.0000000000
90212  22.919  21.102  -40.830 0.0000000000
91072  23.191  21.566  -40.900 0.0000000000
91907  23.429  22.498  -41.076 0.0000000000
91906  23.671  22.555  -40.793 0.0000000000
135802  24.141  22.965  -40.295 0.0000000000
74457  23.753  3.307  -33.781 0.0000000000
74456  24.632  3.751  -33.463 0.0000000000
76401  23.709  5.309  -35.058 0.0000000000
76400  24.582  5.296  -34.407 0.0000000000
75427  24.658  4.557  -33.943 0.0000000000
82717  25.255  12.474  -35.112 0.0000000000
81762  26.101  11.364  -34.672 0.0000000000
82703  26.987  12.592  -33.954 0.0000000000
81761  26.747  11.175  -34.314 0.0000000000
80836  26.911  10.401  -34.250 0.0000000000
77298  26.341  6.364  -33.628 0.0000000000
89346  23.030  19.591  -40.639 0.0000000000
89348  22.060  19.951  -39.722 0.0000000000
90203  21.960  20.970  -39.578 0.0000000000
90204  21.760  21.885  -39.680 0.0000000000
91085  21.394  22.502  -40.270 0.0000000000
91095  22.486  23.106  -41.487 0.0000000000
91097  21.501  23.647  -41.542 0.0000000000
91898  20.700  23.026  -40.061 0.0000000000
91920  20.876  23.376  -40.891 0.0000000000
91929  23.044  24.218  -43.088 0.0000000000
91937  22.879  24.241  -43.323 0.0000000000
91939  22.079  23.859  -42.867 0.0000000000
91940  21.971  24.145  -42.708 0.0000000000
91947  22.419  24.685  -44.103 0.0000000000
92742  24.423  23.114  -39.653 0.0000000000
92750  20.689  23.505  -39.882 0.0000000000
92764  20.884  23.865  -40.994 0.0000000000
92775  23.093  24.153  -42.852 0.0000000000
92777  21.240  24.229  -41.792 0.0000000000
92788  21.859  24.434  -43.166 0.0000000000
92797  22.001  24.623  -43.963 0.0000000000
92806  23.035  24.919  -44.022 0.0000000000
92808  22.089  25.057  -44.203 0.0000000000
93634  20.752  24.333  -39.673 0.0000000000
93666  21.194  24.696  -41.999 0.0000000000
93702  23.152  26.282  -44.687 0.0000000000
94537  21.328  25.745  -41.770 0.0000000000
94543  21.232  25.113  -42.065 0.0000000000
94560  23.316  26.105  -44.302 0.0000000000
94562  21.877  25.536  -43.828 0.0000000000
94578  23.163  26.966  -45.022 0.0000000000
94579  22.170  26.988  -45.279 0.0000000000
94584  23.329  27.469  -45.443 0.0000000000
95328  21.618  26.643  -43.355 0.0000000000
95335  21.713  26.595  -43.879 0.0000000000
126930  24.293  15.784  -37.326 0.0000000000
134401  23.183  22.773  -41.661 0.0000000000
136830  24.286  20.810  -39.150 0.0000000000
139035  22.349  24.093  -42.800 0.0000000000
140874  25.627  7.344  -34.406 0.0000000000
140886  24.722  10.370  -35.379 0.0000000000
141327  21.081  25.228  -40.456 0.0000000000
141569  23.683  24.350  -41.608 0.0000000000
143988  23.177  22.122  -41.173 0.0000000000
144037  22.776  26.811  -45.083 0.0000000000
145412  22.191  27.660  -45.862 0.0000000000
145634  21.346  25.666  -42.377 0.0000000000
147062  23.871  24.095  -41.116 0.0000000000
