#!ascii label  , from subject sub-p010 vox2ras=TkReg
401
15250  -29.200  -54.512  -10.107 0.6999999881
124735  -28.903  -53.857  -10.874 0.6000000238
135221  -28.624  -54.391  -11.760 0.6000000238
14579  -28.252  -55.049  -12.688 0.4000000060
15240  -24.563  -54.198  -8.180 0.6999999881
15906  -23.666  -53.872  -8.659 0.6999999881
15907  -24.559  -53.788  -8.993 0.6000000238
134909  -25.407  -53.756  -8.553 0.6999999881
15908  -26.378  -53.356  -8.382 0.6000000238
15923  -25.727  -53.245  -9.164 0.6000000238
15909  -27.413  -53.146  -8.232 0.6000000238
16609  -25.171  -52.687  -10.706 0.5000000000
16592  -27.311  -52.405  -9.676 0.5000000000
16610  -26.405  -52.170  -10.358 0.5000000000
16611  -27.434  -52.064  -10.508 0.6000000238
15936  -28.613  -52.891  -10.734 0.6000000238
16612  -28.081  -52.287  -10.770 0.6000000238
16629  -28.303  -52.510  -11.438 0.6000000238
16645  -28.425  -52.942  -12.108 0.6000000238
15920  -23.063  -53.381  -9.150 0.6000000238
15921  -23.702  -53.603  -9.500 0.6000000238
15935  -23.832  -53.411  -10.297 0.6000000238
15945  -23.274  -53.103  -10.999 0.6000000238
15922  -24.616  -53.477  -9.742 0.6000000238
16590  -25.508  -52.904  -9.970 0.6000000238
16626  -24.612  -52.686  -11.544 0.6000000238
16627  -25.830  -51.892  -11.250 0.6000000238
17330  -26.763  -51.726  -11.061 0.6000000238
17344  -26.503  -51.550  -11.988 0.6000000238
16628  -27.531  -51.860  -11.429 0.6000000238
15956  -28.410  -53.836  -12.397 0.5000000000
15268  -28.104  -54.256  -13.317 0.5000000000
15905  -23.168  -53.602  -8.235 0.6000000238
16589  -22.725  -52.842  -9.616 0.6000000238
136770  -22.678  -52.759  -10.223 0.6000000238
16623  -22.560  -52.571  -11.579 0.6000000238
16624  -22.805  -52.860  -11.906 0.6000000238
16625  -23.490  -53.059  -11.728 0.6000000238
16608  -24.098  -53.192  -10.946 0.6000000238
123034  -23.881  -52.807  -12.412 0.6000000238
17345  -27.339  -51.692  -12.375 0.6000000238
130307  -27.759  -52.157  -12.860 0.6000000238
17303  -22.966  -51.845  -8.762 0.6000000238
123957  -22.723  -52.317  -9.368 0.6000000238
17315  -22.652  -52.379  -9.992 0.6000000238
16606  -22.603  -52.485  -10.731 0.6000000238
17342  -22.455  -52.214  -12.200 0.5000000000
16640  -22.492  -52.502  -12.378 0.6000000238
123909  -23.071  -52.908  -12.454 0.6999999881
17367  -24.637  -51.922  -14.148 0.6000000238
17343  -25.204  -51.959  -12.219 0.6000000238
17356  -25.776  -51.589  -13.162 0.6000000238
17357  -26.760  -51.527  -12.826 0.6000000238
16652  -27.695  -52.433  -13.709 0.6000000238
15955  -28.207  -52.986  -12.947 0.6000000238
15962  -27.941  -53.518  -13.893 0.5000000000
139401  -23.540  -51.436  -8.106 0.5000000000
18112  -23.660  -50.518  -9.536 0.6000000238
18111  -22.928  -51.556  -9.587 0.6000000238
18127  -23.209  -51.052  -10.336 0.6000000238
17329  -22.667  -51.883  -10.501 0.5000000000
18145  -22.885  -51.534  -11.337 0.5000000000
17355  -22.400  -51.967  -12.873 0.6000000238
18163  -22.636  -51.319  -14.603 0.6000000238
17354  -22.383  -52.262  -13.114 0.6999999881
16658  -22.881  -52.271  -14.478 0.6999999881
128903  -23.900  -51.537  -15.195 0.6000000238
16643  -24.357  -52.343  -13.232 0.6999999881
17375  -24.764  -51.702  -14.952 0.6000000238
17368  -26.628  -51.571  -13.706 0.6000000238
17376  -26.709  -51.655  -14.780 0.6000000238
128261  -27.762  -53.048  -14.448 0.5000000000
133376  -23.473  -50.946  -8.759 0.6000000238
18128  -23.632  -50.677  -11.016 0.6000000238
18146  -23.658  -50.746  -11.914 0.5000000000
18930  -24.480  -50.061  -12.393 0.5000000000
134377  -22.820  -51.530  -12.525 0.6000000238
18155  -23.569  -50.742  -13.031 0.5000000000
17365  -22.708  -51.450  -13.667 0.5000000000
18171  -22.997  -50.373  -14.920 0.5000000000
19769  -24.013  -48.536  -15.119 0.5000000000
18176  -23.144  -50.290  -15.085 0.5000000000
16657  -22.539  -52.096  -14.373 0.6000000238
18967  -23.827  -49.491  -15.233 0.4000000060
17381  -23.248  -51.018  -15.220 0.6999999881
19783  -25.211  -48.371  -15.596 0.4000000060
135180  -24.325  -50.798  -15.436 0.5000000000
18981  -25.862  -49.688  -15.669 0.5000000000
17382  -25.188  -51.231  -15.301 0.6000000238
145085  -26.179  -50.370  -15.588 0.5000000000
17383  -26.466  -51.289  -15.276 0.6000000238
16665  -27.709  -52.558  -15.425 0.5000000000
139823  -26.017  -50.832  -15.448 0.6000000238
16660  -27.453  -52.391  -14.770 0.6000000238
18898  -24.572  -49.758  -9.598 0.5000000000
127810  -24.076  -50.236  -10.341 0.5000000000
18914  -24.576  -50.012  -11.310 0.5000000000
18943  -25.048  -49.437  -12.866 0.4000000060
18951  -24.593  -49.197  -13.593 0.4000000060
18950  -23.906  -49.344  -14.307 0.5000000000
18164  -23.218  -50.402  -14.327 0.5000000000
19762  -23.856  -48.699  -14.777 0.5000000000
21490  -25.538  -46.447  -15.792 0.4000000060
20613  -24.619  -47.356  -15.438 0.4000000060
142698  -25.060  -47.776  -15.595 0.4000000060
132339  -25.687  -47.912  -15.662 0.5000000000
135020  -25.299  -49.057  -15.609 0.5000000000
134192  -26.499  -48.071  -15.658 0.5000000000
19784  -26.009  -48.752  -15.708 0.5000000000
127060  -26.925  -48.873  -15.639 0.5000000000
18180  -27.701  -51.214  -15.854 0.5000000000
17390  -27.899  -52.102  -15.821 0.5000000000
18179  -26.853  -50.816  -15.622 0.6000000238
16659  -27.369  -51.867  -15.307 0.5000000000
19752  -24.366  -48.577  -14.228 0.4000000060
21466  -24.144  -46.925  -14.903 0.5000000000
21465  -24.107  -47.420  -14.972 0.5000000000
135817  -24.994  -46.167  -15.792 0.5000000000
20615  -26.070  -47.267  -15.723 0.4000000060
18984  -28.259  -50.076  -15.849 0.5000000000
141067  -28.461  -51.698  -16.227 0.3000000119
20602  -26.963  -47.366  -15.596 0.5000000000
18983  -27.301  -49.669  -15.692 0.5000000000
18188  -27.497  -50.453  -15.807 0.5000000000
134063  -24.391  -45.978  -15.322 0.4000000060
21489  -24.714  -46.635  -15.548 0.4000000060
22380  -24.607  -45.349  -15.674 0.4000000060
23336  -26.789  -44.615  -16.315 0.4000000060
22381  -25.354  -45.556  -15.998 0.4000000060
22366  -26.951  -45.854  -15.767 0.4000000060
22383  -27.370  -45.116  -15.973 0.4000000060
22367  -27.971  -45.785  -15.612 0.5000000000
18985  -29.517  -50.066  -15.942 0.4000000060
18189  -28.843  -50.889  -16.212 0.4000000060
138748  -27.512  -48.219  -15.542 0.5000000000
130984  -27.794  -47.456  -15.449 0.5000000000
19771  -28.352  -48.623  -15.504 0.5000000000
19785  -27.838  -49.145  -15.602 0.5000000000
18970  -29.795  -49.086  -15.645 0.4000000060
19772  -29.157  -48.488  -15.477 0.5000000000
145161  -28.526  -46.404  -15.434 0.5000000000
20603  -28.451  -47.940  -15.420 0.5000000000
23337  -27.870  -44.266  -16.227 0.4000000060
19773  -30.035  -48.284  -15.566 0.4000000060
19786  -30.765  -48.140  -16.013 0.3000000119
21477  -28.535  -47.135  -15.364 0.5000000000
20604  -29.365  -47.682  -15.417 0.5000000000
24213  -27.738  -43.199  -16.583 0.4000000060
20605  -30.289  -47.503  -15.658 0.3000000119
20616  -31.015  -47.463  -16.269 0.3000000119
22384  -28.475  -45.043  -15.779 0.4000000060
21478  -29.536  -46.729  -15.454 0.5000000000
22385  -29.586  -45.125  -15.791 0.4000000060
22368  -29.058  -45.803  -15.507 0.5000000000
22369  -30.109  -45.923  -15.715 0.5000000000
24222  -28.844  -42.771  -16.741 0.4000000060
128095  -30.608  -46.735  -15.910 0.3000000119
21491  -31.263  -46.796  -16.841 0.3000000119
24214  -28.885  -43.612  -16.386 0.4000000060
22386  -30.523  -45.317  -16.391 0.4000000060
23338  -29.138  -44.383  -16.013 0.4000000060
25077  -28.859  -41.970  -17.174 0.5000000000
22400  -31.149  -45.904  -17.128 0.3000000119
22424  -31.944  -45.508  -18.829 0.4000000060
21504  -31.532  -46.507  -17.827 0.4000000060
24223  -29.739  -43.247  -16.841 0.4000000060
23349  -30.533  -44.574  -16.818 0.5000000000
139097  -30.979  -45.193  -17.236 0.4000000060
23348  -29.881  -43.979  -16.442 0.5000000000
23339  -30.014  -44.611  -16.166 0.5000000000
123187  -30.482  -43.864  -17.213 0.5000000000
23350  -31.036  -44.626  -17.676 0.4000000060
23365  -31.551  -44.739  -18.462 0.4000000060
23375  -32.103  -44.769  -19.077 0.4000000060
21521  -31.869  -46.289  -18.592 0.3000000119
25078  -29.629  -42.478  -17.324 0.5000000000
24224  -30.354  -43.089  -17.641 0.5000000000
24249  -31.951  -43.435  -19.201 0.4000000060
24250  -32.619  -43.650  -19.598 0.3000000119
145074  -29.456  -41.000  -18.112 0.5000000000
24240  -31.363  -43.219  -18.727 0.4000000060
129782  -31.714  -44.040  -18.816 0.4000000060
135688  -32.219  -44.128  -19.269 0.4000000060
23376  -32.683  -44.645  -19.648 0.3000000119
138807  -29.536  -41.663  -17.808 0.5000000000
23364  -31.028  -43.816  -18.148 0.5000000000
25079  -30.301  -42.225  -18.133 0.5000000000
133674  -32.254  -42.935  -19.422 0.4000000060
25114  -32.848  -42.845  -19.666 0.4000000060
26826  -29.893  -40.573  -18.311 0.5000000000
23387  -33.227  -44.084  -20.037 0.3000000119
25942  -30.062  -41.310  -18.365 0.5000000000
25943  -30.722  -41.592  -18.685 0.5000000000
25094  -31.052  -42.387  -18.688 0.5000000000
24239  -30.806  -42.963  -18.271 0.5000000000
25965  -33.908  -42.072  -19.914 0.4000000060
27730  -30.099  -40.068  -18.114 0.5000000000
26840  -31.647  -40.933  -18.925 0.5000000000
25115  -33.531  -42.785  -19.991 0.3000000119
24258  -33.200  -43.386  -19.918 0.3000000119
26827  -30.768  -40.598  -18.521 0.5000000000
26829  -32.369  -40.624  -18.561 0.5000000000
25953  -30.994  -41.065  -18.913 0.5000000000
139485  -28.516  -55.290  -11.906 0.5000000000
16578  -26.984  -52.732  -8.917 0.6000000238
16641  -22.624  -52.559  -13.005 0.6999999881
17358  -27.282  -51.732  -13.199 0.6000000238
16649  -22.411  -52.156  -13.875 0.6999999881
17369  -27.226  -51.826  -14.009 0.6000000238
16651  -23.461  -52.427  -14.039 0.6999999881
18968  -24.711  -49.798  -15.504 0.5000000000
123260  -25.735  -51.483  -15.028 0.6000000238
19761  -23.814  -48.622  -14.962 0.5000000000
20600  -24.222  -47.691  -15.162 0.5000000000
18177  -23.758  -50.282  -15.320 0.4000000060
17384  -27.333  -51.418  -15.569 0.5000000000
134109  -26.119  -45.916  -15.895 0.4000000060
20601  -26.519  -46.563  -15.705 0.5000000000
22414  -31.449  -45.548  -18.011 0.4000000060
145747  -30.480  -40.972  -18.659 0.5000000000
25944  -31.490  -41.681  -19.079 0.5000000000
144255  -25.444  -61.410  -6.943 0.5000000000
10656  -26.186  -60.736  -8.323 0.5000000000
10638  -25.650  -61.307  -7.603 0.5000000000
11309  -26.278  -60.072  -9.578 0.5000000000
10672  -25.159  -60.842  -9.508 0.5000000000
10655  -25.461  -61.170  -8.621 0.4000000060
11257  -26.491  -60.646  -6.451 0.5000000000
11276  -26.906  -60.304  -8.035 0.6000000238
10639  -26.403  -60.789  -7.379 0.6000000238
11292  -25.864  -60.442  -9.228 0.5000000000
11324  -26.996  -60.213  -10.079 0.4000000060
11866  -26.276  -59.023  -4.830 0.6999999881
142700  -27.047  -58.983  -5.244 0.6999999881
11904  -27.061  -60.062  -6.126 0.6999999881
11277  -27.408  -59.820  -7.647 0.5000000000
11258  -27.035  -60.266  -7.063 0.6999999881
11929  -26.866  -59.636  -9.276 0.5000000000
11293  -26.492  -59.970  -8.921 0.5000000000
11930  -27.223  -59.469  -8.587 0.5000000000
11953  -27.311  -59.584  -9.659 0.5000000000
11952  -26.653  -59.946  -9.630 0.5000000000
12531  -24.991  -58.007  -4.881 0.5000000000
12514  -24.771  -58.889  -4.600 0.6999999881
13146  -26.554  -57.293  -5.186 0.6999999881
12515  -25.491  -58.679  -4.676 0.6999999881
12533  -26.820  -58.257  -5.101 0.6999999881
11891  -27.454  -59.325  -5.865 0.6000000238
11918  -27.957  -59.097  -7.721 0.6999999881
12557  -28.445  -58.258  -7.376 0.6000000238
12580  -27.477  -59.061  -9.223 0.5000000000
12567  -27.740  -58.814  -8.677 0.6000000238
12568  -28.211  -58.340  -8.285 0.6000000238
141877  -28.536  -59.372  -10.556 0.5000000000
13145  -25.553  -57.351  -5.235 0.5000000000
13147  -27.436  -57.684  -5.406 0.6999999881
13148  -27.986  -57.138  -5.703 0.6999999881
136393  -27.319  -56.980  -5.401 0.6999999881
12547  -28.109  -58.754  -6.500 0.8000000119
13165  -28.593  -57.156  -6.385 0.6999999881
12581  -28.060  -58.312  -9.188 0.6999999881
123606  -28.426  -57.818  -8.719 0.6000000238
12587  -28.086  -58.948  -9.888 0.6000000238
126895  -28.464  -58.046  -10.005 0.6000000238
128108  -28.627  -58.629  -10.660 0.6000000238
13163  -24.316  -57.201  -6.087 0.5000000000
13826  -25.151  -56.189  -6.284 0.6000000238
13806  -25.040  -56.863  -5.851 0.5000000000
13827  -25.795  -55.844  -6.163 0.6000000238
13807  -25.912  -56.499  -5.638 0.6000000238
13808  -26.862  -56.412  -5.473 0.6999999881
14524  -28.085  -55.830  -5.906 0.6999999881
14523  -27.273  -55.724  -5.734 0.6000000238
13810  -28.287  -56.551  -5.960 0.6999999881
13183  -28.830  -57.504  -7.180 0.6999999881
13209  -28.550  -57.530  -9.359 0.6999999881
122880  -28.609  -57.222  -10.143 0.6999999881
131884  -24.475  -56.483  -6.439 0.5000000000
14539  -26.142  -55.298  -6.390 0.6000000238
14522  -26.479  -55.769  -5.839 0.6000000238
14525  -28.818  -56.144  -6.481 0.8000000119
15236  -29.145  -54.736  -7.449 0.5000000000
125844  -28.022  -54.126  -6.851 0.6000000238
121821  -29.153  -57.048  -7.806 0.6999999881
144836  -29.453  -55.122  -8.536 0.6999999881
13863  -29.011  -56.595  -9.406 0.6999999881
13222  -28.658  -57.865  -10.809 0.5000000000
13872  -28.631  -57.177  -10.882 0.6999999881
131388  -28.609  -56.812  -11.327 0.5000000000
13825  -23.779  -56.668  -6.575 0.5000000000
138803  -24.489  -55.871  -6.673 0.5000000000
15222  -24.572  -54.989  -7.161 0.6000000238
14538  -25.160  -55.522  -6.737 0.6000000238
15223  -25.686  -54.888  -6.946 0.6000000238
15232  -25.165  -54.556  -7.539 0.6000000238
15224  -26.574  -54.680  -6.634 0.6000000238
15233  -26.185  -54.292  -7.269 0.6000000238
15242  -29.269  -54.486  -8.272 0.6000000238
15235  -28.642  -53.990  -7.581 0.5000000000
15896  -26.788  -53.682  -7.678 0.5000000000
15251  -29.404  -54.844  -9.124 0.6000000238
122014  -28.971  -55.461  -10.606 0.6000000238
14562  -29.218  -55.573  -9.785 0.6000000238
14576  -28.626  -55.965  -11.447 0.5000000000
132297  -23.800  -55.247  -6.822 0.5000000000
15897  -27.756  -53.610  -7.517 0.5000000000
15911  -29.115  -53.847  -9.133 0.4000000060
141756  -28.592  -53.312  -8.776 0.5000000000
16579  -27.961  -52.770  -8.933 0.5000000000
15257  -28.828  -54.904  -11.118 0.6000000238
138104  -23.060  -55.288  -6.241 0.5000000000
15894  -23.651  -54.181  -7.833 0.6000000238
15231  -24.228  -54.622  -7.594 0.6000000238
16593  -28.204  -52.567  -9.940 0.5000000000
15221  -23.125  -54.551  -6.261 0.5000000000
15230  -23.541  -54.508  -6.998 0.6000000238
15220  -22.621  -54.678  -5.671 0.5000000000
15893  -23.338  -53.769  -7.237 0.6000000238
15208  -22.888  -53.979  -5.675 0.5000000000
15886  -23.227  -53.868  -6.313 0.5000000000
16567  -23.224  -53.049  -7.622 0.6000000238
16561  -23.401  -53.007  -6.420 0.5000000000
140633  -22.745  -53.601  -5.336 0.5000000000
16577  -22.923  -52.797  -8.751 0.5000000000
15877  -23.119  -53.235  -5.615 0.5000000000
15876  -22.532  -53.222  -5.050 0.5000000000
16553  -23.468  -52.318  -5.724 0.5000000000
127898  -23.261  -52.176  -7.897 0.4000000060
16552  -22.892  -52.485  -5.211 0.5000000000
17283  -23.854  -51.942  -6.194 0.5000000000
17292  -23.976  -51.471  -7.083 0.4000000060
17291  -23.565  -52.384  -6.952 0.4000000060
18095  -24.246  -50.750  -7.848 0.4000000060
131341  -28.884  -53.396  -10.010 0.6000000238
127699  -28.353  -56.022  -12.468 0.4000000060
18885  -24.418  -50.069  -8.694 0.4000000060
12534  -27.580  -58.519  -5.598 0.6999999881
13841  -29.136  -56.749  -7.065 0.6999999881
123144  -28.874  -57.214  -8.635 0.6999999881
14550  -28.652  -54.633  -6.878 0.6000000238
15225  -27.420  -54.593  -6.442 0.6000000238
14557  -29.416  -55.518  -7.878 0.6999999881
14563  -29.414  -55.690  -8.868 0.6999999881
14570  -28.797  -56.392  -10.508 0.6000000238
10622  -25.874  -61.115  -6.758 0.5000000000
11890  -26.777  -59.649  -5.347 0.6999999881
11905  -27.595  -59.625  -6.790 0.6999999881
12532  -25.945  -58.075  -4.854 0.6999999881
12548  -28.459  -57.929  -6.641 0.6999999881
13144  -24.856  -57.428  -5.482 0.5000000000
13164  -28.131  -57.900  -5.963 0.6999999881
13200  -28.684  -57.713  -8.005 0.6999999881
13809  -27.647  -56.424  -5.626 0.6999999881
13842  -29.278  -56.034  -7.154 0.8000000119
13853  -29.304  -56.443  -8.386 0.6999999881
13854  -29.317  -56.378  -7.644 0.6999999881
14540  -26.916  -55.100  -6.030 0.6000000238
14541  -27.731  -55.120  -6.014 0.6000000238
14542  -28.471  -55.263  -6.378 0.6000000238
14551  -29.136  -55.348  -6.938 0.5000000000
15226  -28.097  -54.685  -6.437 0.6000000238
15234  -27.126  -54.103  -7.014 0.6000000238
15241  -28.836  -53.732  -8.369 0.6000000238
15895  -25.763  -53.948  -7.911 0.6999999881
15910  -28.223  -53.334  -8.207 0.5000000000
15924  -28.613  -53.133  -9.350 0.5000000000
15934  -23.064  -53.117  -10.079 0.6000000238
15946  -28.642  -53.372  -11.552 0.6000000238
16591  -26.462  -52.594  -9.582 0.6000000238
16607  -22.764  -52.805  -10.922 0.6000000238
16642  -23.202  -52.715  -13.202 0.6999999881
16644  -28.017  -52.257  -12.177 0.6000000238
16650  -22.859  -52.417  -14.117 0.6999999881
17364  -22.423  -51.947  -13.906 0.6999999881
17366  -23.620  -52.047  -14.746 0.6999999881
17373  -22.534  -51.762  -14.471 0.6000000238
17374  -22.819  -51.788  -14.861 0.6999999881
17380  -22.674  -51.125  -14.837 0.6000000238
18178  -25.394  -50.477  -15.542 0.5000000000
18187  -26.725  -50.052  -15.694 0.5000000000
18942  -24.207  -49.902  -13.397 0.4000000060
18959  -23.471  -49.443  -14.858 0.5000000000
18966  -23.477  -49.447  -14.878 0.5000000000
18969  -28.826  -49.265  -15.622 0.5000000000
18971  -30.525  -48.770  -15.861 0.3000000119
18982  -26.571  -49.388  -15.674 0.5000000000
19770  -24.582  -48.842  -15.423 0.4000000060
19782  -24.589  -48.051  -15.393 0.4000000060
20591  -24.080  -48.005  -14.985 0.5000000000
20592  -24.089  -47.847  -14.823 0.5000000000
20614  -25.271  -47.227  -15.662 0.4000000060
21475  -24.218  -46.832  -15.106 0.5000000000
21476  -27.585  -46.635  -15.523 0.5000000000
22382  -26.266  -45.230  -16.141 0.4000000060
25107  -33.176  -42.156  -19.640 0.4000000060
27731  -30.849  -40.163  -18.082 0.5000000000
125774  -25.725  -51.614  -14.373 0.6000000238
131658  -30.781  -46.120  -16.364 0.3000000119
137969  -22.547  -52.221  -11.258 0.6000000238
138516  -28.118  -50.873  -16.030 0.5000000000
144050  -24.601  -53.244  -10.340 0.6000000238
