#!ascii label  , from subject sub-p010 vox2ras=TkReg
429
7406  -41.442  -67.281  -12.513 0.0000000000
8897  -32.517  -64.248  -6.069 0.0000000000
10072  -42.973  -62.298  -7.169 0.0000000000
139914  -36.678  -66.754  -8.780 0.0000000000
11222  -38.224  -60.727  -4.477 0.0000000000
8340  -43.116  -65.736  -6.335 0.0000000000
11245  -46.373  -60.037  -6.531 0.0000000000
11835  -47.180  -59.953  -1.086 0.0000000000
11875  -42.742  -58.959  -4.872 0.0000000000
10611  -40.591  -61.710  -5.325 0.0000000000
12502  -40.254  -58.266  -3.902 0.0000000000
9451  -45.114  -63.106  -7.121 0.0000000000
127719  -44.772  -62.677  -3.958 0.0000000000
12476  -49.370  -58.215  -1.519 0.0000000000
12507  -49.075  -58.340  -3.559 0.0000000000
6321  -37.630  -70.426  -13.156 0.0000000000
8352  -34.441  -65.867  -7.327 0.0000000000
7370  -33.450  -67.459  -9.595 0.0000000000
7877  -31.709  -66.651  -8.339 0.0000000000
8937  -42.438  -64.490  -10.074 0.0000000000
7921  -39.559  -66.916  -11.094 0.0000000000
8902  -37.717  -64.723  -6.227 0.0000000000
9431  -36.212  -62.755  -4.795 0.0000000000
9494  -44.478  -63.552  -10.145 0.0000000000
11263  -44.862  -60.387  -7.474 0.0000000000
13134  -44.165  -58.433  -4.665 0.0000000000
11198  -44.993  -61.432  -2.021 0.0000000000
11207  -47.585  -59.899  -3.488 0.0000000000
13118  -46.305  -58.293  -3.532 0.0000000000
14493  -45.125  -56.233  -1.814 0.0000000000
6863  -35.828  -68.854  -11.451 0.0000000000
11906  -34.053  -59.395  -6.098 0.0000000000
10623  -31.695  -62.056  -6.474 0.0000000000
9509  -30.401  -63.359  -10.209 0.0000000000
13132  -42.575  -57.893  -4.095 0.0000000000
12520  -41.531  -58.568  -4.335 0.0000000000
6866  -40.199  -68.372  -12.606 0.0000000000
8334  -33.978  -65.286  -6.678 0.0000000000
8374  -32.795  -66.091  -7.894 0.0000000000
127591  -31.802  -65.296  -7.255 0.0000000000
126438  -30.590  -65.144  -7.401 0.0000000000
8918  -31.189  -64.698  -7.004 0.0000000000
8906  -42.108  -63.755  -7.881 0.0000000000
8905  -41.156  -64.061  -7.111 0.0000000000
10610  -39.214  -61.817  -4.972 0.0000000000
131677  -38.757  -63.193  -5.575 0.0000000000
130262  -38.129  -62.815  -5.240 0.0000000000
130166  -37.036  -63.531  -5.365 0.0000000000
131739  -36.852  -62.284  -4.741 0.0000000000
8396  -44.037  -64.586  -10.599 0.0000000000
8360  -44.104  -64.845  -8.551 0.0000000000
10629  -46.182  -60.594  -7.296 0.0000000000
10644  -45.978  -61.043  -8.503 0.0000000000
11909  -45.990  -59.955  -7.325 0.0000000000
11894  -44.459  -59.429  -6.076 0.0000000000
12537  -45.939  -59.202  -5.827 0.0000000000
11189  -46.143  -60.946  -1.598 0.0000000000
10571  -46.447  -61.017  -2.403 0.0000000000
11199  -47.190  -60.493  -2.388 0.0000000000
13768  -48.147  -56.716  -2.584 0.0000000000
131944  -48.108  -58.808  -4.303 0.0000000000
13767  -46.945  -56.905  -2.260 0.0000000000
13099  -45.493  -57.716  -2.785 0.0000000000
7905  -38.032  -66.782  -9.257 0.0000000000
6849  -37.286  -68.282  -11.189 0.0000000000
7389  -35.626  -67.816  -10.348 0.0000000000
6844  -32.870  -68.743  -10.446 0.0000000000
12558  -35.351  -58.545  -7.172 0.0000000000
11260  -33.144  -60.648  -6.286 0.0000000000
10107  -32.318  -61.994  -9.786 0.0000000000
10613  -42.574  -61.095  -5.923 0.0000000000
10055  -41.256  -62.190  -5.786 0.0000000000
11225  -41.153  -60.066  -4.777 0.0000000000
11224  -40.265  -60.346  -4.653 0.0000000000
11872  -39.709  -59.746  -4.382 0.0000000000
8907  -44.532  -64.354  -7.823 0.0000000000
10037  -44.922  -62.502  -5.195 0.0000000000
10614  -45.939  -60.672  -5.829 0.0000000000
11822  -48.355  -59.251  -1.502 0.0000000000
131353  -48.477  -59.383  -2.807 0.0000000000
12491  -49.588  -57.991  -3.222 0.0000000000
13769  -49.668  -57.191  -3.266 0.0000000000
14495  -48.384  -55.554  -2.492 0.0000000000
7863  -35.684  -66.424  -7.969 0.0000000000
7372  -35.138  -67.426  -9.750 0.0000000000
7880  -34.345  -66.618  -8.552 0.0000000000
7354  -32.243  -67.098  -8.888 0.0000000000
7352  -30.706  -67.580  -8.367 0.0000000000
7340  -30.080  -66.945  -7.850 0.0000000000
8346  -28.852  -65.854  -7.779 0.0000000000
8392  -28.464  -64.903  -9.097 0.0000000000
7924  -42.357  -66.095  -12.089 0.0000000000
7922  -40.977  -66.641  -12.223 0.0000000000
7885  -39.510  -66.194  -9.382 0.0000000000
7884  -38.460  -66.417  -8.740 0.0000000000
123877  -40.015  -64.122  -6.576 0.0000000000
8339  -38.880  -65.182  -6.886 0.0000000000
8355  -37.164  -65.750  -7.064 0.0000000000
144690  -36.566  -65.498  -6.695 0.0000000000
8900  -35.455  -64.863  -6.001 0.0000000000
8885  -34.017  -64.219  -5.517 0.0000000000
7910  -43.291  -65.246  -11.267 0.0000000000
8938  -43.435  -64.276  -10.697 0.0000000000
10085  -43.651  -62.560  -8.545 0.0000000000
9483  -45.312  -62.668  -9.299 0.0000000000
10643  -45.373  -61.555  -8.818 0.0000000000
10626  -43.332  -61.495  -6.905 0.0000000000
11244  -44.074  -59.996  -6.419 0.0000000000
12521  -43.123  -58.379  -4.554 0.0000000000
13116  -43.475  -57.379  -3.152 0.0000000000
143262  -45.153  -62.000  -2.735 0.0000000000
10578  -45.612  -61.529  -3.468 0.0000000000
11246  -46.622  -59.725  -5.606 0.0000000000
137064  -48.373  -59.249  -3.754 0.0000000000
11879  -47.581  -59.040  -4.658 0.0000000000
12523  -46.702  -59.106  -5.298 0.0000000000
12504  -45.968  -58.597  -4.542 0.0000000000
13098  -44.482  -57.562  -2.928 0.0000000000
7403  -38.562  -68.255  -11.832 0.0000000000
6291  -36.555  -69.509  -12.253 0.0000000000
6846  -34.382  -68.363  -10.731 0.0000000000
6288  -33.654  -69.702  -11.528 0.0000000000
10595  -36.329  -61.523  -4.485 0.0000000000
10034  -34.552  -62.350  -4.626 0.0000000000
10050  -33.234  -63.076  -5.107 0.0000000000
10608  -33.031  -61.485  -5.410 0.0000000000
9442  -31.908  -62.978  -5.879 0.0000000000
9480  -30.358  -63.591  -7.347 0.0000000000
9500  -29.694  -63.436  -8.816 0.0000000000
13783  -42.580  -57.085  -3.054 0.0000000000
13115  -42.142  -57.488  -3.596 0.0000000000
143875  -40.339  -68.652  -12.507 0.0000000000
6867  -40.904  -67.952  -12.585 0.0000000000
8333  -33.009  -65.078  -6.695 0.0000000000
8332  -32.081  -64.822  -6.757 0.0000000000
128373  -31.624  -64.082  -6.430 0.0000000000
9465  -42.549  -63.051  -7.501 0.0000000000
9464  -41.582  -63.357  -6.790 0.0000000000
130619  -39.019  -61.109  -4.637 0.0000000000
10052  -38.636  -62.362  -5.143 0.0000000000
135389  -38.400  -61.626  -4.754 0.0000000000
10036  -37.834  -62.235  -4.890 0.0000000000
10596  -37.357  -61.389  -4.579 0.0000000000
7848  -42.555  -66.302  -5.912 0.0000000000
141356  -42.784  -65.940  -6.997 0.0000000000
8359  -43.434  -65.498  -7.744 0.0000000000
11265  -46.165  -60.317  -7.469 0.0000000000
11910  -46.230  -59.898  -6.812 0.0000000000
11895  -45.621  -59.539  -6.498 0.0000000000
139923  -46.142  -59.576  -6.344 0.0000000000
11819  -46.055  -59.613  -0.739 0.0000000000
143943  -46.587  -60.064  -0.953 0.0000000000
11834  -45.931  -60.330  -1.133 0.0000000000
133121  -46.701  -60.468  -1.320 0.0000000000
130173  -46.645  -60.779  -1.805 0.0000000000
11190  -47.373  -60.220  -1.666 0.0000000000
13101  -47.874  -57.714  -2.954 0.0000000000
126301  -47.239  -55.882  -1.932 0.0000000000
137284  -37.251  -66.948  -9.305 0.0000000000
7374  -37.015  -67.382  -9.933 0.0000000000
7904  -36.390  -67.062  -9.281 0.0000000000
10642  -32.810  -61.104  -7.694 0.0000000000
10658  -32.400  -61.483  -8.431 0.0000000000
10674  -32.793  -61.610  -9.225 0.0000000000
133299  -42.148  -59.644  -5.019 0.0000000000
11242  -41.810  -60.561  -5.292 0.0000000000
12503  -41.043  -58.113  -3.958 0.0000000000
12519  -40.782  -58.783  -4.240 0.0000000000
11873  -40.539  -59.532  -4.463 0.0000000000
12518  -39.997  -58.986  -4.147 0.0000000000
10057  -45.628  -61.476  -6.334 0.0000000000
10038  -45.291  -61.704  -4.558 0.0000000000
12475  -48.643  -58.623  -1.078 0.0000000000
12482  -49.060  -58.743  -1.927 0.0000000000
12483  -49.585  -58.200  -2.416 0.0000000000
123356  -49.271  -56.469  -3.050 0.0000000000
5774  -36.947  -70.986  -13.501 0.0000000000
7862  -34.842  -66.336  -7.947 0.0000000000
7881  -35.175  -66.698  -8.603 0.0000000000
7861  -34.104  -66.246  -7.952 0.0000000000
7878  -32.527  -66.557  -8.419 0.0000000000
7876  -30.907  -66.818  -8.163 0.0000000000
135062  -29.883  -64.862  -7.589 0.0000000000
8348  -30.062  -65.629  -7.620 0.0000000000
8347  -29.346  -65.406  -7.747 0.0000000000
8371  -28.681  -65.241  -8.246 0.0000000000
8372  -29.307  -64.661  -7.989 0.0000000000
8378  -42.267  -64.961  -10.920 0.0000000000
7908  -41.534  -65.996  -11.961 0.0000000000
8375  -38.976  -65.985  -8.207 0.0000000000
8357  -39.408  -65.481  -7.714 0.0000000000
9463  -40.629  -63.387  -6.286 0.0000000000
10054  -40.349  -62.563  -5.659 0.0000000000
9462  -39.162  -63.817  -6.070 0.0000000000
8903  -38.394  -64.779  -6.441 0.0000000000
8338  -37.986  -65.391  -6.799 0.0000000000
8337  -37.140  -65.184  -6.477 0.0000000000
132401  -36.118  -63.457  -5.159 0.0000000000
143446  -36.020  -64.587  -5.826 0.0000000000
137242  -35.696  -64.189  -5.537 0.0000000000
8886  -34.855  -64.268  -5.522 0.0000000000
9446  -35.159  -63.603  -5.115 0.0000000000
8939  -44.440  -64.021  -10.292 0.0000000000
9501  -44.046  -64.145  -10.662 0.0000000000
9493  -43.803  -63.679  -10.217 0.0000000000
9482  -44.299  -62.996  -9.733 0.0000000000
8908  -45.157  -63.362  -8.127 0.0000000000
9466  -45.627  -62.364  -8.318 0.0000000000
10628  -45.522  -60.823  -8.280 0.0000000000
10073  -44.138  -61.777  -8.233 0.0000000000
10627  -44.525  -61.020  -7.855 0.0000000000
11262  -43.690  -60.694  -6.674 0.0000000000
12536  -44.856  -58.989  -5.605 0.0000000000
11876  -43.744  -58.917  -5.201 0.0000000000
13133  -43.363  -57.873  -4.017 0.0000000000
124911  -44.227  -57.919  -3.768 0.0000000000
10012  -45.281  -61.713  -2.472 0.0000000000
11206  -46.919  -60.539  -3.151 0.0000000000
10579  -46.259  -60.963  -3.327 0.0000000000
10599  -45.982  -60.786  -4.465 0.0000000000
11227  -46.951  -59.983  -4.453 0.0000000000
11854  -48.865  -58.881  -3.363 0.0000000000
12506  -48.536  -58.721  -3.905 0.0000000000
13119  -47.538  -58.358  -3.686 0.0000000000
12505  -47.196  -58.762  -4.565 0.0000000000
138617  -44.824  -57.001  -2.287 0.0000000000
13765  -43.941  -56.889  -2.413 0.0000000000
7393  -40.129  -67.219  -12.151 0.0000000000
7404  -39.814  -67.857  -12.420 0.0000000000
7392  -39.010  -67.537  -11.399 0.0000000000
6848  -36.205  -68.290  -10.946 0.0000000000
6864  -36.866  -68.831  -11.622 0.0000000000
6290  -35.456  -69.492  -11.945 0.0000000000
128543  -35.961  -70.043  -12.626 0.0000000000
7371  -34.286  -67.419  -9.689 0.0000000000
7388  -34.739  -67.829  -10.276 0.0000000000
7387  -33.907  -67.873  -10.199 0.0000000000
6277  -32.716  -69.654  -10.963 0.0000000000
6278  -33.376  -69.103  -10.922 0.0000000000
145671  -36.557  -60.873  -4.371 0.0000000000
11220  -36.101  -60.117  -4.182 0.0000000000
10593  -34.554  -61.505  -4.578 0.0000000000
9428  -33.858  -62.641  -4.787 0.0000000000
10609  -33.256  -62.108  -5.062 0.0000000000
10641  -32.179  -61.404  -6.877 0.0000000000
138227  -32.842  -61.114  -5.839 0.0000000000
10624  -32.353  -61.695  -5.894 0.0000000000
10048  -31.949  -62.384  -5.970 0.0000000000
10070  -31.487  -62.703  -6.369 0.0000000000
10069  -30.840  -63.024  -6.819 0.0000000000
10084  -30.911  -62.501  -7.256 0.0000000000
10114  -30.890  -62.665  -9.668 0.0000000000
10105  -30.346  -62.787  -8.589 0.0000000000
122537  -30.138  -63.160  -9.402 0.0000000000
135667  -42.285  -58.429  -4.439 0.0000000000
125411  -41.989  -58.954  -4.656 0.0000000000
13131  -41.807  -57.953  -4.061 0.0000000000
13114  -41.363  -57.511  -3.590 0.0000000000
142658  -49.829  -57.832  -1.939 0.0000000000
13104  -50.315  -56.983  -2.577 0.0000000000
6881  -39.258  -69.231  -12.647 0.0000000000
8351  -33.477  -65.798  -7.492 0.0000000000
8373  -31.954  -65.955  -7.790 0.0000000000
7860  -30.976  -65.985  -7.797 0.0000000000
8349  -31.293  -65.429  -7.436 0.0000000000
8917  -30.423  -64.352  -7.290 0.0000000000
8922  -42.711  -63.950  -9.387 0.0000000000
8921  -41.700  -64.357  -8.408 0.0000000000
8920  -40.713  -64.671  -7.663 0.0000000000
10597  -39.899  -61.226  -4.848 0.0000000000
10053  -39.416  -62.522  -5.405 0.0000000000
9448  -37.871  -63.447  -5.493 0.0000000000
8888  -37.431  -64.141  -5.764 0.0000000000
10051  -37.442  -62.883  -5.103 0.0000000000
9447  -36.751  -62.996  -4.990 0.0000000000
8380  -44.282  -64.551  -9.830 0.0000000000
8923  -44.685  -64.140  -9.391 0.0000000000
10074  -46.037  -61.341  -8.066 0.0000000000
10645  -46.122  -60.679  -8.016 0.0000000000
11264  -45.882  -60.421  -7.888 0.0000000000
11908  -45.228  -59.922  -7.018 0.0000000000
12522  -45.286  -58.728  -5.075 0.0000000000
11188  -45.404  -60.867  -1.601 0.0000000000
10560  -45.651  -61.336  -1.935 0.0000000000
10561  -46.027  -61.328  -2.036 0.0000000000
13102  -49.049  -57.436  -3.354 0.0000000000
13120  -48.703  -58.354  -3.718 0.0000000000
13100  -46.624  -57.782  -2.767 0.0000000000
13766  -45.818  -56.979  -2.218 0.0000000000
7375  -38.204  -67.160  -10.173 0.0000000000
7391  -37.773  -67.757  -10.767 0.0000000000
7390  -36.619  -67.813  -10.468 0.0000000000
7386  -33.120  -68.044  -10.034 0.0000000000
11280  -34.520  -60.058  -7.473 0.0000000000
11919  -34.364  -59.548  -6.871 0.0000000000
11261  -33.827  -60.114  -6.724 0.0000000000
11279  -33.370  -60.653  -7.196 0.0000000000
11278  -32.804  -60.963  -6.882 0.0000000000
128722  -32.051  -61.494  -7.713 0.0000000000
10640  -31.420  -61.924  -7.295 0.0000000000
10106  -31.172  -62.222  -8.834 0.0000000000
10625  -42.243  -61.895  -6.176 0.0000000000
10071  -41.933  -62.638  -6.482 0.0000000000
10612  -41.516  -61.409  -5.519 0.0000000000
10598  -40.855  -60.909  -5.017 0.0000000000
11874  -41.344  -59.253  -4.579 0.0000000000
11223  -39.439  -60.504  -4.553 0.0000000000
11871  -38.821  -59.986  -4.308 0.0000000000
8341  -43.781  -65.174  -6.978 0.0000000000
130445  -44.673  -63.308  -5.685 0.0000000000
10056  -45.438  -62.365  -6.876 0.0000000000
11821  -47.682  -59.227  -0.832 0.0000000000
11836  -47.717  -59.690  -1.353 0.0000000000
11843  -48.126  -59.656  -1.947 0.0000000000
11844  -48.758  -59.134  -2.386 0.0000000000
12490  -49.269  -58.581  -2.923 0.0000000000
13103  -49.972  -57.582  -2.749 0.0000000000
13122  -49.733  -57.514  -3.220 0.0000000000
13121  -49.365  -57.813  -3.412 0.0000000000
7882  -35.982  -66.751  -8.673 0.0000000000
7903  -35.554  -67.072  -9.213 0.0000000000
7902  -34.713  -67.034  -9.158 0.0000000000
7901  -33.860  -66.986  -9.091 0.0000000000
138155  -32.587  -67.585  -9.428 0.0000000000
6817  -31.224  -68.131  -8.977 0.0000000000
134186  -30.291  -66.299  -7.777 0.0000000000
7859  -29.464  -66.219  -7.665 0.0000000000
7858  -28.637  -66.509  -7.604 0.0000000000
7875  -28.245  -66.024  -8.004 0.0000000000
8391  -27.938  -65.637  -8.809 0.0000000000
7923  -41.867  -66.475  -12.402 0.0000000000
7938  -41.594  -66.898  -12.495 0.0000000000
7907  -40.188  -66.306  -10.869 0.0000000000
8393  -40.676  -65.783  -10.399 0.0000000000
7906  -38.967  -66.674  -9.832 0.0000000000
7883  -37.396  -66.542  -8.483 0.0000000000
139742  -41.110  -62.830  -6.125 0.0000000000
9450  -39.713  -63.286  -5.855 0.0000000000
8904  -39.073  -64.475  -6.482 0.0000000000
8356  -38.617  -65.626  -7.400 0.0000000000
7865  -37.948  -66.065  -7.686 0.0000000000
7864  -37.059  -66.210  -7.679 0.0000000000
8354  -36.309  -66.015  -7.305 0.0000000000
8353  -35.335  -65.971  -7.273 0.0000000000
142621  -36.373  -64.963  -6.164 0.0000000000
8335  -34.918  -65.434  -6.601 0.0000000000
8899  -34.463  -64.810  -6.031 0.0000000000
8898  -33.529  -64.623  -6.043 0.0000000000
8884  -33.224  -63.906  -5.503 0.0000000000
8395  -42.828  -65.453  -11.636 0.0000000000
8951  -43.137  -64.847  -11.220 0.0000000000
145365  -43.712  -65.094  -10.811 0.0000000000
9481  -43.155  -63.314  -8.901 0.0000000000
8924  -45.068  -63.585  -9.067 0.0000000000
8940  -44.848  -63.383  -9.835 0.0000000000
10087  -45.592  -61.787  -8.858 0.0000000000
137402  -45.330  -62.215  -9.370 0.0000000000
10096  -44.975  -62.798  -9.772 0.0000000000
10086  -44.817  -62.265  -9.341 0.0000000000
11243  -42.904  -60.244  -5.737 0.0000000000
123653  -43.313  -59.509  -5.512 0.0000000000
134999  -42.807  -57.529  -3.608 0.0000000000
10570  -45.654  -61.594  -2.652 0.0000000000
11226  -46.513  -60.097  -5.475 0.0000000000
11200  -47.881  -59.845  -2.614 0.0000000000
142246  -48.185  -58.922  -4.310 0.0000000000
11228  -47.796  -59.257  -4.432 0.0000000000
11878  -46.947  -59.319  -5.078 0.0000000000
11877  -46.410  -59.652  -5.983 0.0000000000
144010  -46.011  -58.876  -5.290 0.0000000000
13117  -44.922  -58.373  -4.289 0.0000000000
128444  -45.193  -58.129  -3.547 0.0000000000
7405  -40.895  -67.392  -12.556 0.0000000000
135719  -39.434  -68.569  -12.527 0.0000000000
6865  -38.601  -68.989  -12.538 0.0000000000
6292  -37.630  -69.291  -12.384 0.0000000000
129946  -37.449  -69.895  -12.810 0.0000000000
5760  -35.978  -70.903  -13.260 0.0000000000
7373  -36.027  -67.421  -9.825 0.0000000000
6847  -35.242  -68.304  -10.833 0.0000000000
6862  -34.877  -68.879  -11.315 0.0000000000
6845  -33.606  -68.493  -10.587 0.0000000000
6861  -34.039  -68.963  -11.174 0.0000000000
6289  -34.551  -69.581  -11.751 0.0000000000
13781  -40.911  -56.940  -3.180 0.0000000000
12501  -39.491  -58.443  -3.811 0.0000000000
11853  -39.186  -59.155  -4.044 0.0000000000
11852  -38.349  -59.279  -3.921 0.0000000000
11870  -37.864  -59.927  -4.127 0.0000000000
10035  -35.912  -62.171  -4.584 0.0000000000
130471  -35.751  -60.869  -4.381 0.0000000000
10594  -35.460  -61.516  -4.484 0.0000000000
9430  -35.383  -62.815  -4.713 0.0000000000
9429  -34.522  -63.091  -4.779 0.0000000000
142851  -33.732  -63.647  -5.205 0.0000000000
9443  -32.510  -63.386  -5.598 0.0000000000
11892  -33.646  -60.078  -5.726 0.0000000000
11240  -33.344  -60.804  -5.484 0.0000000000
144408  -32.754  -61.935  -5.412 0.0000000000
9461  -31.955  -63.592  -6.017 0.0000000000
9460  -31.436  -63.347  -6.375 0.0000000000
8896  -30.909  -63.832  -6.808 0.0000000000
9492  -29.920  -63.415  -8.003 0.0000000000
9491  -29.466  -63.985  -8.345 0.0000000000
9499  -29.226  -63.906  -8.981 0.0000000000
5761  -36.802  -70.333  -12.981 0.0000000000
6293  -39.803  -69.154  -12.583 0.0000000000
6306  -35.163  -70.217  -12.471 0.0000000000
6307  -38.290  -69.787  -12.884 0.0000000000
8336  -35.831  -65.493  -6.628 0.0000000000
8350  -32.526  -65.502  -7.334 0.0000000000
8394  -41.997  -65.469  -11.522 0.0000000000
8887  -36.535  -64.243  -5.676 0.0000000000
8935  -28.949  -64.453  -8.671 0.0000000000
8952  -43.626  -64.710  -10.947 0.0000000000
9444  -33.914  -63.247  -4.926 0.0000000000
9445  -34.358  -63.699  -5.154 0.0000000000
10049  -32.519  -62.495  -5.498 0.0000000000
10673  -31.944  -61.809  -9.035 0.0000000000
11221  -37.184  -60.462  -4.281 0.0000000000
11259  -32.641  -61.143  -6.350 0.0000000000
122818  -39.880  -61.971  -5.228 0.0000000000
128713  -33.921  -61.952  -4.696 0.0000000000
136358  -31.233  -62.446  -6.812 0.0000000000
137364  -36.508  -66.486  -8.126 0.0000000000
139200  -35.176  -62.077  -4.541 0.0000000000
144188  -38.887  -60.581  -4.496 0.0000000000
145325  -37.794  -68.735  -11.894 0.0000000000
145780  -31.614  -62.216  -9.524 0.0000000000
