#!ascii label  , from subject sub-p010 vox2ras=TkReg
246
14897  34.538  -53.189  1.003 0.0000000000
12900  44.872  -56.398  -1.427 0.0000000000
14183  39.941  -54.518  2.804 0.0000000000
12904  38.501  -56.650  -1.369 0.0000000000
133732  42.365  -61.237  3.019 0.0000000000
12229  41.198  -57.393  3.293 0.0000000000
140660  41.241  -59.943  4.615 0.0000000000
12916  41.651  -56.865  -2.301 0.0000000000
14921  41.516  -53.515  -1.799 0.0000000000
14186  36.710  -54.196  2.600 0.0000000000
12871  38.165  -57.032  1.376 0.0000000000
11026  39.680  -59.196  -0.048 0.0000000000
11022  43.795  -59.096  0.716 0.0000000000
9882  44.953  -61.129  2.689 0.0000000000
17088  31.987  -51.067  3.081 0.0000000000
15538  34.460  -52.632  4.305 0.0000000000
15536  37.610  -52.549  5.170 0.0000000000
15638  39.085  -52.941  -1.389 0.0000000000
11593  41.354  -58.011  4.425 0.0000000000
12274  43.645  -56.899  -1.900 0.0000000000
125462  42.116  -55.423  -2.631 0.0000000000
14184  38.787  -54.355  2.636 0.0000000000
13523  39.060  -55.213  2.279 0.0000000000
10989  40.739  -59.862  2.491 0.0000000000
11647  40.157  -59.096  2.183 0.0000000000
10452  41.006  -60.478  1.604 0.0000000000
11024  41.356  -59.788  -0.214 0.0000000000
10464  42.331  -60.664  1.404 0.0000000000
11012  46.028  -59.309  2.016 0.0000000000
15522  34.483  -52.499  5.083 0.0000000000
15554  36.530  -52.759  4.535 0.0000000000
122446  36.415  -52.443  5.949 0.0000000000
12905  37.767  -56.115  -1.164 0.0000000000
14227  38.652  -54.361  -1.706 0.0000000000
135296  42.370  -52.025  -1.063 0.0000000000
16375  41.902  -51.403  -0.640 0.0000000000
14159  41.861  -55.169  4.417 0.0000000000
13521  41.083  -55.747  3.198 0.0000000000
12860  41.749  -56.693  3.804 0.0000000000
11617  41.399  -58.461  4.260 0.0000000000
142757  41.753  -60.712  4.271 0.0000000000
12264  39.921  -57.449  -1.627 0.0000000000
119444  39.995  -54.651  -1.972 0.0000000000
14243  41.306  -54.996  -2.400 0.0000000000
14920  42.250  -53.408  -1.927 0.0000000000
12898  46.596  -56.502  -0.494 0.0000000000
14885  35.242  -53.819  2.046 0.0000000000
12880  37.079  -56.662  0.317 0.0000000000
12247  38.093  -57.718  -0.285 0.0000000000
12231  39.256  -57.160  1.871 0.0000000000
11649  39.082  -58.489  1.135 0.0000000000
12246  38.783  -58.101  -0.602 0.0000000000
11674  40.637  -58.140  -1.465 0.0000000000
12262  42.479  -57.873  -1.578 0.0000000000
12245  44.548  -57.468  -0.050 0.0000000000
10449  44.592  -60.975  2.759 0.0000000000
11014  44.732  -59.358  1.764 0.0000000000
11652  45.399  -58.360  1.372 0.0000000000
12244  45.908  -56.996  0.401 0.0000000000
17119  33.198  -50.196  1.211 0.0000000000
16315  33.187  -51.624  1.861 0.0000000000
16297  33.349  -52.300  3.178 0.0000000000
130305  34.520  -53.055  2.743 0.0000000000
14884  35.936  -53.767  2.855 0.0000000000
14865  37.844  -53.296  3.582 0.0000000000
14864  38.983  -53.162  3.865 0.0000000000
15518  39.965  -52.501  6.665 0.0000000000
14832  41.258  -53.666  5.356 0.0000000000
15637  40.121  -53.073  -1.461 0.0000000000
15610  34.116  -52.385  0.836 0.0000000000
16382  34.698  -51.526  -0.006 0.0000000000
15609  34.675  -52.799  0.209 0.0000000000
12914  43.819  -56.302  -2.466 0.0000000000
10429  41.472  -60.629  2.716 0.0000000000
10465  41.475  -60.547  1.125 0.0000000000
10451  41.837  -60.910  1.885 0.0000000000
9911  45.703  -60.444  0.905 0.0000000000
15521  35.362  -52.522  5.731 0.0000000000
13563  38.301  -55.178  -1.598 0.0000000000
143615  38.607  -55.859  -1.599 0.0000000000
16374  42.852  -51.330  -0.549 0.0000000000
13495  41.807  -55.635  4.381 0.0000000000
12832  41.720  -56.323  4.368 0.0000000000
10963  41.188  -59.203  4.548 0.0000000000
123450  41.640  -57.497  4.147 0.0000000000
10415  41.386  -59.821  4.339 0.0000000000
120049  41.381  -60.300  4.471 0.0000000000
12901  40.792  -57.179  -2.035 0.0000000000
12917  40.950  -56.418  -2.273 0.0000000000
13577  41.513  -55.971  -2.511 0.0000000000
14242  42.634  -55.004  -2.790 0.0000000000
14932  42.730  -54.180  -2.579 0.0000000000
125314  42.726  -52.594  -1.525 0.0000000000
14187  35.879  -54.248  2.235 0.0000000000
14197  35.571  -54.325  1.451 0.0000000000
14196  36.229  -54.692  1.802 0.0000000000
12235  37.485  -57.260  -0.053 0.0000000000
12234  37.972  -57.636  0.468 0.0000000000
12861  41.167  -56.529  3.228 0.0000000000
12862  40.294  -56.369  2.536 0.0000000000
131120  40.274  -57.392  2.442 0.0000000000
131667  39.588  -59.125  1.296 0.0000000000
11653  39.312  -58.914  0.481 0.0000000000
11654  38.631  -58.274  0.278 0.0000000000
11661  39.242  -58.677  -0.259 0.0000000000
11675  39.587  -58.197  -1.037 0.0000000000
11660  40.024  -58.875  -0.699 0.0000000000
11023  42.468  -59.633  0.097 0.0000000000
11658  42.115  -59.100  -0.694 0.0000000000
121716  43.086  -58.868  -0.131 0.0000000000
11672  43.090  -58.264  -0.787 0.0000000000
11657  44.235  -58.152  0.401 0.0000000000
8225  41.791  -64.408  1.479 0.0000000000
9340  44.538  -61.615  2.677 0.0000000000
9341  43.843  -62.334  3.085 0.0000000000
9883  44.172  -61.756  3.231 0.0000000000
10463  43.838  -60.438  2.051 0.0000000000
10448  45.495  -60.501  2.386 0.0000000000
11021  46.120  -59.119  1.404 0.0000000000
11651  46.041  -58.599  1.594 0.0000000000
11656  46.014  -57.812  1.007 0.0000000000
121430  45.393  -57.640  0.793 0.0000000000
12243  46.244  -57.273  0.282 0.0000000000
143182  32.582  -49.793  1.898 0.0000000000
16338  32.719  -50.773  1.805 0.0000000000
16337  33.249  -51.058  1.287 0.0000000000
16316  32.527  -51.309  2.528 0.0000000000
15539  33.754  -52.479  4.545 0.0000000000
15557  33.174  -52.252  4.006 0.0000000000
15556  33.905  -52.585  3.755 0.0000000000
129315  34.042  -52.700  2.963 0.0000000000
15555  34.766  -52.930  3.569 0.0000000000
14868  35.134  -53.424  2.869 0.0000000000
14866  37.159  -52.985  4.065 0.0000000000
14847  38.305  -52.833  4.505 0.0000000000
14820  40.702  -52.947  7.568 0.0000000000
14834  40.985  -52.928  6.720 0.0000000000
133398  40.927  -53.151  5.777 0.0000000000
142408  40.558  -54.191  -1.975 0.0000000000
122439  40.061  -53.904  -1.791 0.0000000000
14922  40.783  -53.617  -1.729 0.0000000000
130877  41.041  -51.604  -0.780 0.0000000000
12275  42.553  -57.302  -2.074 0.0000000000
12915  42.613  -56.466  -2.539 0.0000000000
14185  37.727  -54.330  2.632 0.0000000000
14195  37.033  -54.907  2.046 0.0000000000
13524  37.965  -55.087  2.175 0.0000000000
12863  39.183  -56.200  2.041 0.0000000000
11639  41.019  -58.641  3.271 0.0000000000
11640  40.493  -58.186  2.628 0.0000000000
11008  40.234  -59.802  1.439 0.0000000000
11017  40.789  -60.185  0.607 0.0000000000
11025  40.378  -59.551  -0.182 0.0000000000
11016  41.814  -60.310  0.555 0.0000000000
11015  43.068  -60.071  1.001 0.0000000000
133310  45.545  -60.515  2.377 0.0000000000
9900  45.734  -60.400  1.949 0.0000000000
15537  35.491  -52.659  4.661 0.0000000000
120474  36.550  -52.513  5.261 0.0000000000
14228  37.696  -54.463  -1.509 0.0000000000
15635  41.911  -52.796  -1.438 0.0000000000
15636  41.102  -52.922  -1.424 0.0000000000
16362  42.525  -50.712  -0.044 0.0000000000
14182  40.945  -54.904  3.264 0.0000000000
13509  41.676  -55.345  3.831 0.0000000000
13520  41.757  -56.012  3.770 0.0000000000
12228  41.700  -57.601  3.945 0.0000000000
11638  41.361  -59.589  3.694 0.0000000000
12903  39.253  -56.992  -1.566 0.0000000000
129330  39.286  -56.116  -1.833 0.0000000000
12902  40.130  -56.476  -2.049 0.0000000000
14244  40.642  -54.807  -2.183 0.0000000000
121027  41.126  -54.191  -2.070 0.0000000000
14225  41.900  -54.336  -2.311 0.0000000000
12913  46.056  -56.099  -1.073 0.0000000000
140762  34.824  -53.527  1.506 0.0000000000
14908  35.051  -53.529  0.246 0.0000000000
14896  35.062  -53.799  1.088 0.0000000000
12891  37.798  -57.090  -0.747 0.0000000000
11648  39.700  -58.434  1.921 0.0000000000
141471  39.300  -57.915  1.724 0.0000000000
12232  38.631  -57.826  1.170 0.0000000000
12265  39.181  -57.684  -1.213 0.0000000000
12263  41.614  -57.652  -1.912 0.0000000000
11659  40.992  -59.096  -0.918 0.0000000000
11673  41.808  -58.409  -1.361 0.0000000000
132996  43.465  -57.495  -1.273 0.0000000000
12261  44.783  -56.872  -0.670 0.0000000000
128743  42.381  -61.356  3.909 0.0000000000
8824  43.062  -63.189  2.367 0.0000000000
10427  43.436  -61.611  3.373 0.0000000000
10450  42.993  -61.096  2.417 0.0000000000
11013  45.800  -58.978  1.941 0.0000000000
12899  46.018  -56.467  -0.264 0.0000000000
12890  46.409  -56.732  -0.046 0.0000000000
17908  33.726  -49.262  1.219 0.0000000000
142571  33.093  -49.572  1.487 0.0000000000
17926  33.816  -50.048  0.683 0.0000000000
17145  33.772  -50.883  0.706 0.0000000000
15611  33.633  -51.678  1.079 0.0000000000
15594  33.704  -52.149  1.498 0.0000000000
16284  32.222  -51.859  5.006 0.0000000000
16298  32.507  -51.714  3.470 0.0000000000
140817  33.007  -51.898  2.648 0.0000000000
15575  33.629  -52.328  2.276 0.0000000000
131698  34.107  -52.673  1.616 0.0000000000
14886  34.596  -53.251  2.003 0.0000000000
14867  35.963  -53.174  3.707 0.0000000000
14883  36.851  -53.512  3.311 0.0000000000
142680  37.503  -53.804  3.078 0.0000000000
14171  38.383  -53.737  3.126 0.0000000000
14170  39.532  -53.743  3.272 0.0000000000
14846  39.769  -52.786  5.326 0.0000000000
14863  40.296  -53.385  4.450 0.0000000000
14169  40.800  -54.022  3.704 0.0000000000
13562  39.211  -55.214  -1.853 0.0000000000
14923  39.308  -53.697  -1.631 0.0000000000
15620  39.687  -52.257  -1.132 0.0000000000
15619  40.618  -52.280  -1.128 0.0000000000
8825  42.188  -63.905  2.225 0.0000000000
9912  45.366  -61.109  1.146 0.0000000000
10428  41.867  -60.570  3.883 0.0000000000
10447  45.843  -59.989  2.225 0.0000000000
10461  46.021  -59.788  1.727 0.0000000000
10462  45.487  -59.870  2.276 0.0000000000
11018  39.919  -59.534  0.550 0.0000000000
12266  38.516  -57.474  -1.022 0.0000000000
12850  41.818  -56.287  4.133 0.0000000000
12879  37.523  -57.101  0.617 0.0000000000
13561  40.022  -55.472  -2.092 0.0000000000
13578  40.751  -55.651  -2.305 0.0000000000
14168  41.572  -54.725  4.151 0.0000000000
14226  39.364  -54.425  -1.809 0.0000000000
14924  38.421  -53.646  -1.560 0.0000000000
15574  34.181  -52.794  2.312 0.0000000000
15617  43.381  -51.738  -0.982 0.0000000000
15618  41.497  -52.203  -1.097 0.0000000000
15625  34.498  -52.139  0.241 0.0000000000
17105  32.158  -50.512  2.499 0.0000000000
17893  33.025  -49.050  1.776 0.0000000000
123159  32.597  -51.953  4.310 0.0000000000
141028  41.503  -58.523  3.907 0.0000000000
141421  41.325  -51.149  -0.528 0.0000000000
142267  40.981  -53.760  4.502 0.0000000000
143627  38.878  -54.798  -1.765 0.0000000000
143825  35.930  -52.525  5.354 0.0000000000
