#!ascii label  , from subject sub-p010 vox2ras=TkReg
321
69465  27.313  4.519  -31.012 0.0000000000
60345  26.082  -4.164  -26.390 0.0000000000
131459  25.163  9.935  -32.872 0.0000000000
83424  23.336  19.219  -37.860 0.0000000000
58289  24.616  -6.800  -25.761 0.0000000000
119639  27.252  10.937  -36.492 0.0000000000
78130  26.590  13.631  -37.262 0.0000000000
67527  23.932  2.639  -30.157 0.0000000000
125544  26.347  -0.034  -29.291 0.0000000000
67524  27.947  1.223  -31.451 0.0000000000
128778  28.650  5.275  -34.792 0.0000000000
144106  29.995  3.640  -33.689 0.0000000000
144055  26.831  7.690  -31.932 0.0000000000
73224  27.829  8.155  -35.632 0.0000000000
80768  24.142  16.868  -36.584 0.0000000000
79916  26.203  15.376  -39.654 0.0000000000
63490  27.129  -1.516  -27.164 0.0000000000
78089  26.613  13.394  -35.618 0.0000000000
78994  25.918  14.805  -36.233 0.0000000000
69453  26.828  3.897  -30.551 0.0000000000
67525  26.551  2.266  -30.002 0.0000000000
68504  27.931  2.575  -32.252 0.0000000000
59301  25.707  -5.638  -25.712 0.0000000000
73184  26.440  8.849  -32.358 0.0000000000
73198  28.185  8.266  -32.977 0.0000000000
74150  27.684  9.619  -32.959 0.0000000000
124480  26.433  10.663  -38.870 0.0000000000
75232  27.016  9.817  -37.649 0.0000000000
137642  21.433  18.516  -37.938 0.0000000000
137386  22.407  16.321  -36.335 0.0000000000
81663  23.611  18.052  -37.040 0.0000000000
133928  25.114  18.128  -43.369 0.0000000000
80830  25.155  16.270  -42.465 0.0000000000
123588  25.802  16.700  -40.526 0.0000000000
79939  25.173  15.063  -42.226 0.0000000000
79044  25.326  13.942  -40.991 0.0000000000
65560  27.914  -0.162  -30.426 0.0000000000
64548  26.846  -0.826  -28.865 0.0000000000
57223  24.239  -7.427  -25.374 0.0000000000
75203  27.323  11.137  -34.249 0.0000000000
77195  27.029  12.455  -34.859 0.0000000000
77226  26.980  12.720  -36.248 0.0000000000
131531  26.346  12.396  -38.892 0.0000000000
65562  24.052  0.388  -29.360 0.0000000000
66565  25.027  1.293  -29.595 0.0000000000
66563  27.456  0.224  -30.474 0.0000000000
67510  28.556  1.088  -30.747 0.0000000000
141852  28.277  4.749  -32.777 0.0000000000
68517  28.658  2.967  -32.990 0.0000000000
69504  29.180  4.225  -34.352 0.0000000000
121433  25.310  5.006  -30.812 0.0000000000
71291  24.803  6.163  -31.505 0.0000000000
71288  27.592  6.186  -31.688 0.0000000000
71304  28.185  6.775  -32.685 0.0000000000
71331  28.425  6.713  -35.517 0.0000000000
71352  28.304  7.246  -37.094 0.0000000000
127844  27.452  9.780  -35.763 0.0000000000
134174  27.492  8.408  -37.576 0.0000000000
134937  23.972  15.448  -35.832 0.0000000000
82609  25.024  18.833  -39.064 0.0000000000
130069  25.710  17.956  -39.155 0.0000000000
80784  25.618  16.853  -37.273 0.0000000000
79879  25.612  15.526  -36.483 0.0000000000
79024  26.369  14.885  -38.366 0.0000000000
79032  25.348  13.082  -40.598 0.0000000000
61412  24.913  -3.569  -27.382 0.0000000000
64550  25.016  -0.901  -28.562 0.0000000000
68516  29.214  2.478  -32.711 0.0000000000
68489  29.378  2.472  -31.425 0.0000000000
78091  25.119  13.829  -34.941 0.0000000000
78977  25.429  14.442  -35.582 0.0000000000
123960  27.788  3.838  -31.729 0.0000000000
55293  24.509  -9.302  -24.325 0.0000000000
125948  24.566  -8.562  -24.598 0.0000000000
59319  25.673  -4.834  -26.304 0.0000000000
74134  25.784  9.386  -32.539 0.0000000000
74133  26.794  9.602  -32.591 0.0000000000
74151  26.934  10.270  -33.039 0.0000000000
76262  26.097  10.461  -39.821 0.0000000000
75249  26.596  9.709  -39.655 0.0000000000
82610  22.308  18.967  -38.017 0.0000000000
82600  21.633  17.880  -37.469 0.0000000000
81664  22.608  17.809  -37.046 0.0000000000
82598  23.875  18.730  -37.485 0.0000000000
132946  24.786  14.024  -42.953 0.0000000000
66552  28.304  0.832  -29.247 0.0000000000
65537  27.490  -0.449  -28.716 0.0000000000
59344  23.865  -5.211  -26.676 0.0000000000
76206  26.834  11.951  -34.358 0.0000000000
76207  25.851  12.075  -34.049 0.0000000000
78107  26.626  13.577  -36.389 0.0000000000
132655  26.828  13.014  -36.984 0.0000000000
77237  26.524  12.577  -37.929 0.0000000000
78150  26.425  13.358  -38.299 0.0000000000
134295  21.848  19.431  -38.710 0.0000000000
131572  23.967  1.682  -29.955 0.0000000000
67513  24.763  2.209  -29.779 0.0000000000
127201  27.327  1.522  -30.626 0.0000000000
67511  26.920  1.148  -30.099 0.0000000000
66578  27.720  0.457  -30.994 0.0000000000
66577  28.110  0.280  -31.122 0.0000000000
67523  28.351  1.188  -31.340 0.0000000000
57222  25.075  -7.304  -25.090 0.0000000000
122955  28.492  5.476  -33.949 0.0000000000
70420  28.526  4.639  -33.438 0.0000000000
137245  28.894  4.681  -34.785 0.0000000000
69467  24.421  4.651  -30.894 0.0000000000
72240  25.278  7.771  -32.094 0.0000000000
72229  26.178  7.231  -31.742 0.0000000000
71290  25.864  6.386  -31.412 0.0000000000
71289  26.782  6.530  -31.487 0.0000000000
136455  28.079  6.255  -32.188 0.0000000000
71305  27.847  6.953  -32.056 0.0000000000
73213  28.141  8.601  -34.372 0.0000000000
73212  28.322  8.025  -33.743 0.0000000000
72269  28.270  7.460  -34.875 0.0000000000
72279  28.072  7.258  -36.115 0.0000000000
75219  27.439  10.927  -35.348 0.0000000000
119645  27.627  10.224  -34.591 0.0000000000
74198  27.182  8.937  -38.255 0.0000000000
73243  27.608  8.568  -38.251 0.0000000000
80769  23.223  16.580  -36.319 0.0000000000
79882  21.776  15.571  -36.376 0.0000000000
79881  23.006  15.741  -35.886 0.0000000000
132387  24.050  16.104  -36.197 0.0000000000
82635  25.192  18.296  -42.540 0.0000000000
82618  25.397  18.474  -39.949 0.0000000000
81689  25.760  17.647  -40.217 0.0000000000
80817  26.136  16.098  -40.090 0.0000000000
81673  26.148  17.211  -38.748 0.0000000000
80806  26.301  16.368  -39.207 0.0000000000
80783  26.202  16.377  -37.721 0.0000000000
79908  26.374  15.704  -38.590 0.0000000000
79897  26.311  15.500  -37.614 0.0000000000
79055  24.954  13.669  -41.998 0.0000000000
126064  25.022  12.712  -41.462 0.0000000000
78187  25.184  11.942  -41.094 0.0000000000
61413  24.085  -3.417  -27.387 0.0000000000
65561  25.170  0.399  -29.226 0.0000000000
64563  24.577  -0.215  -28.886 0.0000000000
64562  25.708  -0.414  -28.881 0.0000000000
63510  26.751  -1.156  -28.435 0.0000000000
63511  26.376  -1.379  -28.365 0.0000000000
63501  26.429  -1.746  -28.058 0.0000000000
62461  26.208  -2.459  -27.684 0.0000000000
68525  29.011  3.352  -33.339 0.0000000000
68515  29.676  3.258  -33.072 0.0000000000
77197  25.352  12.656  -34.300 0.0000000000
78090  25.999  13.743  -35.211 0.0000000000
78976  26.250  14.112  -35.883 0.0000000000
78993  26.365  14.355  -36.642 0.0000000000
68491  25.048  3.478  -30.118 0.0000000000
67526  25.463  2.712  -29.864 0.0000000000
68490  26.165  3.276  -30.156 0.0000000000
136962  27.284  2.580  -30.686 0.0000000000
136180  27.815  2.128  -31.758 0.0000000000
58310  24.975  -6.175  -26.205 0.0000000000
58287  26.009  -6.251  -25.010 0.0000000000
59282  27.059  -5.649  -24.185 0.0000000000
71339  28.699  5.986  -35.425 0.0000000000
70433  29.668  4.668  -35.550 0.0000000000
72239  26.194  8.075  -32.132 0.0000000000
72238  27.484  7.681  -32.111 0.0000000000
73183  27.342  8.994  -32.505 0.0000000000
73199  28.172  8.912  -33.343 0.0000000000
74168  27.939  9.572  -33.893 0.0000000000
76252  26.780  11.194  -37.829 0.0000000000
75240  26.722  10.150  -38.459 0.0000000000
81651  23.373  17.336  -36.671 0.0000000000
81650  24.138  17.553  -36.839 0.0000000000
81702  25.131  17.294  -42.911 0.0000000000
81701  25.429  17.452  -41.860 0.0000000000
81695  25.577  17.259  -40.981 0.0000000000
80823  25.455  16.240  -41.422 0.0000000000
123644  25.664  15.843  -40.738 0.0000000000
79928  25.738  15.096  -40.475 0.0000000000
79929  25.412  14.988  -41.309 0.0000000000
133787  27.436  -0.092  -30.010 0.0000000000
64561  26.796  -0.561  -29.200 0.0000000000
64560  27.460  -0.230  -29.504 0.0000000000
64547  27.200  -0.643  -28.996 0.0000000000
56206  23.851  -8.093  -24.907 0.0000000000
57241  23.871  -6.898  -25.857 0.0000000000
58311  24.243  -6.371  -26.268 0.0000000000
59321  24.484  -5.712  -26.530 0.0000000000
59343  24.678  -4.964  -26.773 0.0000000000
60364  25.058  -4.303  -27.087 0.0000000000
75188  25.875  10.669  -33.243 0.0000000000
75187  26.935  10.852  -33.520 0.0000000000
76190  26.403  11.450  -33.736 0.0000000000
76205  27.304  11.755  -34.832 0.0000000000
76224  27.266  11.969  -35.618 0.0000000000
78074  26.538  13.113  -34.950 0.0000000000
143303  26.983  12.799  -35.369 0.0000000000
76241  27.097  11.676  -36.791 0.0000000000
138975  26.565  11.645  -38.151 0.0000000000
77250  26.343  11.533  -38.946 0.0000000000
77266  25.698  11.476  -39.817 0.0000000000
82611  21.294  19.158  -38.355 0.0000000000
83434  23.657  19.606  -38.333 0.0000000000
138620  24.327  0.926  -29.605 0.0000000000
66564  26.306  0.690  -29.624 0.0000000000
67512  25.815  1.792  -29.681 0.0000000000
65574  27.934  -0.104  -30.867 0.0000000000
66562  28.352  0.399  -30.512 0.0000000000
67500  28.597  1.511  -29.592 0.0000000000
70387  27.661  5.050  -31.610 0.0000000000
123123  28.123  4.285  -32.305 0.0000000000
69480  28.526  3.859  -32.930 0.0000000000
69492  28.884  3.890  -33.524 0.0000000000
68535  29.618  3.850  -34.305 0.0000000000
69512  30.350  4.134  -35.421 0.0000000000
68534  30.326  3.807  -34.956 0.0000000000
69502  30.715  3.806  -34.747 0.0000000000
69455  24.557  3.995  -30.450 0.0000000000
69454  25.559  4.233  -30.432 0.0000000000
69466  26.356  4.879  -30.736 0.0000000000
70390  24.608  5.398  -31.257 0.0000000000
70388  26.855  5.668  -31.138 0.0000000000
70404  28.091  5.428  -32.144 0.0000000000
124573  28.267  5.692  -32.948 0.0000000000
71320  28.333  6.482  -33.562 0.0000000000
72237  28.010  7.606  -32.560 0.0000000000
72268  28.357  7.156  -34.000 0.0000000000
71330  28.439  6.311  -34.644 0.0000000000
71351  28.962  6.706  -36.637 0.0000000000
75186  27.469  10.320  -33.649 0.0000000000
129404  27.756  9.214  -35.072 0.0000000000
120816  27.292  10.161  -36.424 0.0000000000
74192  27.323  9.285  -37.041 0.0000000000
125737  27.519  8.758  -36.344 0.0000000000
73233  27.758  7.861  -36.858 0.0000000000
79866  23.428  14.798  -35.513 0.0000000000
83444  23.914  19.772  -38.869 0.0000000000
83443  24.403  19.546  -39.452 0.0000000000
83433  24.374  19.306  -38.499 0.0000000000
142260  24.811  18.817  -38.408 0.0000000000
141513  24.941  18.246  -37.728 0.0000000000
81661  25.314  17.703  -37.638 0.0000000000
80807  26.132  17.038  -39.688 0.0000000000
80767  25.090  16.356  -36.620 0.0000000000
79880  24.799  15.578  -36.156 0.0000000000
78995  25.309  15.072  -36.038 0.0000000000
79878  26.195  15.188  -36.847 0.0000000000
79013  26.409  14.464  -37.638 0.0000000000
79043  25.783  14.277  -40.128 0.0000000000
129665  25.873  13.513  -39.751 0.0000000000
133725  26.359  13.984  -38.800 0.0000000000
78169  26.109  12.846  -39.333 0.0000000000
78170  25.407  12.252  -40.233 0.0000000000
61411  25.547  -3.668  -27.224 0.0000000000
63513  24.309  -1.427  -28.313 0.0000000000
64549  26.038  -1.033  -28.624 0.0000000000
63512  25.296  -1.547  -28.268 0.0000000000
62477  25.460  -2.143  -27.969 0.0000000000
62462  25.606  -2.817  -27.620 0.0000000000
61410  26.055  -3.194  -27.281 0.0000000000
69481  28.147  3.122  -32.626 0.0000000000
68518  28.412  2.283  -32.680 0.0000000000
67544  28.410  1.805  -32.147 0.0000000000
68502  29.698  3.187  -32.350 0.0000000000
68503  29.366  2.328  -32.245 0.0000000000
67537  28.987  1.743  -32.119 0.0000000000
67522  29.039  1.706  -31.153 0.0000000000
56186  24.003  -8.841  -24.579 0.0000000000
58288  25.349  -6.530  -25.488 0.0000000000
59320  25.150  -5.404  -26.466 0.0000000000
60346  25.598  -4.274  -26.821 0.0000000000
61394  25.947  -3.796  -26.941 0.0000000000
62460  26.655  -2.046  -27.442 0.0000000000
62478  24.589  -2.030  -27.902 0.0000000000
65547  28.103  -0.107  -30.193 0.0000000000
65548  27.649  -0.241  -29.656 0.0000000000
65559  28.122  -0.082  -30.881 0.0000000000
66576  28.289  0.349  -31.044 0.0000000000
67542  29.062  1.958  -32.572 0.0000000000
67543  28.783  1.939  -32.527 0.0000000000
68523  30.076  3.748  -34.246 0.0000000000
68524  29.471  3.571  -33.504 0.0000000000
68536  29.230  3.825  -33.728 0.0000000000
69452  27.582  3.329  -31.180 0.0000000000
69491  30.617  3.844  -34.186 0.0000000000
69503  29.629  4.062  -34.979 0.0000000000
69513  29.179  4.471  -35.030 0.0000000000
70389  25.621  5.633  -31.071 0.0000000000
70427  28.798  4.654  -34.179 0.0000000000
70434  28.983  5.132  -35.364 0.0000000000
71340  28.609  6.664  -36.176 0.0000000000
72228  27.197  7.071  -31.739 0.0000000000
72252  28.273  7.431  -33.220 0.0000000000
73182  27.723  8.325  -32.507 0.0000000000
73185  25.476  8.587  -32.353 0.0000000000
74132  27.926  8.906  -32.793 0.0000000000
74152  26.114  9.986  -32.845 0.0000000000
76240  27.000  10.753  -37.446 0.0000000000
77196  26.307  12.616  -34.529 0.0000000000
78075  25.748  13.260  -34.671 0.0000000000
79865  24.570  14.959  -35.697 0.0000000000
79898  25.965  16.035  -37.002 0.0000000000
80785  24.852  17.275  -36.969 0.0000000000
80796  26.298  16.617  -38.399 0.0000000000
80797  26.053  17.176  -37.930 0.0000000000
81652  22.492  17.038  -36.578 0.0000000000
81662  24.501  18.067  -37.319 0.0000000000
81674  25.743  17.729  -38.299 0.0000000000
82597  24.567  18.728  -37.885 0.0000000000
82608  25.230  18.352  -38.255 0.0000000000
83423  24.009  19.252  -37.897 0.0000000000
83435  22.813  19.596  -38.443 0.0000000000
83442  24.936  19.057  -39.884 0.0000000000
126119  26.272  14.647  -39.241 0.0000000000
128960  29.095  2.835  -33.089 0.0000000000
129424  25.234  -4.772  -26.730 0.0000000000
130592  25.850  -1.657  -28.298 0.0000000000
130611  27.018  8.300  -32.210 0.0000000000
133353  26.828  12.191  -37.287 0.0000000000
135929  26.861  -1.480  -27.836 0.0000000000
137274  24.604  2.925  -29.965 0.0000000000
138912  28.839  2.232  -32.803 0.0000000000
139823  23.888  -5.929  -26.492 0.0000000000
142420  22.221  18.366  -37.508 0.0000000000
