#!ascii label  , from subject sub-p004 vox2ras=TkReg
418
33641  -38.275  -34.689  -40.352 0.6999999881
34804  -37.864  -33.489  -40.851 0.6000000238
126033  -37.851  -33.954  -41.332 0.6000000238
34812  -37.078  -33.337  -43.124 0.4000000060
32417  -35.761  -35.758  -34.306 0.6999999881
33586  -35.898  -34.419  -34.394 0.6999999881
31251  -36.347  -36.013  -34.747 0.6999999881
32418  -36.188  -35.181  -34.523 0.6000000238
32426  -36.764  -35.245  -35.085 0.6999999881
33587  -36.491  -34.470  -34.938 0.6000000238
32427  -37.298  -35.328  -35.690 0.6000000238
33595  -37.036  -34.542  -35.578 0.6000000238
32451  -38.069  -34.999  -36.892 0.6000000238
34762  -37.194  -33.914  -36.223 0.6000000238
34773  -37.177  -33.366  -36.907 0.5000000000
130582  -37.556  -33.513  -37.532 0.5000000000
34782  -37.061  -32.992  -37.635 0.5000000000
35951  -37.321  -32.792  -38.998 0.6000000238
34796  -38.367  -33.987  -39.091 0.6000000238
35968  -37.643  -32.874  -40.056 0.6000000238
35967  -36.850  -32.132  -40.649 0.6000000238
33570  -35.332  -34.402  -33.829 0.6000000238
34739  -35.499  -33.523  -34.386 0.6000000238
34749  -35.986  -33.321  -35.130 0.6000000238
134202  -35.445  -32.362  -35.703 0.6000000238
34750  -36.549  -33.727  -35.530 0.6000000238
35924  -36.684  -33.302  -36.296 0.6000000238
35937  -36.440  -32.712  -36.937 0.6000000238
35936  -35.767  -32.188  -37.523 0.6000000238
124824  -37.024  -32.764  -38.295 0.6000000238
120327  -36.454  -32.516  -37.910 0.6999999881
121677  -36.565  -32.431  -38.711 0.6000000238
35959  -36.022  -32.077  -39.151 0.6000000238
35972  -37.441  -32.678  -41.279 0.5000000000
35971  -36.808  -31.900  -41.805 0.5000000000
33569  -34.753  -34.410  -33.320 0.6000000238
34717  -35.031  -33.814  -33.639 0.6000000238
34738  -34.804  -33.016  -33.716 0.6000000238
35891  -35.114  -32.712  -34.519 0.6000000238
35892  -35.546  -32.798  -35.113 0.6000000238
126112  -35.017  -32.237  -35.119 0.6000000238
35908  -34.986  -31.851  -35.854 0.6000000238
37030  -34.857  -31.579  -36.629 0.6000000238
35923  -35.549  -32.180  -36.542 0.6000000238
37041  -35.197  -31.781  -37.250 0.6999999881
35960  -36.754  -32.309  -39.579 0.6000000238
117881  -37.230  -32.482  -42.448 0.4000000060
34698  -34.039  -33.692  -32.429 0.6000000238
34716  -34.564  -33.732  -33.093 0.6000000238
118415  -34.603  -32.092  -34.311 0.6000000238
37018  -34.513  -31.611  -35.172 0.5000000000
127417  -34.421  -31.292  -35.965 0.6000000238
37057  -34.421  -31.362  -38.571 0.6000000238
37058  -35.150  -31.758  -38.059 0.6000000238
35950  -35.828  -32.140  -38.409 0.6000000238
37065  -35.172  -31.700  -39.108 0.6000000238
119662  -34.857  -31.495  -40.019 0.6000000238
37073  -35.102  -31.344  -40.847 0.6000000238
37074  -36.049  -31.550  -41.228 0.6000000238
37081  -36.111  -31.246  -42.205 0.4000000060
35843  -34.333  -32.992  -32.784 0.6000000238
35868  -34.424  -32.224  -33.274 0.6000000238
36993  -34.335  -31.418  -33.777 0.5000000000
37005  -34.286  -31.335  -34.579 0.5000000000
132054  -33.952  -30.886  -35.278 0.6000000238
38059  -33.545  -30.206  -35.848 0.6000000238
37017  -33.884  -30.761  -36.252 0.6999999881
37029  -33.868  -30.776  -37.175 0.6999999881
37040  -34.529  -31.334  -37.501 0.6999999881
37039  -33.817  -30.907  -38.167 0.6000000238
37056  -33.758  -31.053  -38.998 0.6000000238
37064  -34.131  -31.275  -39.605 0.6000000238
37072  -34.190  -31.152  -40.560 0.6000000238
37080  -35.251  -31.103  -41.763 0.5000000000
37085  -35.482  -30.734  -42.317 0.4000000060
35842  -33.901  -32.951  -31.960 0.6000000238
120660  -34.213  -32.236  -32.326 0.6000000238
38046  -34.085  -30.721  -34.377 0.6000000238
39097  -34.161  -29.803  -34.185 0.5000000000
38045  -33.652  -30.162  -35.013 0.5000000000
118585  -33.409  -29.658  -35.628 0.5000000000
39120  -33.096  -29.558  -36.378 0.5000000000
38069  -33.399  -30.245  -36.736 0.6000000238
39119  -32.667  -28.897  -36.497 0.5000000000
39135  -32.933  -29.786  -37.124 0.5000000000
121670  -32.516  -29.191  -37.077 0.4000000060
38082  -33.150  -30.291  -37.787 0.6999999881
39134  -32.493  -29.590  -37.803 0.4000000060
38081  -32.434  -29.979  -38.646 0.5000000000
38091  -33.063  -30.615  -38.991 0.6000000238
38090  -32.242  -30.189  -39.633 0.5000000000
37063  -33.383  -30.951  -39.625 0.6000000238
39156  -31.657  -29.745  -40.086 0.5000000000
37071  -33.377  -30.957  -40.331 0.6000000238
37084  -34.668  -30.707  -42.015 0.5000000000
38100  -32.743  -30.682  -40.045 0.6000000238
37078  -33.543  -30.769  -41.096 0.6000000238
37079  -34.384  -30.948  -41.398 0.6000000238
36958  -34.201  -31.497  -31.869 0.5000000000
36977  -34.357  -31.480  -32.792 0.5000000000
131433  -34.390  -30.623  -33.342 0.5000000000
39096  -33.658  -29.340  -35.063 0.4000000060
39107  -33.135  -28.931  -35.832 0.5000000000
41168  -31.584  -27.642  -37.288 0.4000000060
40140  -32.101  -28.391  -37.025 0.4000000060
40139  -31.554  -28.114  -37.688 0.4000000060
39133  -31.854  -28.872  -37.868 0.5000000000
120727  -31.988  -29.412  -38.472 0.5000000000
39144  -31.429  -28.966  -38.853 0.5000000000
39145  -31.787  -29.589  -39.263 0.5000000000
38116  -33.676  -30.149  -42.018 0.5000000000
133462  -34.313  -30.352  -42.132 0.5000000000
38104  -32.773  -30.584  -40.835 0.6000000238
38109  -33.898  -30.546  -41.723 0.5000000000
40117  -33.670  -28.432  -35.259 0.4000000060
40130  -33.142  -28.141  -35.797 0.5000000000
40129  -32.631  -28.267  -36.319 0.5000000000
42184  -32.145  -26.787  -36.359 0.5000000000
40159  -31.085  -28.373  -39.290 0.5000000000
38107  -32.890  -29.878  -41.709 0.5000000000
39172  -33.885  -29.453  -41.914 0.3000000119
41193  -30.866  -27.529  -38.860 0.5000000000
39164  -31.428  -29.277  -40.284 0.5000000000
38103  -32.335  -30.141  -41.178 0.5000000000
41156  -32.714  -27.517  -36.047 0.4000000060
41169  -32.037  -27.577  -36.677 0.4000000060
135582  -32.372  -26.191  -35.995 0.4000000060
42183  -31.266  -26.688  -37.216 0.4000000060
41182  -31.091  -27.352  -38.001 0.4000000060
42195  -30.669  -26.068  -37.744 0.4000000060
41181  -30.749  -26.753  -38.494 0.5000000000
40183  -33.210  -28.245  -41.010 0.4000000060
40172  -31.208  -28.628  -39.987 0.5000000000
40182  -32.316  -28.755  -41.116 0.5000000000
41207  -30.996  -27.686  -39.591 0.5000000000
41216  -31.359  -28.157  -40.206 0.5000000000
40181  -31.572  -28.915  -40.694 0.5000000000
43192  -30.818  -25.476  -37.210 0.4000000060
42194  -30.613  -26.135  -38.244 0.4000000060
41217  -32.146  -28.027  -40.563 0.5000000000
41206  -30.780  -26.860  -39.047 0.5000000000
43204  -30.592  -25.489  -37.961 0.4000000060
124691  -32.382  -27.349  -40.028 0.4000000060
41218  -33.168  -27.648  -40.246 0.3000000119
42210  -30.729  -26.317  -38.661 0.5000000000
42222  -31.222  -26.820  -39.399 0.5000000000
41208  -31.604  -27.437  -39.948 0.5000000000
43191  -30.649  -24.699  -37.567 0.4000000060
42223  -32.061  -26.700  -39.552 0.3000000119
41209  -33.087  -27.098  -39.551 0.3000000119
43222  -30.741  -25.752  -38.470 0.4000000060
43223  -31.141  -25.563  -38.600 0.4000000060
42211  -30.955  -26.234  -38.882 0.5000000000
42212  -31.489  -26.179  -39.017 0.5000000000
44180  -30.792  -24.070  -37.713 0.4000000060
41194  -33.011  -26.534  -38.837 0.3000000119
43224  -31.836  -25.548  -38.681 0.4000000060
44181  -31.221  -24.149  -37.983 0.4000000060
44197  -31.479  -24.845  -38.361 0.4000000060
46184  -30.801  -22.881  -37.204 0.5000000000
42196  -32.790  -25.857  -38.380 0.3000000119
43206  -33.438  -25.451  -37.683 0.4000000060
42197  -33.888  -26.418  -37.935 0.4000000060
45204  -31.043  -23.498  -37.589 0.4000000060
44182  -32.018  -24.234  -38.003 0.5000000000
43205  -32.399  -25.031  -38.185 0.4000000060
45206  -32.615  -23.785  -37.322 0.4000000060
44183  -33.036  -24.559  -37.535 0.4000000060
44169  -33.708  -24.077  -36.879 0.4000000060
43207  -34.541  -25.712  -37.350 0.3000000119
46185  -31.351  -22.866  -37.298 0.5000000000
45189  -33.330  -23.314  -36.664 0.4000000060
45190  -34.470  -23.516  -36.489 0.3000000119
46170  -30.956  -22.113  -36.901 0.5000000000
46172  -32.989  -22.525  -36.495 0.4000000060
44170  -34.904  -24.261  -36.725 0.3000000119
45205  -31.665  -23.567  -37.629 0.5000000000
47149  -33.826  -22.006  -36.007 0.4000000060
46173  -34.115  -22.785  -36.274 0.4000000060
48124  -31.039  -20.674  -36.030 0.5000000000
134097  -35.060  -22.968  -36.356 0.3000000119
47147  -31.490  -21.491  -36.505 0.5000000000
46171  -31.878  -22.247  -36.863 0.5000000000
47148  -32.630  -21.726  -36.264 0.5000000000
45188  -32.238  -23.056  -37.046 0.5000000000
47135  -34.801  -21.344  -35.778 0.4000000060
125767  -31.095  -19.897  -35.652 0.5000000000
47133  -32.302  -20.917  -35.924 0.5000000000
115087  -34.953  -22.286  -36.120 0.3000000119
48113  -32.038  -20.091  -35.676 0.5000000000
34805  -38.263  -33.842  -39.950 0.6000000238
34808  -37.537  -33.364  -41.858 0.5000000000
34774  -37.768  -34.102  -37.008 0.6000000238
131418  -35.876  -31.747  -40.051 0.6000000238
132835  -34.325  -31.138  -36.690 0.6999999881
39165  -31.754  -29.714  -40.732 0.5000000000
38108  -33.108  -30.365  -41.465 0.5000000000
40149  -31.261  -28.209  -38.438 0.5000000000
118760  -32.187  -26.142  -38.945 0.4000000060
44184  -34.122  -24.871  -37.109 0.3000000119
24224  -34.558  -43.012  -40.879 0.5000000000
24244  -35.588  -42.566  -41.529 0.5000000000
23088  -34.899  -42.992  -41.468 0.5000000000
26673  -37.598  -41.029  -42.313 0.5000000000
25481  -37.067  -41.838  -42.054 0.5000000000
132474  -36.000  -42.714  -42.077 0.4000000060
116570  -34.466  -42.729  -40.238 0.5000000000
25467  -35.783  -41.835  -41.063 0.6000000238
24225  -35.133  -42.417  -40.731 0.6000000238
26672  -36.875  -40.806  -41.699 0.5000000000
25468  -36.381  -41.399  -41.386 0.5000000000
27950  -37.807  -39.406  -42.823 0.4000000060
25424  -34.689  -41.936  -38.011 0.6999999881
25425  -35.399  -41.559  -38.298 0.6999999881
26623  -35.919  -41.125  -39.654 0.6999999881
116953  -36.322  -40.190  -40.719 0.5000000000
125735  -36.150  -40.757  -40.209 0.6999999881
27939  -37.165  -39.963  -42.134 0.5000000000
131448  -36.634  -39.996  -41.529 0.5000000000
26661  -36.396  -40.479  -41.157 0.5000000000
30271  -36.784  -37.484  -43.511 0.5000000000
29162  -36.732  -38.923  -42.393 0.5000000000
115770  -32.120  -41.166  -37.101 0.5000000000
25410  -32.821  -41.690  -37.098 0.6999999881
132719  -34.871  -41.145  -36.800 0.6999999881
25412  -34.578  -41.595  -37.309 0.6999999881
25397  -35.402  -41.247  -37.356 0.6999999881
25435  -35.468  -41.594  -39.299 0.6000000238
120435  -36.458  -39.985  -40.198 0.6999999881
29161  -36.199  -38.537  -42.002 0.5000000000
29145  -36.294  -38.817  -41.459 0.6000000238
115918  -36.350  -39.346  -40.855 0.6000000238
29169  -36.255  -37.896  -42.643 0.5000000000
31359  -36.347  -36.628  -44.006 0.5000000000
26577  -33.675  -40.477  -36.423 0.5000000000
26578  -34.579  -40.643  -36.401 0.6999999881
126144  -36.089  -41.024  -37.978 0.6999999881
27846  -37.378  -39.381  -37.547 0.6999999881
26580  -36.190  -40.217  -36.638 0.6999999881
26624  -36.352  -40.601  -39.503 0.8000000119
27887  -37.339  -39.077  -39.326 0.6999999881
29129  -36.278  -38.498  -41.072 0.6000000238
29114  -36.729  -39.046  -40.206 0.6999999881
118467  -35.993  -37.901  -41.881 0.6999999881
30270  -35.970  -36.987  -43.307 0.6000000238
30256  -35.857  -37.099  -42.645 0.6000000238
31358  -35.755  -36.222  -43.786 0.6000000238
27823  -32.911  -39.721  -36.541 0.5000000000
27824  -33.736  -39.524  -36.118 0.6000000238
27807  -34.483  -39.406  -35.817 0.6000000238
27825  -34.996  -40.060  -36.016 0.6000000238
27826  -35.773  -39.886  -36.137 0.6999999881
120597  -37.561  -38.760  -37.123 0.6999999881
29063  -37.348  -38.319  -36.425 0.6000000238
27867  -37.108  -40.039  -38.113 0.6999999881
29084  -37.765  -38.702  -37.883 0.6999999881
135058  -36.050  -37.424  -41.692 0.6999999881
30255  -35.751  -36.503  -43.234 0.6999999881
117381  -35.884  -37.060  -42.121 0.6999999881
29061  -33.252  -38.812  -36.292 0.5000000000
29044  -34.762  -38.732  -35.458 0.6000000238
29046  -36.221  -38.579  -35.616 0.6000000238
29062  -36.701  -38.868  -36.080 0.6000000238
29096  -37.717  -38.563  -38.794 0.8000000119
30208  -38.289  -37.153  -38.574 0.5000000000
30185  -37.692  -37.469  -36.585 0.6000000238
30232  -37.451  -37.550  -39.942 0.6999999881
30219  -38.070  -37.006  -39.407 0.6999999881
31335  -36.825  -35.982  -41.451 0.6999999881
31321  -37.212  -36.425  -40.777 0.6999999881
32518  -35.493  -35.243  -44.001 0.5000000000
32507  -35.680  -35.622  -43.282 0.6999999881
32519  -35.729  -35.022  -43.534 0.5000000000
30184  -33.308  -38.004  -36.058 0.5000000000
30171  -33.757  -37.795  -35.384 0.5000000000
30163  -35.362  -37.315  -34.722 0.6000000238
115298  -34.359  -38.141  -35.291 0.6000000238
30172  -35.077  -38.066  -35.101 0.6000000238
30173  -35.999  -37.917  -35.189 0.6000000238
30164  -36.264  -36.942  -34.922 0.6000000238
29047  -36.742  -38.144  -35.710 0.6000000238
119535  -36.984  -36.753  -35.470 0.6000000238
32462  -38.494  -35.758  -38.287 0.6000000238
31280  -38.355  -36.235  -37.564 0.5000000000
129649  -37.434  -36.080  -35.848 0.5000000000
32492  -38.299  -35.491  -39.946 0.6000000238
32476  -38.466  -35.620  -39.133 0.6000000238
32502  -37.309  -35.110  -41.702 0.6000000238
32491  -37.741  -35.496  -40.818 0.6000000238
33644  -37.401  -34.197  -42.115 0.5000000000
30162  -34.388  -37.520  -34.809 0.6000000238
31250  -35.603  -36.475  -34.445 0.6000000238
32440  -37.734  -35.507  -36.321 0.5000000000
33629  -38.460  -34.720  -39.367 0.4000000060
33620  -38.418  -34.422  -38.447 0.5000000000
33612  -38.281  -34.612  -37.615 0.5000000000
33640  -37.859  -34.565  -41.167 0.6000000238
30170  -33.072  -37.313  -35.568 0.5000000000
125160  -34.035  -37.008  -34.356 0.6000000238
31249  -34.746  -36.794  -34.320 0.6000000238
34784  -38.161  -33.762  -38.552 0.5000000000
33619  -38.076  -33.891  -37.867 0.4000000060
126791  -32.404  -36.876  -35.820 0.5000000000
127946  -33.466  -36.813  -34.258 0.5000000000
31237  -34.030  -36.415  -33.781 0.6000000238
32403  -35.025  -35.946  -33.888 0.6000000238
118832  -31.930  -36.584  -35.294 0.5000000000
134596  -32.655  -36.784  -34.714 0.5000000000
31236  -33.057  -36.461  -33.726 0.6000000238
126499  -34.931  -35.101  -33.528 0.6000000238
32416  -31.287  -36.203  -35.300 0.5000000000
31235  -32.184  -36.294  -33.807 0.5000000000
32400  -32.578  -35.921  -33.170 0.5000000000
32401  -33.449  -35.854  -33.166 0.6000000238
32402  -34.280  -35.594  -33.318 0.6000000238
129430  -31.413  -35.937  -33.789 0.5000000000
32399  -31.873  -35.829  -33.260 0.5000000000
32415  -30.718  -35.473  -33.891 0.5000000000
33563  -34.215  -34.400  -32.778 0.5000000000
32398  -31.251  -35.295  -33.091 0.5000000000
32393  -32.900  -35.363  -32.663 0.5000000000
33585  -30.129  -34.901  -34.293 0.5000000000
33562  -32.429  -34.781  -32.317 0.5000000000
127488  -33.555  -34.316  -32.342 0.4000000060
33568  -30.452  -34.755  -33.456 0.5000000000
33561  -31.649  -34.688  -32.399 0.5000000000
33554  -32.850  -34.221  -31.974 0.4000000060
129605  -33.099  -34.778  -32.371 0.4000000060
34697  -31.286  -33.916  -31.996 0.4000000060
33553  -32.082  -34.138  -31.856 0.4000000060
34681  -32.615  -33.530  -31.510 0.4000000060
33647  -36.532  -34.440  -43.223 0.4000000060
131194  -37.811  -36.178  -36.402 0.6000000238
34682  -33.398  -33.619  -31.854 0.4000000060
35819  -33.795  -32.178  -31.545 0.4000000060
26608  -36.564  -40.571  -38.579 0.6999999881
30218  -37.882  -37.788  -39.117 0.6999999881
30231  -36.292  -37.689  -41.216 0.6999999881
124392  -36.903  -37.234  -40.653 0.6999999881
30197  -38.264  -37.158  -37.657 0.6000000238
30175  -37.227  -37.521  -35.893 0.6000000238
31334  -36.133  -36.337  -42.103 0.6999999881
31292  -38.403  -36.393  -38.878 0.6999999881
31306  -37.651  -36.776  -40.135 0.6999999881
32508  -36.102  -35.257  -42.884 0.6000000238
24186  -33.391  -42.305  -37.622 0.6999999881
24187  -34.107  -42.047  -37.658 0.6999999881
24245  -36.290  -42.218  -41.723 0.4000000060
24264  -36.561  -42.490  -42.388 0.5000000000
25395  -33.427  -41.203  -36.784 0.5000000000
25396  -34.150  -41.187  -36.761 0.6999999881
25411  -33.753  -41.713  -37.158 0.6999999881
25434  -34.854  -42.085  -38.865 0.6000000238
25449  -35.609  -41.532  -40.239 0.6999999881
25450  -36.140  -41.034  -40.733 0.5000000000
26579  -35.459  -40.637  -36.569 0.6999999881
26591  -36.139  -40.668  -37.195 0.6999999881
26592  -36.792  -40.002  -37.151 0.6999999881
26607  -36.014  -41.128  -38.892 0.6000000238
27806  -33.916  -38.655  -35.718 0.5000000000
27808  -35.290  -39.350  -35.726 0.6000000238
27809  -36.058  -39.203  -35.809 0.6000000238
27827  -36.490  -39.605  -36.371 0.6999999881
27828  -37.128  -39.210  -36.722 0.6000000238
27868  -37.460  -39.311  -38.488 0.6999999881
27886  -36.968  -39.876  -39.254 0.8000000119
27928  -36.399  -39.626  -41.194 0.6000000238
27938  -36.476  -39.259  -41.751 0.5000000000
29045  -35.577  -38.656  -35.458 0.6000000238
29115  -37.332  -38.365  -39.675 0.6999999881
29130  -36.736  -38.068  -40.487 0.6999999881
29170  -37.312  -38.412  -43.100 0.4000000060
30174  -36.647  -37.467  -35.404 0.6000000238
30196  -37.886  -37.995  -37.248 0.6000000238
30207  -38.083  -37.937  -38.205 0.5000000000
31248  -31.721  -36.332  -34.534 0.5000000000
31255  -33.532  -37.248  -34.819 0.6000000238
31256  -36.935  -35.967  -35.297 0.6999999881
31257  -37.559  -36.803  -36.146 0.5000000000
31266  -38.144  -35.828  -36.900 0.6000000238
31279  -38.038  -36.716  -36.888 0.6000000238
31307  -38.217  -36.247  -39.644 0.6999999881
31320  -36.389  -36.896  -41.411 0.6999999881
31322  -37.869  -36.103  -40.270 0.6999999881
31346  -35.629  -35.898  -43.573 0.5000000000
31347  -35.730  -36.368  -42.819 0.6999999881
31367  -35.588  -35.625  -44.096 0.6000000238
32392  -32.082  -35.401  -32.716 0.5000000000
32394  -33.740  -35.084  -32.735 0.6000000238
32395  -34.408  -34.951  -33.089 0.5000000000
32452  -38.373  -35.402  -37.540 0.5000000000
32501  -36.504  -35.593  -42.180 0.6999999881
32509  -36.835  -34.889  -42.406 0.6000000238
33560  -30.853  -34.418  -32.661 0.5000000000
33596  -37.546  -34.712  -36.267 0.5000000000
33613  -38.504  -35.044  -38.094 0.5000000000
34740  -36.152  -33.852  -34.821 0.6000000238
34783  -37.596  -33.297  -38.286 0.4000000060
34795  -37.968  -33.389  -39.150 0.5000000000
35818  -33.203  -32.783  -31.306 0.4000000060
35909  -36.070  -32.860  -35.877 0.6000000238
38099  -32.143  -30.240  -40.496 0.5000000000
39155  -31.331  -29.128  -39.688 0.5000000000
39171  -32.168  -29.501  -41.256 0.5000000000
40193  -32.965  -29.110  -41.534 0.4000000060
44196  -30.846  -24.895  -38.167 0.4000000060
45203  -30.710  -23.495  -37.369 0.5000000000
119294  -34.289  -40.043  -36.112 0.5000000000
119374  -35.915  -35.860  -42.648 0.6999999881
128399  -38.145  -34.088  -40.741 0.6999999881
128556  -38.516  -35.105  -38.658 0.5000000000
129174  -35.571  -35.149  -34.022 0.6999999881
131715  -37.990  -37.355  -37.078 0.6000000238
133783  -36.603  -40.514  -37.772 0.6999999881
134694  -38.432  -36.544  -38.183 0.5000000000
136123  -36.628  -36.418  -35.100 0.6000000238
136776  -30.743  -26.589  -37.945 0.4000000060
137738  -35.031  -41.613  -37.724 0.6999999881
