#!ascii label  , from subject sub-p004 vox2ras=TkReg
323
20795  38.345  -43.596  -25.487 0.0000000000
20848  39.547  -44.303  -32.367 0.0000000000
122842  41.044  -49.659  -27.633 0.0000000000
18452  35.035  -46.868  -29.250 0.0000000000
14016  38.500  -50.029  -33.507 0.0000000000
13960  38.904  -50.236  -30.137 0.0000000000
12918  36.829  -51.942  -31.494 0.0000000000
19631  36.202  -45.233  -31.693 0.0000000000
121604  33.569  -42.275  -30.838 0.0000000000
19557  41.485  -46.243  -27.139 0.0000000000
17282  38.105  -47.836  -28.164 0.0000000000
16149  37.389  -48.552  -31.242 0.0000000000
18486  38.468  -47.145  -33.450 0.0000000000
17347  38.018  -48.248  -35.520 0.0000000000
19482  36.946  -45.718  -22.711 0.0000000000
17207  41.850  -47.436  -23.378 0.0000000000
13871  42.651  -49.762  -23.668 0.0000000000
23192  32.972  -42.634  -27.754 0.0000000000
11885  37.226  -52.358  -30.347 0.0000000000
133416  37.892  -45.002  -32.284 0.0000000000
22060  36.443  -43.544  -31.596 0.0000000000
16099  41.852  -47.695  -27.326 0.0000000000
123230  40.458  -48.021  -27.953 0.0000000000
15053  38.687  -50.070  -31.867 0.0000000000
15031  38.007  -49.580  -30.132 0.0000000000
16147  38.548  -49.436  -32.387 0.0000000000
17323  38.072  -47.712  -32.856 0.0000000000
134458  38.612  -48.274  -33.631 0.0000000000
17374  38.311  -47.019  -36.083 0.0000000000
14937  42.856  -49.302  -20.937 0.0000000000
16057  43.358  -48.483  -23.248 0.0000000000
13865  42.168  -50.265  -22.252 0.0000000000
19601  36.030  -46.140  -27.889 0.0000000000
20819  33.578  -44.275  -28.437 0.0000000000
118651  34.459  -39.810  -30.684 0.0000000000
25514  33.093  -40.788  -30.340 0.0000000000
12882  39.988  -51.117  -27.839 0.0000000000
13958  39.929  -49.893  -28.691 0.0000000000
12894  38.513  -51.681  -29.668 0.0000000000
12906  37.911  -51.719  -31.225 0.0000000000
12932  37.721  -51.305  -32.423 0.0000000000
19615  34.929  -46.152  -30.679 0.0000000000
19617  33.703  -45.164  -30.098 0.0000000000
20852  34.816  -44.237  -31.293 0.0000000000
24384  35.017  -41.734  -31.350 0.0000000000
22081  39.788  -43.768  -33.627 0.0000000000
20793  39.572  -44.290  -26.303 0.0000000000
18424  38.012  -45.969  -27.718 0.0000000000
18444  36.313  -47.116  -28.288 0.0000000000
16128  39.204  -49.415  -28.864 0.0000000000
16116  36.906  -48.492  -29.257 0.0000000000
17299  35.966  -47.600  -30.143 0.0000000000
18470  36.557  -46.832  -31.535 0.0000000000
18487  37.845  -46.726  -32.789 0.0000000000
19647  38.868  -45.463  -33.091 0.0000000000
15119  38.273  -49.231  -34.390 0.0000000000
16214  38.738  -48.096  -35.145 0.0000000000
18499  39.244  -46.727  -34.939 0.0000000000
122616  39.411  -45.385  -34.506 0.0000000000
20773  36.407  -44.369  -23.994 0.0000000000
19521  38.103  -45.000  -24.454 0.0000000000
18333  39.567  -46.826  -22.885 0.0000000000
19520  39.709  -45.476  -25.072 0.0000000000
18370  42.089  -46.784  -25.224 0.0000000000
17242  42.963  -47.452  -25.762 0.0000000000
14977  41.916  -49.890  -25.989 0.0000000000
12833  40.493  -51.266  -25.487 0.0000000000
13911  40.851  -50.897  -26.492 0.0000000000
23207  32.522  -42.352  -29.613 0.0000000000
21999  37.911  -42.807  -25.683 0.0000000000
23142  37.459  -41.987  -25.795 0.0000000000
23151  37.895  -42.396  -26.269 0.0000000000
20861  38.716  -44.800  -32.459 0.0000000000
20849  37.809  -44.373  -31.996 0.0000000000
16100  41.441  -48.380  -27.574 0.0000000000
17279  40.969  -47.841  -27.819 0.0000000000
16111  40.973  -48.451  -27.919 0.0000000000
15075  38.691  -49.947  -32.826 0.0000000000
16171  38.398  -48.665  -32.765 0.0000000000
16170  38.592  -49.297  -33.353 0.0000000000
18509  36.549  -46.240  -36.066 0.0000000000
128976  42.925  -49.562  -21.471 0.0000000000
18446  34.823  -46.340  -28.747 0.0000000000
19584  34.966  -45.095  -27.866 0.0000000000
124695  34.384  -45.650  -28.586 0.0000000000
26691  33.979  -39.225  -30.308 0.0000000000
12884  38.750  -51.987  -28.695 0.0000000000
11871  38.076  -52.333  -29.096 0.0000000000
11898  36.967  -52.229  -31.040 0.0000000000
118023  37.718  -52.000  -30.658 0.0000000000
12917  37.436  -51.770  -31.636 0.0000000000
12916  38.126  -51.417  -31.951 0.0000000000
12933  37.204  -51.611  -32.034 0.0000000000
19632  35.532  -45.702  -31.330 0.0000000000
19633  34.776  -45.274  -31.056 0.0000000000
20851  35.582  -44.831  -31.496 0.0000000000
23229  36.310  -42.712  -31.486 0.0000000000
24383  36.029  -41.822  -31.401 0.0000000000
24366  35.555  -41.031  -31.295 0.0000000000
20792  40.138  -44.855  -26.664 0.0000000000
20802  39.575  -44.287  -26.879 0.0000000000
20801  40.116  -44.985  -27.131 0.0000000000
18443  37.470  -47.026  -27.915 0.0000000000
126926  37.011  -47.948  -28.500 0.0000000000
13959  39.302  -50.437  -29.379 0.0000000000
15029  39.332  -49.884  -29.190 0.0000000000
15030  38.857  -49.867  -29.817 0.0000000000
15041  38.105  -49.411  -31.238 0.0000000000
16136  37.171  -48.855  -30.220 0.0000000000
17293  36.382  -48.067  -29.746 0.0000000000
17298  36.597  -48.039  -30.570 0.0000000000
18457  36.125  -47.302  -30.782 0.0000000000
17307  36.894  -47.681  -31.395 0.0000000000
121078  38.405  -46.253  -33.216 0.0000000000
19657  38.936  -46.294  -33.758 0.0000000000
16217  34.721  -47.579  -34.585 0.0000000000
17361  37.223  -47.764  -35.171 0.0000000000
131540  36.773  -47.971  -34.514 0.0000000000
17348  37.687  -48.607  -34.902 0.0000000000
16216  38.200  -48.780  -34.893 0.0000000000
16215  38.467  -48.696  -34.786 0.0000000000
16233  38.363  -48.252  -35.334 0.0000000000
19684  38.447  -46.108  -36.227 0.0000000000
18502  38.978  -46.647  -35.615 0.0000000000
19672  38.919  -45.895  -35.832 0.0000000000
19671  39.349  -45.992  -35.118 0.0000000000
20880  39.232  -45.271  -35.164 0.0000000000
20774  36.008  -44.831  -23.334 0.0000000000
19504  36.664  -45.123  -23.506 0.0000000000
20772  37.299  -44.537  -24.312 0.0000000000
19503  37.495  -45.477  -23.659 0.0000000000
17197  41.334  -47.581  -22.217 0.0000000000
17198  40.160  -47.309  -22.057 0.0000000000
18332  40.551  -47.179  -23.076 0.0000000000
18349  39.889  -46.618  -23.737 0.0000000000
18348  40.834  -46.903  -24.038 0.0000000000
18371  41.110  -46.482  -24.913 0.0000000000
18347  41.736  -47.046  -24.408 0.0000000000
14956  43.402  -48.831  -23.518 0.0000000000
123829  43.214  -47.717  -24.806 0.0000000000
16066  43.248  -48.645  -24.628 0.0000000000
126091  42.958  -48.513  -25.462 0.0000000000
13895  42.324  -49.751  -25.303 0.0000000000
12835  38.235  -52.564  -25.630 0.0000000000
112529  39.143  -52.225  -25.658 0.0000000000
12832  41.007  -50.968  -25.685 0.0000000000
22049  33.846  -43.928  -30.877 0.0000000000
22036  32.973  -43.730  -29.663 0.0000000000
135825  33.205  -42.829  -30.518 0.0000000000
25496  32.695  -40.222  -29.832 0.0000000000
19630  37.102  -45.255  -32.051 0.0000000000
20850  36.586  -44.420  -31.739 0.0000000000
18420  41.979  -46.750  -27.263 0.0000000000
19579  40.717  -45.798  -27.310 0.0000000000
18421  41.245  -46.545  -27.475 0.0000000000
17280  39.899  -47.830  -27.993 0.0000000000
13968  38.668  -50.486  -31.110 0.0000000000
128334  38.617  -49.980  -30.837 0.0000000000
16148  38.129  -48.883  -31.965 0.0000000000
17306  37.684  -48.142  -32.088 0.0000000000
17360  38.230  -47.605  -35.830 0.0000000000
17375  37.964  -47.004  -36.158 0.0000000000
18508  37.517  -46.366  -36.264 0.0000000000
113684  42.779  -48.337  -21.677 0.0000000000
17206  42.990  -47.938  -23.224 0.0000000000
16049  43.308  -48.631  -22.444 0.0000000000
14947  43.167  -49.512  -22.174 0.0000000000
13872  42.190  -50.133  -23.360 0.0000000000
20813  34.068  -44.038  -27.844 0.0000000000
22023  32.996  -43.746  -28.811 0.0000000000
24367  34.137  -41.601  -31.111 0.0000000000
24368  33.346  -41.512  -30.630 0.0000000000
26692  33.537  -40.005  -30.384 0.0000000000
129626  33.640  -38.743  -29.944 0.0000000000
13932  40.641  -50.483  -27.496 0.0000000000
15003  40.573  -49.735  -28.135 0.0000000000
13947  39.680  -50.736  -28.658 0.0000000000
12893  39.139  -51.201  -29.210 0.0000000000
12904  38.870  -50.963  -30.279 0.0000000000
12905  38.256  -51.614  -30.550 0.0000000000
117578  38.438  -51.182  -31.242 0.0000000000
13976  38.566  -50.820  -31.964 0.0000000000
12931  38.248  -50.950  -32.666 0.0000000000
18459  34.572  -46.332  -29.854 0.0000000000
19607  33.974  -45.657  -29.488 0.0000000000
19616  34.242  -45.626  -30.351 0.0000000000
20834  34.036  -44.816  -30.686 0.0000000000
22062  34.539  -43.266  -31.296 0.0000000000
118695  35.773  -44.076  -31.555 0.0000000000
23230  35.298  -42.541  -31.437 0.0000000000
23231  34.351  -42.406  -31.237 0.0000000000
132594  34.725  -41.072  -31.216 0.0000000000
25512  34.994  -40.391  -31.090 0.0000000000
122814  39.865  -44.227  -33.289 0.0000000000
20794  39.014  -43.832  -25.897 0.0000000000
21998  38.485  -43.104  -26.234 0.0000000000
21997  39.063  -43.701  -26.575 0.0000000000
17284  35.630  -47.323  -28.886 0.0000000000
16114  38.853  -48.603  -28.423 0.0000000000
16129  38.284  -49.390  -29.182 0.0000000000
16115  37.690  -48.706  -28.772 0.0000000000
17283  36.199  -47.854  -28.983 0.0000000000
17294  35.710  -47.477  -29.499 0.0000000000
18458  35.318  -47.000  -30.191 0.0000000000
18471  35.725  -46.546  -31.061 0.0000000000
118897  36.317  -45.986  -31.728 0.0000000000
124265  37.331  -47.227  -32.138 0.0000000000
18469  37.117  -46.283  -32.189 0.0000000000
19648  37.945  -45.657  -32.652 0.0000000000
114327  39.352  -44.797  -32.827 0.0000000000
13997  37.925  -50.649  -33.274 0.0000000000
17349  36.173  -47.507  -34.628 0.0000000000
15120  37.945  -49.354  -34.478 0.0000000000
15100  38.470  -49.527  -33.917 0.0000000000
16191  38.575  -48.969  -34.138 0.0000000000
16190  38.727  -48.238  -34.467 0.0000000000
17333  38.844  -47.411  -34.085 0.0000000000
132017  38.543  -47.768  -35.589 0.0000000000
17358  38.895  -47.367  -35.380 0.0000000000
18492  39.089  -46.778  -34.362 0.0000000000
19656  39.330  -45.917  -34.265 0.0000000000
19646  39.312  -45.227  -33.429 0.0000000000
118648  39.533  -44.968  -33.725 0.0000000000
20874  39.485  -44.606  -34.240 0.0000000000
114748  35.429  -43.015  -24.198 0.0000000000
21982  35.523  -44.158  -23.600 0.0000000000
129012  36.372  -42.601  -24.687 0.0000000000
20785  36.943  -43.760  -24.531 0.0000000000
20784  37.635  -43.597  -24.983 0.0000000000
124269  38.003  -44.230  -24.879 0.0000000000
17190  39.908  -47.165  -20.980 0.0000000000
19481  37.781  -46.177  -22.816 0.0000000000
19502  38.463  -45.882  -23.787 0.0000000000
118344  38.920  -45.243  -24.725 0.0000000000
20782  39.363  -44.640  -25.517 0.0000000000
19539  40.080  -44.973  -25.912 0.0000000000
19519  40.543  -45.781  -25.434 0.0000000000
18387  41.406  -46.173  -25.801 0.0000000000
17226  42.728  -47.465  -24.368 0.0000000000
18369  42.792  -47.174  -25.523 0.0000000000
18402  42.666  -46.974  -26.385 0.0000000000
17256  42.647  -47.225  -26.537 0.0000000000
16090  41.969  -48.373  -27.047 0.0000000000
13931  41.381  -50.000  -26.861 0.0000000000
13896  41.777  -50.342  -25.267 0.0000000000
13910  41.417  -50.506  -26.064 0.0000000000
19608  33.542  -44.974  -29.567 0.0000000000
22024  32.651  -43.090  -29.230 0.0000000000
23218  32.639  -41.495  -29.997 0.0000000000
117730  32.276  -41.756  -29.274 0.0000000000
12883  39.379  -51.569  -28.244 0.0000000000
13864  42.740  -49.877  -22.664 0.0000000000
13881  42.470  -49.783  -24.590 0.0000000000
13946  40.201  -50.387  -28.250 0.0000000000
14936  43.275  -49.058  -21.700 0.0000000000
14946  43.440  -48.981  -22.656 0.0000000000
14957  43.192  -49.389  -23.089 0.0000000000
14967  43.104  -49.217  -24.056 0.0000000000
14976  42.453  -49.182  -25.772 0.0000000000
14988  42.504  -48.424  -26.306 0.0000000000
14989  42.008  -49.187  -26.617 0.0000000000
15002  41.531  -49.109  -27.382 0.0000000000
15014  41.053  -49.057  -27.938 0.0000000000
15015  40.485  -49.147  -28.266 0.0000000000
15101  38.123  -49.813  -33.961 0.0000000000
16045  42.947  -48.798  -20.935 0.0000000000
16050  43.070  -48.645  -21.654 0.0000000000
16078  43.284  -48.010  -25.151 0.0000000000
16089  42.403  -47.672  -26.765 0.0000000000
16112  40.469  -48.577  -28.128 0.0000000000
16130  37.535  -49.074  -29.491 0.0000000000
17181  40.796  -47.016  -20.272 0.0000000000
17195  43.079  -48.386  -22.411 0.0000000000
17196  42.456  -47.980  -22.349 0.0000000000
17205  43.265  -48.317  -23.041 0.0000000000
17225  43.329  -47.989  -23.789 0.0000000000
17265  42.273  -47.145  -27.157 0.0000000000
17266  41.575  -47.211  -27.563 0.0000000000
17278  41.347  -47.852  -27.624 0.0000000000
17346  39.019  -47.492  -34.743 0.0000000000
17359  38.565  -47.204  -35.851 0.0000000000
18334  38.687  -46.517  -22.834 0.0000000000
18350  39.158  -46.394  -23.516 0.0000000000
18372  40.187  -46.231  -24.577 0.0000000000
18386  42.228  -46.589  -26.140 0.0000000000
18403  42.166  -46.593  -26.842 0.0000000000
18419  42.463  -46.908  -26.925 0.0000000000
18445  35.421  -46.695  -28.520 0.0000000000
18453  34.495  -46.228  -29.169 0.0000000000
18503  38.565  -46.593  -36.067 0.0000000000
18507  38.173  -46.527  -36.263 0.0000000000
19501  39.355  -45.984  -24.235 0.0000000000
19537  41.527  -46.126  -26.627 0.0000000000
19538  40.760  -45.528  -26.317 0.0000000000
19558  40.815  -45.558  -26.943 0.0000000000
19580  40.002  -45.293  -27.443 0.0000000000
19585  34.208  -44.754  -28.155 0.0000000000
19602  35.185  -45.912  -28.171 0.0000000000
19603  33.714  -45.029  -28.856 0.0000000000
20783  38.639  -44.408  -25.167 0.0000000000
20823  33.282  -44.408  -29.236 0.0000000000
20835  33.395  -44.422  -30.126 0.0000000000
20860  39.765  -44.447  -32.886 0.0000000000
21981  36.267  -43.482  -24.364 0.0000000000
22007  39.088  -43.798  -27.038 0.0000000000
22050  33.249  -43.522  -30.384 0.0000000000
22061  35.526  -43.382  -31.502 0.0000000000
23193  32.394  -42.388  -28.643 0.0000000000
23206  32.810  -42.991  -30.001 0.0000000000
23216  33.717  -43.056  -30.947 0.0000000000
23217  32.915  -42.257  -30.326 0.0000000000
25513  34.003  -40.714  -30.866 0.0000000000
25515  32.271  -40.953  -29.370 0.0000000000
114032  42.913  -47.797  -26.025 0.0000000000
116448  42.826  -49.216  -24.958 0.0000000000
125137  40.361  -51.568  -26.032 0.0000000000
127006  42.624  -49.998  -21.741 0.0000000000
131992  43.389  -48.295  -24.152 0.0000000000
132372  37.415  -52.046  -31.029 0.0000000000
134163  32.810  -43.108  -28.469 0.0000000000
135915  43.358  -48.729  -24.068 0.0000000000
136213  38.616  -50.449  -32.504 0.0000000000
136304  32.643  -40.860  -29.919 0.0000000000
