#!ascii label  , from subject sub-p004 vox2ras=TkReg
288
125083  29.000  15.194  -25.943 0.0000000000
130639  25.046  7.821  -29.157 0.0000000000
87034  27.374  21.063  -25.155 0.0000000000
94776  27.476  31.529  -27.092 0.0000000000
123579  23.038  6.415  -29.156 0.0000000000
88586  31.357  22.767  -25.228 0.0000000000
90025  30.629  25.747  -24.507 0.0000000000
81236  24.781  14.641  -27.548 0.0000000000
78655  26.147  11.380  -27.617 0.0000000000
80432  28.482  12.626  -27.590 0.0000000000
120659  30.985  17.815  -27.614 0.0000000000
113240  30.537  14.723  -29.546 0.0000000000
84573  27.857  18.165  -25.733 0.0000000000
86219  31.347  20.624  -26.236 0.0000000000
92486  27.450  28.847  -26.193 0.0000000000
125693  30.479  28.898  -24.539 0.0000000000
76989  27.268  9.038  -29.269 0.0000000000
89267  29.207  25.042  -24.429 0.0000000000
90826  28.403  26.539  -24.721 0.0000000000
82078  27.000  15.129  -26.260 0.0000000000
80418  26.812  13.523  -26.694 0.0000000000
81216  28.627  13.924  -26.585 0.0000000000
122367  24.285  7.228  -29.275 0.0000000000
85378  27.662  19.749  -25.425 0.0000000000
85402  30.222  19.207  -25.091 0.0000000000
86197  30.061  20.388  -24.540 0.0000000000
134322  31.645  24.217  -26.022 0.0000000000
117664  31.508  23.137  -27.346 0.0000000000
94788  26.421  31.204  -28.440 0.0000000000
93332  26.349  28.743  -28.181 0.0000000000
94092  27.594  30.300  -26.554 0.0000000000
96055  31.602  33.726  -25.964 0.0000000000
94764  31.575  31.813  -25.302 0.0000000000
94073  30.299  30.192  -24.691 0.0000000000
94081  31.895  30.421  -25.051 0.0000000000
92484  31.851  28.461  -24.929 0.0000000000
78669  27.667  10.538  -28.640 0.0000000000
77802  27.318  9.991  -28.742 0.0000000000
73574  22.583  5.712  -29.141 0.0000000000
87802  28.833  21.936  -24.370 0.0000000000
88588  29.035  23.543  -24.465 0.0000000000
89282  30.677  24.186  -24.565 0.0000000000
90053  31.905  25.439  -26.161 0.0000000000
131940  24.522  12.435  -27.922 0.0000000000
80435  25.181  13.290  -27.464 0.0000000000
79544  27.738  11.955  -27.614 0.0000000000
79559  29.177  11.782  -28.993 0.0000000000
82909  30.204  16.298  -25.990 0.0000000000
82093  30.063  14.547  -27.400 0.0000000000
82924  30.640  16.061  -28.016 0.0000000000
126271  26.490  16.164  -26.452 0.0000000000
83787  25.892  17.952  -26.910 0.0000000000
122392  28.165  16.817  -25.680 0.0000000000
83773  30.761  17.760  -25.802 0.0000000000
84570  31.242  18.519  -26.898 0.0000000000
86259  30.590  20.292  -29.028 0.0000000000
87045  31.235  21.281  -25.665 0.0000000000
87062  31.326  21.876  -27.845 0.0000000000
119751  27.276  28.086  -25.980 0.0000000000
95427  28.193  32.096  -26.471 0.0000000000
94083  28.512  30.750  -25.531 0.0000000000
93310  28.812  29.472  -25.192 0.0000000000
117548  29.011  27.865  -24.700 0.0000000000
91649  30.592  27.300  -24.476 0.0000000000
90837  32.068  26.935  -25.618 0.0000000000
76991  25.093  8.832  -28.640 0.0000000000
78672  24.616  11.147  -28.063 0.0000000000
81232  29.956  13.850  -28.222 0.0000000000
80446  29.610  12.545  -29.030 0.0000000000
130156  27.509  25.381  -25.118 0.0000000000
90827  27.618  26.653  -25.172 0.0000000000
81217  27.494  14.151  -26.366 0.0000000000
82077  28.224  14.745  -26.105 0.0000000000
72691  21.158  4.736  -28.849 0.0000000000
72690  22.167  4.870  -29.215 0.0000000000
86220  27.111  20.312  -25.583 0.0000000000
86199  27.993  20.380  -25.079 0.0000000000
87033  28.327  21.102  -24.560 0.0000000000
90097  31.474  25.497  -28.312 0.0000000000
89340  31.230  24.809  -28.469 0.0000000000
94787  26.878  31.800  -27.894 0.0000000000
94104  25.792  30.605  -28.926 0.0000000000
94093  27.184  30.218  -27.445 0.0000000000
119971  27.434  30.818  -26.985 0.0000000000
116269  31.968  31.109  -25.241 0.0000000000
93317  32.382  29.888  -25.413 0.0000000000
116498  28.334  10.602  -29.217 0.0000000000
77801  28.036  10.088  -29.320 0.0000000000
76167  23.156  8.379  -28.758 0.0000000000
123970  28.171  22.824  -24.595 0.0000000000
88589  27.995  23.731  -24.829 0.0000000000
89283  29.686  24.239  -24.378 0.0000000000
89266  30.224  24.976  -24.402 0.0000000000
89265  31.103  25.012  -24.772 0.0000000000
90024  31.223  25.871  -24.799 0.0000000000
95439  26.621  32.635  -28.207 0.0000000000
80436  24.401  13.701  -27.810 0.0000000000
119052  24.702  14.045  -27.606 0.0000000000
81234  27.971  13.320  -26.770 0.0000000000
80433  27.416  12.754  -27.120 0.0000000000
79543  28.544  11.822  -28.334 0.0000000000
80447  29.060  12.355  -28.408 0.0000000000
115225  22.204  6.507  -28.909 0.0000000000
83786  30.920  16.896  -27.380 0.0000000000
82908  30.621  16.126  -26.931 0.0000000000
129234  30.623  16.615  -28.426 0.0000000000
124326  25.502  16.288  -27.085 0.0000000000
84574  27.028  18.545  -26.218 0.0000000000
83775  27.486  17.679  -26.013 0.0000000000
83774  28.447  17.535  -25.587 0.0000000000
82894  29.338  17.524  -25.454 0.0000000000
84557  28.745  18.167  -25.427 0.0000000000
125868  31.092  19.902  -25.850 0.0000000000
85400  31.229  19.229  -26.343 0.0000000000
127112  31.317  19.967  -26.711 0.0000000000
85432  30.934  19.596  -28.313 0.0000000000
86240  31.172  20.509  -28.108 0.0000000000
126413  30.613  22.686  -24.647 0.0000000000
87800  30.966  21.955  -25.047 0.0000000000
87825  31.351  22.610  -27.895 0.0000000000
87092  30.179  21.820  -29.530 0.0000000000
92495  26.928  28.818  -27.278 0.0000000000
92497  25.708  28.235  -28.189 0.0000000000
92496  26.446  28.188  -27.414 0.0000000000
91663  26.662  27.575  -26.421 0.0000000000
92487  26.988  28.287  -26.666 0.0000000000
95415  30.690  32.388  -25.347 0.0000000000
96056  30.667  33.268  -25.694 0.0000000000
95416  29.079  32.125  -25.683 0.0000000000
94082  29.289  31.267  -25.199 0.0000000000
93308  29.991  29.453  -24.644 0.0000000000
94074  29.286  30.160  -25.008 0.0000000000
93309  29.327  29.299  -24.882 0.0000000000
92476  28.860  28.774  -25.037 0.0000000000
92475  29.720  28.623  -24.630 0.0000000000
91650  29.897  27.835  -24.491 0.0000000000
92474  30.552  28.201  -24.525 0.0000000000
92494  32.625  28.525  -26.177 0.0000000000
91661  31.848  27.530  -25.147 0.0000000000
91660  32.396  27.586  -25.949 0.0000000000
90848  32.310  26.826  -26.333 0.0000000000
76992  23.306  9.256  -28.690 0.0000000000
78656  25.026  11.837  -27.715 0.0000000000
78671  25.616  10.853  -27.866 0.0000000000
76966  26.832  9.462  -28.768 0.0000000000
76990  26.266  8.857  -28.789 0.0000000000
81231  30.360  14.585  -28.484 0.0000000000
89285  27.543  24.584  -25.098 0.0000000000
89268  28.243  25.179  -24.764 0.0000000000
90027  28.771  25.809  -24.580 0.0000000000
90026  29.717  25.744  -24.396 0.0000000000
81219  25.473  14.788  -27.132 0.0000000000
81235  25.613  13.935  -27.169 0.0000000000
81218  26.346  14.472  -26.645 0.0000000000
122425  28.799  13.358  -27.214 0.0000000000
74439  23.439  6.965  -29.168 0.0000000000
73572  24.437  5.657  -29.352 0.0000000000
122158  23.925  6.399  -29.359 0.0000000000
73558  25.391  5.577  -29.073 0.0000000000
83798  30.530  17.937  -28.912 0.0000000000
123788  30.684  17.221  -28.307 0.0000000000
85404  26.901  19.501  -25.982 0.0000000000
85403  27.920  18.916  -25.479 0.0000000000
122267  29.331  18.854  -25.128 0.0000000000
122254  28.558  19.638  -25.008 0.0000000000
85377  29.635  19.691  -24.752 0.0000000000
86196  30.845  20.538  -25.334 0.0000000000
88585  31.506  23.702  -25.519 0.0000000000
88606  31.560  22.959  -26.255 0.0000000000
88617  31.466  23.807  -27.726 0.0000000000
88637  31.216  24.167  -28.417 0.0000000000
93331  26.769  29.483  -28.029 0.0000000000
93330  27.281  29.557  -26.910 0.0000000000
95414  31.543  32.746  -25.579 0.0000000000
94765  30.688  31.597  -25.027 0.0000000000
132197  30.046  31.339  -24.915 0.0000000000
94072  31.176  30.267  -24.703 0.0000000000
93307  30.857  29.500  -24.566 0.0000000000
120474  31.199  28.719  -24.608 0.0000000000
93318  31.771  29.454  -24.821 0.0000000000
92483  32.381  28.986  -25.340 0.0000000000
78654  27.172  11.101  -27.933 0.0000000000
78670  26.729  10.602  -28.137 0.0000000000
76965  27.715  9.583  -29.337 0.0000000000
73575  21.572  5.739  -28.839 0.0000000000
74440  22.746  7.091  -28.953 0.0000000000
75283  23.357  7.570  -28.940 0.0000000000
76166  24.098  7.991  -28.922 0.0000000000
87815  26.892  21.741  -25.279 0.0000000000
87803  27.653  21.900  -24.651 0.0000000000
125228  29.486  22.719  -24.432 0.0000000000
88587  30.167  23.445  -24.472 0.0000000000
89284  28.610  24.375  -24.608 0.0000000000
132537  31.080  23.453  -24.773 0.0000000000
89281  31.553  24.680  -25.540 0.0000000000
121495  31.708  24.693  -26.549 0.0000000000
90077  31.870  25.409  -27.218 0.0000000000
124484  26.163  32.052  -28.516 0.0000000000
95428  27.400  32.413  -27.414 0.0000000000
79547  24.783  12.789  -27.726 0.0000000000
79546  25.682  12.333  -27.461 0.0000000000
80434  26.324  12.855  -27.163 0.0000000000
133021  27.082  12.346  -27.281 0.0000000000
79545  26.813  11.879  -27.465 0.0000000000
136227  27.460  11.474  -27.784 0.0000000000
78668  28.730  11.170  -29.071 0.0000000000
82910  29.169  15.973  -25.683 0.0000000000
82076  30.023  15.359  -26.536 0.0000000000
82092  30.437  15.329  -27.656 0.0000000000
82105  30.499  15.348  -28.848 0.0000000000
121918  30.321  16.932  -29.464 0.0000000000
82937  30.489  16.098  -29.207 0.0000000000
82117  30.433  15.555  -29.988 0.0000000000
82079  25.886  15.397  -26.780 0.0000000000
82911  27.799  15.840  -25.816 0.0000000000
82913  25.950  17.174  -26.738 0.0000000000
82912  27.032  16.969  -26.167 0.0000000000
119994  29.327  16.831  -25.533 0.0000000000
113695  30.753  16.961  -26.330 0.0000000000
83772  31.099  17.707  -26.596 0.0000000000
84572  30.496  18.561  -25.391 0.0000000000
84571  31.095  18.469  -26.042 0.0000000000
84586  30.932  18.683  -27.949 0.0000000000
85442  30.264  19.406  -29.392 0.0000000000
87032  29.489  21.116  -24.325 0.0000000000
87031  30.566  21.171  -24.720 0.0000000000
87044  31.453  21.425  -26.806 0.0000000000
87813  31.507  22.337  -27.013 0.0000000000
126370  31.320  21.158  -27.744 0.0000000000
87080  30.852  21.295  -28.692 0.0000000000
91662  27.433  27.420  -25.579 0.0000000000
94767  27.926  31.072  -26.271 0.0000000000
94084  27.985  30.380  -25.895 0.0000000000
93320  27.756  29.722  -26.009 0.0000000000
93319  28.390  29.957  -25.490 0.0000000000
92485  28.216  29.165  -25.526 0.0000000000
116180  28.060  28.216  -25.385 0.0000000000
91651  28.201  27.299  -24.948 0.0000000000
122524  28.865  27.076  -24.553 0.0000000000
90825  29.247  26.468  -24.444 0.0000000000
90824  30.170  26.479  -24.378 0.0000000000
92473  31.277  27.873  -24.698 0.0000000000
91648  31.319  27.129  -24.729 0.0000000000
90838  31.601  26.538  -25.084 0.0000000000
90849  32.044  26.225  -25.816 0.0000000000
114621  32.208  26.124  -26.758 0.0000000000
128065  24.079  8.690  -28.689 0.0000000000
134218  24.801  8.305  -28.845 0.0000000000
77804  24.189  10.367  -28.344 0.0000000000
77803  26.234  10.107  -28.322 0.0000000000
124780  25.187  10.392  -28.142 0.0000000000
76967  25.449  9.598  -28.417 0.0000000000
76165  25.693  8.296  -28.965 0.0000000000
82094  29.364  14.539  -26.578 0.0000000000
81233  29.445  13.851  -27.282 0.0000000000
80431  29.370  13.090  -28.055 0.0000000000
81246  30.406  13.869  -29.137 0.0000000000
81247  29.916  13.272  -28.824 0.0000000000
78653  27.981  11.200  -28.389 0.0000000000
80463  30.035  12.393  -29.479 0.0000000000
84556  29.874  17.983  -25.379 0.0000000000
84597  30.547  18.833  -28.877 0.0000000000
85376  30.499  19.816  -25.096 0.0000000000
85401  30.867  19.195  -25.584 0.0000000000
85421  31.246  19.339  -27.265 0.0000000000
86198  29.029  20.365  -24.592 0.0000000000
86218  31.378  20.625  -27.191 0.0000000000
87801  30.041  21.914  -24.413 0.0000000000
87814  31.459  22.090  -25.950 0.0000000000
88618  31.159  23.311  -28.367 0.0000000000
89303  31.611  23.860  -26.711 0.0000000000
89324  31.541  24.601  -27.653 0.0000000000
90028  27.908  25.921  -24.915 0.0000000000
90038  31.584  25.623  -25.300 0.0000000000
90823  31.003  26.492  -24.576 0.0000000000
91672  32.531  27.884  -26.704 0.0000000000
93329  32.738  29.454  -26.033 0.0000000000
94754  30.575  30.897  -24.773 0.0000000000
94755  29.879  30.801  -24.825 0.0000000000
118137  26.582  17.843  -26.510 0.0000000000
120374  29.622  27.175  -24.392 0.0000000000
125119  32.262  28.216  -25.425 0.0000000000
130050  32.320  26.839  -27.204 0.0000000000
132356  30.186  17.163  -25.648 0.0000000000
134695  31.261  24.167  -24.928 0.0000000000
135058  31.283  20.019  -27.520 0.0000000000
136007  27.571  23.281  -25.022 0.0000000000
136379  32.449  27.328  -26.720 0.0000000000
