#!ascii label  , from subject sub-p002 vox2ras=TkReg
402
82789  -25.056  14.580  -35.619 0.0000000000
79542  -21.433  10.571  -32.925 0.0000000000
129119  -27.225  11.036  -35.966 0.0000000000
76086  -23.446  6.702  -33.394 0.0000000000
92811  -26.415  26.486  -33.139 0.0000000000
89709  -26.842  22.197  -36.475 0.0000000000
137332  -21.422  18.727  -34.653 0.0000000000
73223  -23.041  3.224  -31.607 0.0000000000
77810  -22.260  8.946  -33.282 0.0000000000
76055  -20.825  7.021  -30.886 0.0000000000
91262  -26.841  24.537  -34.855 0.0000000000
140102  -23.912  22.555  -33.300 0.0000000000
82776  -21.459  14.860  -34.435 0.0000000000
125078  -19.712  16.943  -33.351 0.0000000000
84482  -23.438  16.710  -35.279 0.0000000000
86316  -25.909  18.195  -34.555 0.0000000000
85402  -27.340  16.419  -35.850 0.0000000000
83642  -28.303  15.259  -36.291 0.0000000000
81208  -19.883  12.726  -31.745 0.0000000000
81231  -22.871  12.842  -34.756 0.0000000000
82017  -26.531  13.005  -36.453 0.0000000000
79572  -23.725  10.877  -34.995 0.0000000000
77841  -25.470  8.941  -35.440 0.0000000000
76103  -26.943  6.708  -34.218 0.0000000000
88055  -20.285  21.052  -33.733 0.0000000000
88072  -25.529  20.163  -33.818 0.0000000000
88093  -27.347  19.613  -37.361 0.0000000000
75145  -20.950  5.360  -30.630 0.0000000000
74197  -23.134  5.148  -32.396 0.0000000000
76894  -20.520  7.966  -30.917 0.0000000000
76038  -19.975  7.171  -29.709 0.0000000000
90487  -23.131  23.585  -32.849 0.0000000000
89677  -21.361  22.662  -33.570 0.0000000000
82787  -22.992  15.006  -35.278 0.0000000000
83617  -21.816  15.693  -34.916 0.0000000000
83627  -23.930  15.813  -35.434 0.0000000000
84483  -24.694  16.285  -35.157 0.0000000000
83629  -25.479  15.285  -35.421 0.0000000000
84486  -27.558  15.684  -36.124 0.0000000000
82791  -26.678  14.239  -35.888 0.0000000000
80439  -20.719  12.054  -32.687 0.0000000000
81222  -21.560  12.693  -33.716 0.0000000000
80449  -22.069  12.082  -33.986 0.0000000000
80451  -23.326  11.660  -34.859 0.0000000000
79559  -22.565  10.840  -33.980 0.0000000000
76921  -23.448  7.589  -33.760 0.0000000000
123534  -23.623  9.060  -34.364 0.0000000000
125611  -24.687  7.888  -34.831 0.0000000000
76949  -26.204  7.950  -35.157 0.0000000000
76102  -25.577  6.556  -34.543 0.0000000000
91985  -24.754  26.164  -31.959 0.0000000000
92798  -24.382  26.935  -31.763 0.0000000000
93598  -26.181  27.218  -32.872 0.0000000000
94386  -25.291  28.336  -35.030 0.0000000000
92826  -26.053  25.971  -35.859 0.0000000000
90514  -26.981  23.144  -35.511 0.0000000000
85381  -20.463  17.961  -34.206 0.0000000000
132160  -19.592  19.114  -33.528 0.0000000000
125482  -21.183  19.924  -34.357 0.0000000000
88885  -22.010  20.706  -34.247 0.0000000000
87247  -22.908  19.378  -34.560 0.0000000000
86348  -27.905  18.112  -37.393 0.0000000000
122143  -27.382  19.145  -36.251 0.0000000000
88104  -28.162  19.679  -38.440 0.0000000000
80460  -26.986  11.749  -36.288 0.0000000000
82019  -27.925  13.008  -35.855 0.0000000000
73212  -21.556  3.512  -30.570 0.0000000000
74168  -21.479  4.373  -30.803 0.0000000000
75160  -21.692  5.249  -31.308 0.0000000000
73241  -23.436  3.761  -32.013 0.0000000000
78708  -20.554  9.875  -31.738 0.0000000000
78718  -21.798  9.833  -33.141 0.0000000000
77798  -21.182  8.849  -32.126 0.0000000000
126517  -21.299  8.082  -31.996 0.0000000000
76069  -22.753  6.726  -32.790 0.0000000000
91252  -25.145  24.698  -32.182 0.0000000000
92009  -26.705  25.452  -34.361 0.0000000000
90489  -25.186  23.868  -32.360 0.0000000000
89682  -26.771  23.022  -33.501 0.0000000000
89698  -26.965  22.168  -33.743 0.0000000000
82765  -19.750  14.719  -32.559 0.0000000000
83607  -20.507  15.607  -33.721 0.0000000000
84471  -21.537  16.666  -34.810 0.0000000000
85396  -22.230  17.834  -34.909 0.0000000000
86314  -23.448  18.673  -34.666 0.0000000000
125876  -23.661  17.498  -34.938 0.0000000000
134639  -27.151  17.253  -35.345 0.0000000000
85421  -28.215  17.964  -37.498 0.0000000000
84498  -28.299  16.741  -36.810 0.0000000000
72286  -24.192  2.283  -31.795 0.0000000000
72306  -24.520  2.840  -32.154 0.0000000000
81994  -20.575  13.361  -32.885 0.0000000000
82004  -21.685  13.355  -34.016 0.0000000000
82014  -24.064  13.593  -35.475 0.0000000000
129250  -25.141  13.833  -35.767 0.0000000000
125248  -24.402  12.963  -35.638 0.0000000000
128683  -24.879  11.649  -35.865 0.0000000000
79587  -26.142  11.020  -36.249 0.0000000000
78734  -23.450  9.749  -34.543 0.0000000000
78748  -24.925  9.675  -35.407 0.0000000000
78750  -26.483  9.715  -35.728 0.0000000000
77828  -27.248  8.710  -35.061 0.0000000000
76922  -27.879  7.988  -34.152 0.0000000000
92017  -26.133  24.984  -36.319 0.0000000000
89694  -21.885  21.708  -33.852 0.0000000000
88887  -23.425  21.199  -33.695 0.0000000000
88890  -27.263  21.208  -33.994 0.0000000000
125849  -24.922  19.428  -34.195 0.0000000000
88083  -27.331  20.054  -35.607 0.0000000000
89720  -26.748  21.082  -37.292 0.0000000000
124425  -27.006  13.613  -36.161 0.0000000000
82794  -29.122  14.592  -35.484 0.0000000000
76021  -20.037  6.278  -29.512 0.0000000000
75159  -20.776  6.230  -30.639 0.0000000000
75177  -21.935  6.014  -31.766 0.0000000000
75193  -23.750  5.850  -33.217 0.0000000000
73243  -25.047  3.870  -32.825 0.0000000000
74209  -25.216  4.606  -33.237 0.0000000000
75207  -25.170  5.933  -34.105 0.0000000000
136292  -20.303  23.196  -33.159 0.0000000000
129861  -23.795  15.098  -35.445 0.0000000000
129121  -24.370  15.070  -35.523 0.0000000000
83628  -24.564  15.545  -35.434 0.0000000000
83630  -26.320  14.842  -35.651 0.0000000000
82790  -25.887  14.371  -35.756 0.0000000000
79526  -20.243  10.682  -31.616 0.0000000000
127996  -20.456  11.366  -32.148 0.0000000000
80424  -21.078  11.307  -32.817 0.0000000000
80440  -21.432  11.946  -33.396 0.0000000000
126920  -21.633  11.206  -33.298 0.0000000000
80441  -22.073  11.413  -33.772 0.0000000000
79558  -22.002  10.668  -33.495 0.0000000000
76936  -24.031  7.775  -34.297 0.0000000000
76100  -24.048  7.016  -34.046 0.0000000000
122095  -25.190  7.255  -34.772 0.0000000000
76101  -24.816  6.670  -34.350 0.0000000000
131878  -25.504  26.195  -32.348 0.0000000000
92802  -25.241  26.794  -32.118 0.0000000000
93611  -26.388  27.110  -33.601 0.0000000000
92819  -25.674  26.716  -35.826 0.0000000000
118278  -26.495  26.129  -34.861 0.0000000000
131676  -27.253  22.465  -35.068 0.0000000000
90525  -26.540  23.102  -36.587 0.0000000000
89719  -26.350  22.294  -37.683 0.0000000000
137168  -26.499  21.591  -37.800 0.0000000000
86310  -20.700  18.710  -34.407 0.0000000000
86295  -20.007  18.577  -33.847 0.0000000000
87243  -20.258  19.409  -34.034 0.0000000000
87245  -21.681  19.396  -34.551 0.0000000000
88069  -22.182  19.844  -34.472 0.0000000000
87246  -22.324  19.138  -34.634 0.0000000000
86361  -28.158  18.480  -37.962 0.0000000000
87271  -27.777  18.822  -37.826 0.0000000000
81243  -27.362  12.339  -36.131 0.0000000000
80461  -27.623  11.628  -35.818 0.0000000000
72284  -22.690  2.761  -31.185 0.0000000000
73213  -21.987  2.669  -30.613 0.0000000000
73222  -22.265  3.575  -31.105 0.0000000000
74179  -22.260  4.476  -31.455 0.0000000000
140155  -22.789  3.879  -31.656 0.0000000000
78698  -20.193  9.525  -31.013 0.0000000000
140158  -20.895  9.384  -31.974 0.0000000000
77797  -20.667  9.121  -31.543 0.0000000000
76895  -21.093  7.601  -31.521 0.0000000000
76906  -22.260  7.421  -32.670 0.0000000000
76056  -21.479  6.812  -31.624 0.0000000000
91251  -24.200  24.308  -32.193 0.0000000000
126495  -23.376  24.035  -32.527 0.0000000000
89670  -23.835  23.065  -33.109 0.0000000000
89671  -24.999  23.207  -32.919 0.0000000000
89680  -24.663  22.562  -33.239 0.0000000000
89681  -25.964  22.601  -33.294 0.0000000000
82766  -20.401  14.653  -33.300 0.0000000000
82775  -20.887  14.949  -33.933 0.0000000000
138047  -22.835  16.797  -35.226 0.0000000000
123582  -22.256  17.180  -35.065 0.0000000000
85383  -21.671  17.603  -34.838 0.0000000000
85397  -22.790  17.364  -35.067 0.0000000000
85398  -23.278  17.438  -35.031 0.0000000000
85401  -26.392  16.557  -35.011 0.0000000000
85400  -25.326  16.818  -34.815 0.0000000000
85412  -27.869  17.277  -36.713 0.0000000000
85414  -28.478  17.536  -37.219 0.0000000000
128827  -27.974  16.536  -36.652 0.0000000000
83641  -27.802  15.074  -36.223 0.0000000000
84497  -28.083  15.893  -36.515 0.0000000000
83632  -28.912  15.300  -35.957 0.0000000000
71322  -24.571  1.566  -31.536 0.0000000000
71323  -25.298  1.571  -31.486 0.0000000000
81978  -19.649  13.322  -31.617 0.0000000000
81979  -20.057  13.385  -32.245 0.0000000000
81230  -22.149  12.716  -34.249 0.0000000000
82005  -22.375  13.401  -34.614 0.0000000000
82013  -23.206  13.544  -35.134 0.0000000000
81240  -23.682  12.951  -35.239 0.0000000000
80458  -24.126  11.438  -35.381 0.0000000000
137043  -25.432  11.147  -36.042 0.0000000000
79586  -24.654  10.770  -35.541 0.0000000000
78719  -22.443  9.982  -33.681 0.0000000000
78720  -23.037  9.256  -33.926 0.0000000000
77840  -24.786  8.686  -35.141 0.0000000000
78735  -24.087  9.287  -34.903 0.0000000000
78749  -25.844  9.622  -35.714 0.0000000000
78751  -27.013  9.801  -35.674 0.0000000000
77842  -26.179  8.784  -35.478 0.0000000000
76938  -26.664  7.452  -34.743 0.0000000000
125727  -27.307  8.063  -34.718 0.0000000000
76939  -27.396  7.384  -34.246 0.0000000000
76923  -28.327  7.841  -33.501 0.0000000000
91259  -26.742  24.649  -33.742 0.0000000000
92010  -26.551  25.300  -35.319 0.0000000000
126131  -26.543  24.565  -35.761 0.0000000000
84459  -19.495  16.332  -32.843 0.0000000000
88054  -19.553  20.813  -33.240 0.0000000000
88871  -20.660  21.705  -33.810 0.0000000000
89693  -21.157  21.990  -33.887 0.0000000000
88884  -21.324  21.187  -34.102 0.0000000000
130984  -23.399  20.488  -33.984 0.0000000000
88886  -22.651  20.995  -33.961 0.0000000000
88888  -24.530  20.908  -33.582 0.0000000000
88889  -26.054  21.002  -33.590 0.0000000000
86315  -24.903  18.289  -34.572 0.0000000000
133854  -24.340  18.762  -34.517 0.0000000000
87249  -25.523  18.861  -34.410 0.0000000000
88082  -27.291  19.619  -34.804 0.0000000000
88903  -27.148  20.492  -36.479 0.0000000000
88913  -26.966  20.297  -38.165 0.0000000000
88924  -27.140  20.655  -38.939 0.0000000000
82016  -25.673  13.221  -36.154 0.0000000000
129394  -26.239  13.664  -36.102 0.0000000000
82020  -28.655  13.751  -35.546 0.0000000000
74167  -20.792  4.585  -30.263 0.0000000000
75128  -20.307  5.189  -29.788 0.0000000000
138841  -20.498  5.955  -30.168 0.0000000000
76039  -20.364  6.729  -30.199 0.0000000000
75161  -22.456  5.233  -31.857 0.0000000000
75178  -22.695  5.946  -32.382 0.0000000000
75179  -23.315  5.655  -32.739 0.0000000000
73242  -24.316  3.609  -32.424 0.0000000000
75194  -24.638  5.325  -33.455 0.0000000000
77769  -20.175  8.459  -30.367 0.0000000000
76876  -20.183  7.698  -30.191 0.0000000000
90486  -22.325  23.586  -32.966 0.0000000000
139496  -22.263  23.229  -33.186 0.0000000000
89678  -22.288  22.663  -33.436 0.0000000000
82786  -22.176  14.867  -34.961 0.0000000000
83625  -22.502  15.592  -35.201 0.0000000000
83626  -23.172  15.971  -35.356 0.0000000000
136226  -23.859  16.930  -35.184 0.0000000000
129895  -24.073  16.282  -35.346 0.0000000000
84484  -25.653  16.073  -35.071 0.0000000000
84485  -26.542  15.603  -35.446 0.0000000000
83631  -27.072  14.918  -35.840 0.0000000000
80423  -20.180  12.086  -31.925 0.0000000000
81209  -20.391  12.752  -32.442 0.0000000000
133819  -23.308  12.375  -34.945 0.0000000000
80450  -22.589  11.521  -34.273 0.0000000000
79571  -23.065  10.941  -34.476 0.0000000000
77811  -22.904  8.262  -33.565 0.0000000000
77825  -23.526  8.415  -34.057 0.0000000000
77826  -24.094  8.507  -34.604 0.0000000000
76948  -25.511  8.071  -35.172 0.0000000000
76937  -25.900  7.272  -34.896 0.0000000000
127968  -26.244  6.605  -34.534 0.0000000000
91984  -22.922  26.512  -31.644 0.0000000000
93597  -25.586  27.340  -32.421 0.0000000000
93626  -26.019  27.855  -34.151 0.0000000000
92825  -25.374  26.406  -36.594 0.0000000000
91273  -27.032  23.778  -34.949 0.0000000000
91272  -26.757  23.891  -35.708 0.0000000000
86294  -19.336  18.487  -33.224 0.0000000000
88066  -20.251  20.288  -33.850 0.0000000000
88067  -20.877  20.651  -34.145 0.0000000000
88068  -21.534  20.283  -34.321 0.0000000000
88070  -22.711  20.201  -34.311 0.0000000000
88071  -24.193  20.014  -34.078 0.0000000000
86317  -27.008  18.054  -34.830 0.0000000000
87259  -27.327  18.686  -35.360 0.0000000000
87260  -27.566  18.482  -36.633 0.0000000000
88103  -27.781  19.796  -38.525 0.0000000000
81242  -26.758  12.382  -36.474 0.0000000000
82018  -27.192  13.002  -36.299 0.0000000000
73211  -20.954  3.849  -30.207 0.0000000000
74180  -22.947  4.496  -31.981 0.0000000000
131880  -20.082  10.164  -31.153 0.0000000000
79541  -20.804  10.590  -32.301 0.0000000000
78709  -21.191  9.740  -32.425 0.0000000000
77809  -21.622  9.106  -32.745 0.0000000000
77788  -20.827  8.378  -31.516 0.0000000000
77799  -21.788  8.244  -32.605 0.0000000000
123615  -22.392  8.037  -33.086 0.0000000000
76920  -22.841  7.433  -33.224 0.0000000000
91983  -21.925  26.422  -31.797 0.0000000000
138601  -23.466  25.955  -31.733 0.0000000000
91997  -25.279  25.535  -32.229 0.0000000000
91998  -26.094  25.800  -32.708 0.0000000000
92005  -26.579  25.625  -33.467 0.0000000000
122065  -25.816  25.063  -32.516 0.0000000000
90490  -25.916  24.363  -32.556 0.0000000000
90498  -26.423  24.247  -33.041 0.0000000000
90488  -24.109  23.631  -32.704 0.0000000000
90497  -26.089  23.583  -32.906 0.0000000000
90499  -26.703  23.768  -33.485 0.0000000000
89683  -27.079  23.310  -33.876 0.0000000000
138386  -27.235  22.685  -34.104 0.0000000000
128439  -27.324  21.859  -34.512 0.0000000000
84460  -20.078  16.331  -33.522 0.0000000000
83616  -21.104  15.710  -34.391 0.0000000000
84470  -20.697  16.479  -34.231 0.0000000000
85367  -20.268  17.147  -33.912 0.0000000000
85382  -20.934  17.357  -34.563 0.0000000000
128974  -21.164  18.121  -34.700 0.0000000000
86312  -22.130  18.546  -34.748 0.0000000000
86313  -22.775  18.609  -34.740 0.0000000000
86333  -23.268  18.024  -34.849 0.0000000000
86334  -24.029  17.994  -34.719 0.0000000000
85384  -25.037  17.637  -34.681 0.0000000000
85399  -24.320  17.172  -34.907 0.0000000000
85385  -26.160  17.414  -34.736 0.0000000000
86335  -27.504  17.946  -35.983 0.0000000000
86349  -28.376  18.330  -37.885 0.0000000000
86350  -28.992  17.994  -37.187 0.0000000000
79590  -27.972  10.809  -35.339 0.0000000000
72285  -23.373  2.469  -31.506 0.0000000000
72305  -23.827  3.030  -31.909 0.0000000000
82751  -20.203  14.009  -32.710 0.0000000000
82767  -21.160  14.124  -33.795 0.0000000000
81995  -21.105  13.348  -33.464 0.0000000000
123533  -21.870  14.072  -34.495 0.0000000000
82777  -22.668  14.166  -35.054 0.0000000000
122201  -23.556  14.296  -35.393 0.0000000000
82788  -24.437  14.268  -35.556 0.0000000000
82015  -24.852  13.391  -35.762 0.0000000000
128779  -25.135  12.516  -36.026 0.0000000000
81241  -24.099  12.230  -35.518 0.0000000000
129396  -26.094  12.436  -36.457 0.0000000000
127667  -25.713  11.754  -36.312 0.0000000000
80459  -26.433  11.781  -36.442 0.0000000000
135343  -26.708  11.238  -36.261 0.0000000000
78733  -22.956  10.230  -34.229 0.0000000000
137549  -23.374  10.395  -34.664 0.0000000000
78747  -23.942  10.102  -35.087 0.0000000000
123855  -25.586  10.428  -35.855 0.0000000000
137400  -26.201  10.278  -35.954 0.0000000000
79588  -26.736  10.496  -35.989 0.0000000000
79589  -27.400  10.272  -35.595 0.0000000000
78736  -27.506  9.438  -35.183 0.0000000000
77827  -26.742  8.320  -35.164 0.0000000000
77829  -27.767  8.709  -34.604 0.0000000000
91284  -25.553  24.443  -37.412 0.0000000000
89676  -20.745  22.616  -33.550 0.0000000000
89695  -22.872  21.832  -33.614 0.0000000000
89696  -23.971  21.902  -33.411 0.0000000000
89697  -25.280  21.810  -33.406 0.0000000000
132035  -26.408  21.747  -33.564 0.0000000000
89710  -27.210  21.523  -35.693 0.0000000000
87248  -23.788  19.344  -34.425 0.0000000000
87250  -26.766  18.844  -34.574 0.0000000000
121900  -26.295  19.532  -34.187 0.0000000000
88073  -26.909  20.325  -34.023 0.0000000000
88074  -27.335  20.515  -34.597 0.0000000000
88891  -27.456  20.981  -35.011 0.0000000000
88912  -26.544  20.960  -38.535 0.0000000000
129395  -25.600  13.882  -35.868 0.0000000000
138423  -27.963  14.627  -36.140 0.0000000000
125024  -27.775  13.828  -35.948 0.0000000000
82793  -28.441  14.578  -35.944 0.0000000000
126894  -21.244  6.106  -31.178 0.0000000000
76068  -22.122  6.720  -32.227 0.0000000000
76070  -23.196  6.176  -32.883 0.0000000000
74198  -23.675  4.432  -32.455 0.0000000000
74208  -24.503  4.472  -32.888 0.0000000000
74207  -23.830  5.148  -32.856 0.0000000000
76087  -24.280  6.231  -33.784 0.0000000000
76905  -21.660  7.458  -32.123 0.0000000000
77787  -20.363  8.775  -30.907 0.0000000000
77843  -26.863  9.123  -35.428 0.0000000000
80400  -19.963  11.370  -31.431 0.0000000000
81221  -20.963  12.713  -33.120 0.0000000000
82792  -27.429  14.337  -35.996 0.0000000000
83643  -28.682  16.102  -36.400 0.0000000000
84481  -22.359  16.369  -35.172 0.0000000000
85413  -28.256  17.295  -37.010 0.0000000000
86311  -21.747  18.184  -34.783 0.0000000000
86332  -22.732  17.978  -34.898 0.0000000000
87244  -20.990  19.373  -34.488 0.0000000000
89669  -22.842  23.127  -33.145 0.0000000000
89679  -23.269  22.549  -33.354 0.0000000000
90515  -27.161  23.233  -34.567 0.0000000000
91253  -26.326  24.951  -32.972 0.0000000000
91263  -26.996  23.896  -34.215 0.0000000000
91995  -22.869  25.692  -31.800 0.0000000000
92803  -25.941  26.668  -32.583 0.0000000000
92817  -26.605  26.318  -33.965 0.0000000000
92820  -26.122  26.643  -35.248 0.0000000000
125077  -20.678  13.879  -33.247 0.0000000000
125562  -20.754  19.935  -34.206 0.0000000000
125651  -22.640  12.169  -34.500 0.0000000000
135230  -23.871  26.322  -31.705 0.0000000000
135769  -24.538  7.301  -34.476 0.0000000000
136107  -26.126  27.695  -33.272 0.0000000000
136272  -23.347  19.877  -34.337 0.0000000000
