#!ascii label  , from subject sub-p002 vox2ras=TkReg
369
77789  -29.672  8.072  -32.086 0.0000000000
129119  -27.225  11.036  -35.966 0.0000000000
89709  -26.842  22.197  -36.475 0.0000000000
87281  -28.518  19.059  -37.973 0.0000000000
84462  -30.716  16.715  -33.498 0.0000000000
124551  -32.081  13.128  -30.930 0.0000000000
91262  -26.841  24.537  -34.855 0.0000000000
86337  -30.000  18.178  -35.349 0.0000000000
83642  -28.303  15.259  -36.291 0.0000000000
78721  -28.764  9.521  -33.839 0.0000000000
81223  -29.671  12.461  -33.774 0.0000000000
79544  -30.404  10.251  -32.291 0.0000000000
73224  -26.410  3.452  -31.912 0.0000000000
76103  -26.943  6.708  -34.218 0.0000000000
95857  -22.883  30.726  -35.821 0.0000000000
94400  -23.892  28.361  -36.571 0.0000000000
92029  -24.485  25.629  -38.464 0.0000000000
90560  -25.745  23.203  -40.315 0.0000000000
90539  -27.640  23.359  -38.821 0.0000000000
88093  -27.347  19.613  -37.361 0.0000000000
124316  -29.004  22.912  -36.411 0.0000000000
88893  -30.328  21.787  -34.258 0.0000000000
127070  -30.978  19.856  -33.025 0.0000000000
85351  -31.913  17.896  -31.568 0.0000000000
128298  -29.334  14.044  -35.019 0.0000000000
82758  -31.076  14.666  -32.391 0.0000000000
84486  -27.558  15.684  -36.124 0.0000000000
82791  -26.678  14.239  -35.888 0.0000000000
77813  -28.978  8.969  -33.342 0.0000000000
79543  -29.644  10.324  -32.954 0.0000000000
78710  -29.909  9.529  -32.457 0.0000000000
70372  -26.754  0.088  -29.840 0.0000000000
70386  -27.026  0.834  -30.142 0.0000000000
71313  -27.241  1.645  -30.391 0.0000000000
76949  -26.204  7.950  -35.157 0.0000000000
76102  -25.577  6.556  -34.543 0.0000000000
92824  -24.595  26.852  -37.129 0.0000000000
90514  -26.981  23.144  -35.511 0.0000000000
91285  -26.198  23.943  -36.759 0.0000000000
130761  -25.738  22.305  -38.852 0.0000000000
90551  -26.360  22.935  -40.163 0.0000000000
89732  -26.103  21.546  -38.702 0.0000000000
88104  -28.162  19.679  -38.440 0.0000000000
88914  -28.580  21.204  -38.124 0.0000000000
88915  -29.098  20.861  -37.188 0.0000000000
88892  -29.883  22.247  -34.923 0.0000000000
126165  -29.530  20.083  -36.126 0.0000000000
85386  -30.212  17.390  -34.872 0.0000000000
86318  -30.384  18.812  -34.562 0.0000000000
129214  -30.763  17.968  -33.628 0.0000000000
86281  -31.600  18.545  -32.062 0.0000000000
85350  -31.446  17.682  -32.414 0.0000000000
80460  -26.986  11.749  -36.288 0.0000000000
82019  -27.925  13.008  -35.855 0.0000000000
81244  -28.114  12.252  -35.609 0.0000000000
81214  -31.055  12.492  -32.139 0.0000000000
81985  -30.604  13.505  -32.947 0.0000000000
82742  -31.489  14.229  -31.759 0.0000000000
83578  -31.818  15.452  -31.348 0.0000000000
82722  -32.547  14.557  -30.481 0.0000000000
73225  -27.217  3.714  -31.465 0.0000000000
74200  -26.305  4.203  -32.521 0.0000000000
133071  -27.500  4.459  -31.698 0.0000000000
126764  -27.781  5.610  -32.338 0.0000000000
85421  -28.215  17.964  -37.498 0.0000000000
86336  -29.483  18.667  -36.342 0.0000000000
84498  -28.299  16.741  -36.810 0.0000000000
84487  -29.276  16.717  -36.177 0.0000000000
84473  -29.837  16.042  -34.829 0.0000000000
79573  -27.941  10.042  -35.068 0.0000000000
80453  -28.868  11.543  -34.501 0.0000000000
79575  -29.060  10.884  -33.994 0.0000000000
79561  -30.194  11.008  -32.710 0.0000000000
80406  -31.216  11.720  -31.775 0.0000000000
72275  -27.466  2.478  -30.637 0.0000000000
78750  -26.483  9.715  -35.728 0.0000000000
77828  -27.248  8.710  -35.061 0.0000000000
76922  -27.879  7.988  -34.152 0.0000000000
76907  -28.707  7.610  -32.835 0.0000000000
96562  -21.801  32.100  -36.510 0.0000000000
95109  -25.085  29.336  -34.059 0.0000000000
94384  -23.534  29.106  -36.332 0.0000000000
94434  -22.235  28.167  -38.885 0.0000000000
92861  -23.390  27.065  -39.558 0.0000000000
92049  -24.606  25.447  -40.559 0.0000000000
92017  -26.133  24.984  -36.319 0.0000000000
92040  -24.787  24.652  -39.091 0.0000000000
91326  -25.508  25.048  -40.776 0.0000000000
92051  -26.185  25.017  -40.428 0.0000000000
92041  -27.393  24.972  -38.909 0.0000000000
130698  -28.412  25.041  -37.249 0.0000000000
89720  -26.748  21.082  -37.292 0.0000000000
88934  -27.257  21.232  -39.239 0.0000000000
90526  -28.159  23.021  -38.098 0.0000000000
91287  -29.427  24.614  -36.041 0.0000000000
90517  -30.159  24.025  -35.134 0.0000000000
89685  -31.799  22.737  -33.220 0.0000000000
87262  -30.184  19.721  -34.670 0.0000000000
88056  -30.600  20.294  -33.705 0.0000000000
124425  -27.006  13.613  -36.161 0.0000000000
82794  -29.122  14.592  -35.484 0.0000000000
83619  -30.107  15.449  -34.351 0.0000000000
81996  -29.601  13.140  -34.210 0.0000000000
82769  -30.250  14.673  -33.948 0.0000000000
84448  -30.886  16.037  -33.145 0.0000000000
84428  -31.627  16.281  -31.716 0.0000000000
125169  -32.335  17.066  -31.080 0.0000000000
75197  -27.115  6.132  -33.609 0.0000000000
76071  -27.813  6.325  -32.827 0.0000000000
76073  -29.199  6.708  -31.843 0.0000000000
77801  -29.427  8.765  -32.654 0.0000000000
77790  -30.071  8.786  -31.924 0.0000000000
122646  -30.341  7.981  -31.567 0.0000000000
138081  -27.921  -0.056  -29.297 0.0000000000
70373  -27.550  0.323  -29.607 0.0000000000
131676  -27.253  22.465  -35.068 0.0000000000
90525  -26.540  23.102  -36.587 0.0000000000
89719  -26.350  22.294  -37.683 0.0000000000
137168  -26.499  21.591  -37.800 0.0000000000
86361  -28.158  18.480  -37.962 0.0000000000
87271  -27.777  18.822  -37.826 0.0000000000
87280  -28.111  18.949  -38.281 0.0000000000
88095  -28.822  19.902  -37.744 0.0000000000
88084  -29.469  20.756  -35.988 0.0000000000
87272  -29.273  19.425  -36.997 0.0000000000
122427  -30.314  16.614  -34.391 0.0000000000
85368  -30.558  17.374  -33.958 0.0000000000
85369  -30.967  17.473  -33.166 0.0000000000
81243  -27.362  12.339  -36.131 0.0000000000
80461  -27.623  11.628  -35.818 0.0000000000
81968  -31.440  13.312  -31.735 0.0000000000
139548  -30.935  13.143  -32.440 0.0000000000
82743  -31.905  14.733  -31.144 0.0000000000
81969  -31.989  13.954  -31.072 0.0000000000
82723  -33.199  14.409  -29.962 0.0000000000
81947  -32.670  13.800  -30.366 0.0000000000
85412  -27.869  17.277  -36.713 0.0000000000
85414  -28.478  17.536  -37.219 0.0000000000
128827  -27.974  16.536  -36.652 0.0000000000
83641  -27.802  15.074  -36.223 0.0000000000
84497  -28.083  15.893  -36.515 0.0000000000
83643  -28.682  16.102  -36.400 0.0000000000
84472  -29.350  16.023  -35.686 0.0000000000
83632  -28.912  15.300  -35.957 0.0000000000
79574  -28.530  10.264  -34.468 0.0000000000
79560  -29.122  10.186  -33.654 0.0000000000
79545  -30.829  10.985  -32.049 0.0000000000
80427  -30.613  11.760  -32.446 0.0000000000
80407  -31.824  11.674  -31.195 0.0000000000
79532  -31.465  10.987  -31.442 0.0000000000
69475  -25.630  -0.791  -29.859 0.0000000000
119032  -26.005  -1.383  -29.379 0.0000000000
72276  -28.269  2.775  -30.359 0.0000000000
78751  -27.013  9.801  -35.674 0.0000000000
76938  -26.664  7.452  -34.743 0.0000000000
125727  -27.307  8.063  -34.718 0.0000000000
76939  -27.396  7.384  -34.246 0.0000000000
76923  -28.327  7.841  -33.501 0.0000000000
133038  -27.874  7.423  -33.755 0.0000000000
95842  -23.392  31.107  -34.753 0.0000000000
96563  -22.547  31.651  -35.537 0.0000000000
95856  -21.971  31.169  -36.611 0.0000000000
95121  -22.250  30.321  -36.766 0.0000000000
93637  -24.821  27.969  -35.972 0.0000000000
94385  -24.430  28.719  -35.698 0.0000000000
95133  -22.516  29.507  -36.999 0.0000000000
94399  -22.857  28.715  -37.213 0.0000000000
94415  -22.338  28.357  -38.135 0.0000000000
93646  -23.321  27.975  -37.418 0.0000000000
92833  -23.993  26.525  -37.992 0.0000000000
92846  -23.375  27.061  -38.688 0.0000000000
92847  -23.966  26.335  -39.053 0.0000000000
92862  -24.008  26.214  -40.092 0.0000000000
92039  -24.407  25.413  -39.598 0.0000000000
126131  -26.543  24.565  -35.761 0.0000000000
91296  -25.597  23.395  -38.140 0.0000000000
91295  -25.213  23.998  -38.618 0.0000000000
91308  -25.237  23.801  -39.820 0.0000000000
92050  -24.882  24.595  -40.169 0.0000000000
91318  -25.403  24.179  -40.397 0.0000000000
91319  -25.949  24.107  -40.442 0.0000000000
90538  -26.864  22.563  -39.812 0.0000000000
91309  -27.039  23.757  -39.529 0.0000000000
91297  -27.826  24.737  -38.156 0.0000000000
88083  -27.331  20.054  -35.607 0.0000000000
88913  -26.966  20.297  -38.165 0.0000000000
88912  -26.544  20.960  -38.535 0.0000000000
88924  -27.140  20.655  -38.939 0.0000000000
89722  -28.989  21.959  -36.768 0.0000000000
89721  -28.484  22.358  -37.644 0.0000000000
90527  -28.707  23.708  -36.729 0.0000000000
90516  -29.455  23.693  -35.656 0.0000000000
91274  -30.019  24.451  -35.513 0.0000000000
89699  -30.528  22.743  -34.243 0.0000000000
89700  -31.317  23.128  -33.882 0.0000000000
89684  -30.967  22.317  -33.600 0.0000000000
131255  -29.456  17.922  -36.257 0.0000000000
132204  -29.961  18.984  -35.309 0.0000000000
87235  -30.942  19.085  -33.185 0.0000000000
87234  -30.620  19.379  -33.812 0.0000000000
88057  -31.118  20.836  -32.909 0.0000000000
88045  -31.615  20.376  -32.304 0.0000000000
85324  -32.780  18.139  -30.811 0.0000000000
129394  -26.239  13.664  -36.102 0.0000000000
82020  -28.655  13.751  -35.546 0.0000000000
82778  -29.664  14.667  -34.691 0.0000000000
131972  -29.181  12.086  -34.328 0.0000000000
139435  -30.700  14.153  -32.846 0.0000000000
127992  -30.354  14.032  -33.467 0.0000000000
130215  -30.618  14.715  -33.155 0.0000000000
83608  -30.565  15.378  -33.551 0.0000000000
83597  -30.918  15.375  -32.786 0.0000000000
127719  -31.249  15.978  -32.510 0.0000000000
83598  -31.372  15.443  -32.097 0.0000000000
83580  -33.042  15.799  -30.359 0.0000000000
123655  -32.359  16.078  -30.843 0.0000000000
84429  -33.329  16.558  -30.407 0.0000000000
75182  -28.527  5.944  -31.916 0.0000000000
76072  -28.607  6.851  -32.478 0.0000000000
83631  -27.072  14.918  -35.840 0.0000000000
78722  -29.306  9.553  -33.144 0.0000000000
79531  -31.048  10.241  -31.606 0.0000000000
78702  -30.584  9.495  -31.804 0.0000000000
77791  -30.837  8.695  -31.441 0.0000000000
69476  -26.449  -0.681  -29.614 0.0000000000
71312  -26.452  1.331  -30.680 0.0000000000
71299  -27.811  1.102  -29.826 0.0000000000
76937  -25.900  7.272  -34.896 0.0000000000
127968  -26.244  6.605  -34.534 0.0000000000
95843  -24.125  30.510  -33.968 0.0000000000
93647  -24.280  27.621  -36.831 0.0000000000
93648  -25.112  27.193  -36.290 0.0000000000
92825  -25.374  26.406  -36.594 0.0000000000
92834  -24.887  26.015  -37.492 0.0000000000
91272  -26.757  23.891  -35.708 0.0000000000
123421  -26.006  22.977  -37.616 0.0000000000
90537  -25.522  23.038  -39.432 0.0000000000
90550  -25.863  22.212  -40.013 0.0000000000
89743  -26.005  21.664  -39.371 0.0000000000
89744  -26.578  21.691  -39.694 0.0000000000
88103  -27.781  19.796  -38.525 0.0000000000
88925  -27.956  20.523  -38.925 0.0000000000
88094  -28.531  20.366  -38.283 0.0000000000
89711  -29.424  22.653  -35.655 0.0000000000
88904  -29.425  21.645  -35.861 0.0000000000
88075  -29.803  21.265  -35.054 0.0000000000
85404  -29.676  17.387  -35.766 0.0000000000
118550  -30.478  18.050  -34.366 0.0000000000
86296  -30.702  18.599  -33.744 0.0000000000
87223  -31.423  19.337  -32.421 0.0000000000
86297  -31.145  18.365  -32.966 0.0000000000
82018  -27.192  13.002  -36.299 0.0000000000
81245  -28.678  12.865  -35.300 0.0000000000
81224  -30.458  12.619  -32.944 0.0000000000
81986  -31.046  13.829  -32.363 0.0000000000
129294  -31.522  14.901  -31.761 0.0000000000
83579  -32.419  15.297  -30.645 0.0000000000
84412  -33.891  15.870  -29.991 0.0000000000
83561  -33.289  15.161  -30.037 0.0000000000
73244  -25.661  3.578  -32.511 0.0000000000
135258  -26.858  4.100  -31.929 0.0000000000
133086  -26.943  4.557  -32.226 0.0000000000
75181  -27.358  5.052  -32.281 0.0000000000
116450  -27.212  5.581  -32.907 0.0000000000
75162  -27.985  5.166  -31.779 0.0000000000
116928  -28.583  5.213  -31.476 0.0000000000
86348  -27.905  18.112  -37.393 0.0000000000
86349  -28.376  18.330  -37.885 0.0000000000
130632  -28.929  18.631  -37.467 0.0000000000
86350  -28.992  17.994  -37.187 0.0000000000
85403  -29.123  17.366  -36.666 0.0000000000
84499  -28.719  16.874  -36.758 0.0000000000
84488  -29.805  16.703  -35.290 0.0000000000
79590  -27.972  10.809  -35.339 0.0000000000
80452  -28.313  11.557  -35.195 0.0000000000
129563  -28.544  11.006  -34.707 0.0000000000
80442  -29.395  11.615  -33.835 0.0000000000
137887  -29.361  10.601  -33.489 0.0000000000
127545  -29.609  11.024  -33.348 0.0000000000
80443  -29.986  11.745  -33.156 0.0000000000
81193  -31.618  12.436  -31.426 0.0000000000
79514  -31.835  10.269  -30.976 0.0000000000
72308  -25.667  2.862  -32.080 0.0000000000
72274  -26.583  2.156  -31.040 0.0000000000
72288  -26.272  2.729  -31.591 0.0000000000
72289  -26.936  2.988  -31.229 0.0000000000
73214  -27.685  3.301  -30.840 0.0000000000
79588  -26.736  10.496  -35.989 0.0000000000
79589  -27.400  10.272  -35.595 0.0000000000
78736  -27.506  9.438  -35.183 0.0000000000
78737  -28.187  9.436  -34.541 0.0000000000
77827  -26.742  8.320  -35.164 0.0000000000
77829  -27.767  8.709  -34.604 0.0000000000
77812  -28.409  8.674  -33.882 0.0000000000
77800  -28.833  8.321  -33.122 0.0000000000
128630  -29.184  8.050  -32.582 0.0000000000
97252  -22.360  32.622  -35.354 0.0000000000
95096  -24.715  29.764  -33.506 0.0000000000
95108  -24.469  29.729  -34.503 0.0000000000
95123  -24.071  29.447  -35.439 0.0000000000
95122  -23.266  29.917  -36.120 0.0000000000
95132  -21.802  30.049  -37.818 0.0000000000
92832  -23.483  27.111  -38.124 0.0000000000
93661  -22.696  27.630  -39.118 0.0000000000
93669  -22.958  27.735  -39.632 0.0000000000
92879  -23.806  26.950  -40.360 0.0000000000
92880  -24.422  26.276  -40.983 0.0000000000
92070  -24.945  26.195  -41.969 0.0000000000
92826  -26.053  25.971  -35.859 0.0000000000
92016  -25.558  25.501  -36.929 0.0000000000
91284  -25.553  24.443  -37.412 0.0000000000
92030  -24.969  24.975  -37.913 0.0000000000
91317  -25.039  25.017  -40.779 0.0000000000
92071  -25.367  25.937  -41.644 0.0000000000
125678  -26.136  25.788  -41.016 0.0000000000
92863  -26.976  26.011  -39.895 0.0000000000
90561  -26.324  23.595  -40.149 0.0000000000
92848  -27.429  25.644  -39.118 0.0000000000
88891  -27.456  20.981  -35.011 0.0000000000
89710  -27.210  21.523  -35.693 0.0000000000
88923  -26.490  21.220  -39.185 0.0000000000
89733  -27.532  22.150  -39.163 0.0000000000
119074  -28.030  21.533  -38.824 0.0000000000
139185  -28.095  22.228  -38.537 0.0000000000
91298  -28.257  24.191  -37.537 0.0000000000
91286  -28.801  24.812  -36.714 0.0000000000
89712  -30.067  23.296  -34.855 0.0000000000
90503  -30.754  23.954  -34.773 0.0000000000
90505  -32.393  23.749  -34.420 0.0000000000
90500  -32.148  23.322  -33.774 0.0000000000
87261  -29.695  19.548  -35.747 0.0000000000
88085  -29.778  20.357  -35.268 0.0000000000
120069  -30.218  20.773  -34.392 0.0000000000
88872  -30.702  21.313  -33.564 0.0000000000
88873  -31.395  21.859  -32.927 0.0000000000
88046  -32.103  19.993  -31.709 0.0000000000
138423  -27.963  14.627  -36.140 0.0000000000
125024  -27.775  13.828  -35.948 0.0000000000
82793  -28.441  14.578  -35.944 0.0000000000
83618  -29.495  15.341  -35.182 0.0000000000
139416  -30.197  16.038  -34.340 0.0000000000
81232  -28.722  12.163  -34.936 0.0000000000
81233  -29.215  12.678  -34.603 0.0000000000
82006  -29.265  13.381  -34.878 0.0000000000
81997  -30.080  13.279  -33.589 0.0000000000
82768  -29.799  13.889  -34.258 0.0000000000
84461  -30.472  16.037  -33.865 0.0000000000
84449  -31.264  16.746  -32.644 0.0000000000
84450  -31.636  17.133  -31.854 0.0000000000
139400  -26.530  6.118  -34.120 0.0000000000
76088  -27.565  6.831  -33.659 0.0000000000
76089  -28.179  7.119  -33.203 0.0000000000
76908  -29.204  7.443  -32.239 0.0000000000
82792  -27.429  14.337  -35.996 0.0000000000
85413  -28.256  17.295  -37.010 0.0000000000
90504  -31.559  23.791  -34.433 0.0000000000
90515  -27.161  23.233  -34.567 0.0000000000
91263  -26.996  23.896  -34.215 0.0000000000
91275  -30.692  24.471  -35.284 0.0000000000
92018  -28.916  25.477  -36.964 0.0000000000
92031  -28.538  25.682  -37.522 0.0000000000
92052  -26.647  24.679  -39.756 0.0000000000
92061  -24.806  25.733  -41.339 0.0000000000
92062  -25.074  25.539  -41.319 0.0000000000
92892  -24.647  26.466  -41.943 0.0000000000
93655  -23.755  27.270  -37.613 0.0000000000
95107  -23.742  30.223  -35.122 0.0000000000
122903  -22.912  27.613  -38.306 0.0000000000
125802  -29.319  20.218  -36.842 0.0000000000
