#!ascii label  , from subject sub-p002 vox2ras=TkReg
348
139115  33.316  -45.798  34.666 0.0000000000
47361  42.596  -26.592  24.598 0.0000000000
54168  38.697  -19.697  21.007 0.0000000000
41374  39.129  -32.401  25.807 0.0000000000
34154  33.737  -38.983  34.238 0.0000000000
30978  34.965  -42.702  34.285 0.0000000000
51193  39.104  -23.168  22.397 0.0000000000
47391  40.210  -26.469  22.416 0.0000000000
41321  38.038  -33.032  29.471 0.0000000000
37081  37.065  -36.275  34.318 0.0000000000
52164  46.913  -21.785  20.833 0.0000000000
54164  42.398  -18.942  21.205 0.0000000000
43406  37.747  -31.285  27.276 0.0000000000
44421  41.849  -29.549  25.416 0.0000000000
127583  33.283  -41.971  35.592 0.0000000000
28742  34.245  -44.353  34.622 0.0000000000
49385  41.811  -24.936  23.530 0.0000000000
49386  40.291  -24.801  22.442 0.0000000000
47381  42.649  -26.486  23.924 0.0000000000
39304  36.454  -35.093  28.160 0.0000000000
33059  36.631  -39.844  34.866 0.0000000000
36034  35.870  -37.636  34.749 0.0000000000
35127  37.273  -38.573  33.654 0.0000000000
52155  45.788  -21.182  21.703 0.0000000000
52179  46.051  -21.200  19.589 0.0000000000
52166  44.711  -20.566  20.838 0.0000000000
54152  39.345  -19.872  22.740 0.0000000000
54151  40.063  -19.276  22.760 0.0000000000
54177  40.000  -18.875  20.820 0.0000000000
120709  41.661  -19.084  19.873 0.0000000000
54187  40.213  -18.881  19.482 0.0000000000
41347  39.075  -33.135  28.148 0.0000000000
42342  37.936  -32.227  28.374 0.0000000000
42357  39.761  -32.164  27.246 0.0000000000
43420  40.023  -30.938  26.647 0.0000000000
42389  40.941  -31.154  25.726 0.0000000000
43463  40.819  -30.315  23.937 0.0000000000
42409  38.525  -31.122  24.070 0.0000000000
32037  35.198  -40.982  35.163 0.0000000000
52144  38.942  -21.267  23.166 0.0000000000
53159  38.294  -20.915  21.877 0.0000000000
51206  38.364  -22.645  21.779 0.0000000000
48365  38.788  -24.938  21.615 0.0000000000
39257  37.944  -34.741  32.024 0.0000000000
39275  38.455  -34.630  30.395 0.0000000000
39319  38.766  -34.112  28.478 0.0000000000
123920  38.032  -33.493  26.643 0.0000000000
41390  37.346  -32.111  24.832 0.0000000000
39242  35.048  -34.618  32.110 0.0000000000
37105  37.922  -35.674  32.583 0.0000000000
51226  48.623  -22.193  19.690 0.0000000000
118957  43.243  -19.146  21.778 0.0000000000
54174  43.219  -19.726  19.925 0.0000000000
54196  43.129  -19.639  18.137 0.0000000000
45372  42.659  -27.849  24.964 0.0000000000
46409  41.934  -28.011  23.517 0.0000000000
46417  39.028  -28.039  22.148 0.0000000000
26508  33.470  -46.721  33.751 0.0000000000
28743  33.816  -44.950  34.870 0.0000000000
120562  33.711  -46.258  33.456 0.0000000000
48335  42.537  -25.867  24.354 0.0000000000
48356  42.123  -25.621  23.528 0.0000000000
47360  42.631  -26.461  24.442 0.0000000000
34138  37.218  -39.016  34.867 0.0000000000
53155  45.329  -20.649  22.125 0.0000000000
52165  45.547  -21.107  20.959 0.0000000000
128789  44.678  -20.289  21.692 0.0000000000
53166  38.801  -19.922  21.930 0.0000000000
54166  40.032  -18.976  21.489 0.0000000000
54167  39.403  -19.321  21.323 0.0000000000
118994  39.903  -18.899  20.144 0.0000000000
41360  39.518  -32.630  26.728 0.0000000000
132369  39.316  -32.640  27.671 0.0000000000
41359  39.980  -32.104  26.832 0.0000000000
42373  40.435  -31.483  26.246 0.0000000000
42390  40.387  -31.556  25.592 0.0000000000
42408  40.135  -31.355  24.796 0.0000000000
42391  39.613  -31.821  25.291 0.0000000000
133487  34.358  -41.229  35.391 0.0000000000
30957  35.312  -41.973  34.365 0.0000000000
32069  35.786  -41.267  34.134 0.0000000000
50258  39.992  -23.311  23.230 0.0000000000
139136  40.414  -23.182  23.832 0.0000000000
51192  39.127  -22.294  23.092 0.0000000000
52145  38.607  -21.512  22.576 0.0000000000
135623  38.656  -22.317  22.398 0.0000000000
52157  38.323  -21.831  22.030 0.0000000000
48358  40.314  -25.616  22.395 0.0000000000
49394  39.407  -24.483  21.994 0.0000000000
48364  39.526  -25.239  21.989 0.0000000000
49396  37.988  -24.760  21.283 0.0000000000
47397  39.407  -26.150  22.016 0.0000000000
118162  38.331  -35.067  31.256 0.0000000000
40279  38.173  -34.437  31.108 0.0000000000
38217  38.439  -35.127  30.315 0.0000000000
39303  37.608  -35.035  28.486 0.0000000000
40343  38.370  -33.943  27.559 0.0000000000
36047  36.363  -36.902  34.540 0.0000000000
37082  35.796  -36.221  33.839 0.0000000000
38177  36.832  -35.635  33.754 0.0000000000
38187  37.516  -35.443  33.339 0.0000000000
38186  37.822  -35.884  33.378 0.0000000000
51205  46.952  -21.957  21.636 0.0000000000
51218  47.530  -21.966  20.450 0.0000000000
53183  45.421  -20.825  19.310 0.0000000000
54165  41.394  -18.702  21.663 0.0000000000
54150  41.063  -18.834  22.707 0.0000000000
54149  42.156  -18.718  22.170 0.0000000000
119197  42.802  -18.726  22.737 0.0000000000
54163  43.237  -19.521  20.795 0.0000000000
54175  42.439  -19.289  20.325 0.0000000000
123056  41.648  -19.251  19.053 0.0000000000
54197  42.395  -19.457  18.602 0.0000000000
40313  37.743  -33.346  30.114 0.0000000000
41322  36.868  -32.821  29.552 0.0000000000
123947  38.394  -31.897  27.800 0.0000000000
42360  36.112  -31.698  27.894 0.0000000000
44403  41.051  -30.168  26.014 0.0000000000
44404  40.434  -30.162  26.190 0.0000000000
133664  41.241  -29.668  25.756 0.0000000000
46379  41.759  -28.694  25.376 0.0000000000
44420  42.548  -28.702  25.029 0.0000000000
45391  42.652  -28.102  24.633 0.0000000000
44441  42.490  -28.779  24.652 0.0000000000
44466  39.032  -29.560  22.596 0.0000000000
44464  40.480  -29.041  22.953 0.0000000000
45422  38.990  -28.856  22.274 0.0000000000
46427  38.427  -27.748  21.770 0.0000000000
29830  33.814  -43.312  35.392 0.0000000000
29861  34.629  -43.631  34.165 0.0000000000
29873  33.915  -43.937  32.723 0.0000000000
28758  34.375  -44.543  33.931 0.0000000000
50268  41.047  -24.446  23.152 0.0000000000
50269  39.980  -24.003  22.531 0.0000000000
48357  41.225  -25.177  22.892 0.0000000000
125129  41.184  -25.988  22.771 0.0000000000
34139  35.920  -39.009  35.317 0.0000000000
35103  34.517  -38.544  34.428 0.0000000000
35101  36.589  -38.212  35.139 0.0000000000
36032  37.361  -37.698  34.892 0.0000000000
36031  37.764  -37.198  34.470 0.0000000000
36059  37.960  -37.054  34.044 0.0000000000
36061  36.679  -38.070  32.863 0.0000000000
118211  46.279  -21.525  21.270 0.0000000000
119248  46.145  -21.383  20.447 0.0000000000
53172  45.283  -20.921  20.110 0.0000000000
53173  44.497  -20.511  20.071 0.0000000000
53131  39.367  -20.539  23.438 0.0000000000
117879  40.457  -18.901  22.001 0.0000000000
118129  40.697  -18.748  21.162 0.0000000000
119454  41.577  -18.817  20.729 0.0000000000
54176  40.726  -18.815  20.241 0.0000000000
54186  41.004  -18.971  19.460 0.0000000000
41333  38.878  -33.261  28.608 0.0000000000
41334  38.435  -32.849  28.838 0.0000000000
42341  38.926  -32.677  28.181 0.0000000000
42358  39.305  -32.167  27.554 0.0000000000
43405  38.832  -31.468  27.311 0.0000000000
43421  39.132  -30.963  26.835 0.0000000000
43404  39.700  -31.605  27.072 0.0000000000
43419  40.950  -30.907  26.135 0.0000000000
43437  41.242  -30.701  25.693 0.0000000000
43462  41.612  -29.894  24.251 0.0000000000
43451  40.765  -30.919  24.563 0.0000000000
43464  39.653  -30.739  23.875 0.0000000000
42427  38.504  -30.520  23.349 0.0000000000
121500  32.913  -40.965  35.413 0.0000000000
33061  33.233  -40.373  35.141 0.0000000000
34130  34.266  -40.026  35.228 0.0000000000
33047  35.741  -40.178  35.223 0.0000000000
122760  36.113  -40.708  33.651 0.0000000000
53158  38.836  -20.619  22.651 0.0000000000
137560  38.311  -20.309  21.289 0.0000000000
52158  37.916  -21.759  21.470 0.0000000000
51207  37.655  -22.536  21.187 0.0000000000
50280  39.171  -23.862  21.999 0.0000000000
49395  38.569  -24.113  21.561 0.0000000000
40281  36.144  -33.885  31.484 0.0000000000
40299  36.289  -33.562  30.911 0.0000000000
40298  37.465  -33.714  30.773 0.0000000000
40312  38.559  -33.705  29.732 0.0000000000
38226  38.132  -35.171  29.404 0.0000000000
39302  38.468  -34.672  28.908 0.0000000000
40311  38.823  -33.910  29.319 0.0000000000
40342  38.994  -33.457  28.035 0.0000000000
40359  39.030  -33.277  27.197 0.0000000000
135619  38.617  -32.924  26.330 0.0000000000
41375  38.045  -32.544  25.513 0.0000000000
41376  37.032  -32.686  25.428 0.0000000000
39241  36.087  -34.535  32.537 0.0000000000
38205  38.085  -35.271  32.052 0.0000000000
38206  38.071  -35.549  31.792 0.0000000000
36071  37.287  -37.037  32.825 0.0000000000
37106  37.771  -36.152  32.381 0.0000000000
51216  49.192  -22.650  20.328 0.0000000000
53157  44.091  -19.631  22.088 0.0000000000
53165  43.996  -19.910  21.242 0.0000000000
53174  43.939  -20.105  20.393 0.0000000000
53185  43.958  -20.173  19.501 0.0000000000
54185  42.442  -19.447  19.474 0.0000000000
54184  43.177  -19.739  19.051 0.0000000000
53195  44.383  -20.308  18.903 0.0000000000
42343  36.944  -32.058  28.357 0.0000000000
133990  41.890  -27.760  25.239 0.0000000000
46389  42.549  -27.206  24.974 0.0000000000
46407  42.698  -27.155  24.306 0.0000000000
45411  42.444  -27.575  23.866 0.0000000000
118990  41.001  -26.916  22.773 0.0000000000
44452  41.102  -29.586  23.563 0.0000000000
45420  40.939  -28.009  22.934 0.0000000000
46416  39.889  -27.437  22.395 0.0000000000
46426  38.975  -27.117  21.909 0.0000000000
42410  37.583  -31.475  24.207 0.0000000000
42428  37.698  -30.853  23.566 0.0000000000
27612  33.583  -45.609  34.575 0.0000000000
26502  33.329  -46.293  34.372 0.0000000000
27623  33.768  -45.973  34.085 0.0000000000
52156  45.225  -20.773  21.433 0.0000000000
54178  39.306  -19.216  20.527 0.0000000000
41373  40.002  -32.076  26.168 0.0000000000
30958  34.910  -42.338  34.815 0.0000000000
30993  34.746  -42.789  33.556 0.0000000000
136142  38.880  -25.612  21.716 0.0000000000
38218  38.068  -35.555  30.953 0.0000000000
38178  35.785  -35.511  33.353 0.0000000000
38176  37.660  -36.024  33.899 0.0000000000
54198  41.591  -19.263  18.211 0.0000000000
43407  36.660  -31.208  27.207 0.0000000000
43418  41.376  -30.348  25.769 0.0000000000
44442  42.176  -29.615  24.882 0.0000000000
45433  38.326  -28.430  21.891 0.0000000000
28725  33.928  -44.164  35.145 0.0000000000
29846  34.458  -43.341  34.856 0.0000000000
49376  42.332  -25.137  24.108 0.0000000000
49377  41.806  -24.549  23.868 0.0000000000
47390  41.810  -26.409  23.255 0.0000000000
34128  36.144  -39.522  35.270 0.0000000000
118300  36.757  -38.985  35.179 0.0000000000
35114  37.524  -38.496  34.559 0.0000000000
35100  37.313  -38.378  34.963 0.0000000000
35099  37.672  -37.909  34.725 0.0000000000
36046  37.799  -37.784  34.286 0.0000000000
54199  40.724  -19.064  18.658 0.0000000000
42374  40.240  -31.464  26.639 0.0000000000
42388  41.170  -30.967  24.993 0.0000000000
42407  40.772  -31.242  25.162 0.0000000000
141725  39.286  -31.405  24.550 0.0000000000
44454  39.107  -30.147  23.053 0.0000000000
32040  32.750  -41.596  35.535 0.0000000000
32039  33.508  -41.418  35.513 0.0000000000
33049  33.831  -40.721  35.372 0.0000000000
33048  34.815  -40.438  35.344 0.0000000000
34129  35.313  -39.711  35.296 0.0000000000
51180  39.835  -22.578  23.834 0.0000000000
52132  39.379  -21.579  23.756 0.0000000000
50281  38.059  -23.337  21.375 0.0000000000
40280  37.200  -34.053  31.469 0.0000000000
40297  38.399  -34.035  30.386 0.0000000000
39287  38.672  -34.205  29.777 0.0000000000
39320  38.062  -34.554  28.051 0.0000000000
39301  38.798  -34.173  29.227 0.0000000000
40328  38.848  -33.654  28.745 0.0000000000
137854  37.695  -33.017  25.997 0.0000000000
35115  34.853  -37.879  34.225 0.0000000000
36049  34.319  -37.335  33.441 0.0000000000
38189  35.170  -35.152  32.675 0.0000000000
38207  34.255  -34.977  31.980 0.0000000000
39259  35.547  -34.188  31.787 0.0000000000
39239  37.867  -35.324  32.697 0.0000000000
37093  37.824  -36.445  33.387 0.0000000000
37115  37.458  -36.076  31.525 0.0000000000
51217  48.265  -22.303  20.448 0.0000000000
54137  40.441  -19.355  23.474 0.0000000000
129633  43.560  -19.089  22.542 0.0000000000
53196  43.833  -19.979  18.609 0.0000000000
41335  37.382  -32.494  28.929 0.0000000000
44422  39.357  -29.605  25.789 0.0000000000
46378  42.400  -27.826  25.139 0.0000000000
46390  42.160  -27.117  25.035 0.0000000000
46388  42.702  -27.126  24.741 0.0000000000
45412  42.366  -28.415  24.085 0.0000000000
46408  41.867  -27.216  23.387 0.0000000000
45421  39.793  -28.471  22.524 0.0000000000
117614  38.056  -27.080  21.527 0.0000000000
41389  38.496  -31.859  24.874 0.0000000000
27611  34.060  -45.199  34.351 0.0000000000
48350  42.644  -25.840  24.180 0.0000000000
33076  36.563  -40.154  33.841 0.0000000000
138446  36.574  -39.844  33.287 0.0000000000
34153  37.076  -39.376  34.113 0.0000000000
117544  39.648  -19.343  22.070 0.0000000000
40341  39.369  -32.727  27.478 0.0000000000
124107  33.964  -41.964  35.489 0.0000000000
32038  34.728  -41.798  35.176 0.0000000000
32054  35.381  -41.539  34.786 0.0000000000
50257  41.096  -23.829  23.862 0.0000000000
47398  38.514  -26.282  21.624 0.0000000000
39337  37.535  -34.351  27.422 0.0000000000
40360  37.310  -33.925  26.864 0.0000000000
36048  35.286  -37.112  34.032 0.0000000000
37094  34.872  -35.974  33.025 0.0000000000
38188  36.528  -35.035  33.185 0.0000000000
51204  47.702  -22.274  21.250 0.0000000000
52177  47.850  -21.908  19.779 0.0000000000
40314  36.554  -33.214  30.232 0.0000000000
42359  37.279  -31.696  27.826 0.0000000000
130128  40.638  -30.829  26.335 0.0000000000
45374  40.404  -29.092  25.478 0.0000000000
45373  42.374  -28.526  25.165 0.0000000000
44453  39.984  -29.853  23.141 0.0000000000
44465  39.639  -29.200  22.641 0.0000000000
30941  33.524  -42.539  35.546 0.0000000000
30940  34.289  -42.592  35.252 0.0000000000
29872  34.364  -43.744  33.422 0.0000000000
28764  34.122  -44.555  33.245 0.0000000000
27622  34.002  -45.417  33.531 0.0000000000
139899  40.569  -23.903  23.136 0.0000000000
38227  37.618  -35.546  30.012 0.0000000000
125336  34.734  -39.221  34.970 0.0000000000
35102  35.450  -38.421  34.902 0.0000000000
36033  36.764  -37.462  34.912 0.0000000000
37072  37.254  -36.967  34.693 0.0000000000
37080  37.626  -36.547  34.305 0.0000000000
37079  37.892  -36.510  33.970 0.0000000000
36060  37.642  -37.483  33.619 0.0000000000
53184  44.740  -20.558  19.443 0.0000000000
139968  39.775  -19.769  23.317 0.0000000000
41320  38.721  -33.469  29.130 0.0000000000
139417  38.218  -30.962  26.869 0.0000000000
43436  41.627  -30.288  25.365 0.0000000000
43450  41.483  -30.399  24.730 0.0000000000
120197  33.576  -39.699  34.774 0.0000000000
33060  35.916  -40.743  34.796 0.0000000000
33077  36.284  -40.563  34.284 0.0000000000
53167  37.761  -20.909  20.958 0.0000000000
126681  38.668  -23.446  21.788 0.0000000000
40300  34.970  -33.654  30.897 0.0000000000
39288  38.600  -34.652  29.714 0.0000000000
35116  33.827  -38.186  33.613 0.0000000000
39258  36.766  -34.276  32.101 0.0000000000
39240  37.305  -34.810  32.766 0.0000000000
51225  49.392  -22.354  19.468 0.0000000000
124846  44.449  -20.165  18.239 0.0000000000
47362  41.845  -26.165  24.740 0.0000000000
117657  41.296  -27.087  24.771 0.0000000000
44451  42.044  -29.233  24.150 0.0000000000
45413  41.529  -28.761  23.453 0.0000000000
140017  39.573  -26.826  22.194 0.0000000000
