#!ascii label  , from subject sub-p002 vox2ras=TkReg
396
19907  36.209  -53.982  -28.471 0.0000000000
126502  38.055  -51.621  -34.509 0.0000000000
137790  35.480  -61.038  -29.998 0.0000000000
19952  42.882  -53.383  -31.675 0.0000000000
139333  36.897  -54.171  -34.292 0.0000000000
15946  36.111  -57.617  -32.410 0.0000000000
18933  34.096  -54.641  -30.801 0.0000000000
23127  41.808  -51.352  -34.291 0.0000000000
24110  43.702  -49.329  -31.359 0.0000000000
14876  36.760  -58.282  -29.127 0.0000000000
15922  39.318  -57.357  -31.414 0.0000000000
17974  40.026  -55.064  -34.152 0.0000000000
20027  39.597  -53.206  -37.624 0.0000000000
19033  35.722  -54.236  -37.143 0.0000000000
18866  35.801  -54.443  -24.968 0.0000000000
133473  38.426  -57.436  -26.125 0.0000000000
11883  38.121  -61.422  -26.725 0.0000000000
135917  43.799  -50.738  -29.998 0.0000000000
16929  33.756  -56.253  -30.011 0.0000000000
22030  39.544  -51.246  -34.041 0.0000000000
24149  40.838  -49.857  -32.420 0.0000000000
132798  36.615  -59.947  -29.881 0.0000000000
132074  37.270  -59.211  -31.489 0.0000000000
17943  36.601  -55.867  -32.736 0.0000000000
15969  38.091  -56.981  -34.109 0.0000000000
123719  38.355  -55.219  -34.990 0.0000000000
19018  39.649  -54.047  -36.040 0.0000000000
19020  38.617  -53.994  -36.699 0.0000000000
19052  37.138  -54.212  -40.194 0.0000000000
14832  40.636  -58.728  -25.508 0.0000000000
13830  39.210  -59.990  -26.922 0.0000000000
12817  39.635  -60.635  -25.458 0.0000000000
123452  41.516  -54.350  -30.910 0.0000000000
21986  44.118  -51.692  -31.180 0.0000000000
26221  42.221  -48.124  -29.190 0.0000000000
25171  45.581  -48.629  -29.809 0.0000000000
12873  34.334  -60.469  -30.402 0.0000000000
13873  35.851  -59.635  -31.841 0.0000000000
15925  34.424  -58.165  -30.742 0.0000000000
16941  35.151  -56.046  -31.047 0.0000000000
18943  35.298  -54.708  -31.978 0.0000000000
20948  42.639  -52.635  -33.475 0.0000000000
23091  44.582  -50.847  -32.119 0.0000000000
137886  43.015  -49.978  -32.467 0.0000000000
25198  41.004  -48.641  -30.601 0.0000000000
128149  36.304  -51.850  -34.742 0.0000000000
139146  36.464  -55.863  -28.937 0.0000000000
17921  40.287  -55.713  -30.655 0.0000000000
17932  40.985  -55.742  -31.332 0.0000000000
14913  37.777  -58.336  -33.097 0.0000000000
16958  39.834  -56.185  -33.023 0.0000000000
18976  41.615  -54.220  -32.794 0.0000000000
19992  40.806  -53.431  -34.985 0.0000000000
137020  40.404  -52.270  -36.214 0.0000000000
22093  39.437  -51.967  -36.821 0.0000000000
20007  36.036  -53.735  -35.461 0.0000000000
20030  37.122  -53.706  -37.111 0.0000000000
21038  38.574  -52.670  -39.115 0.0000000000
21006  38.050  -51.979  -37.714 0.0000000000
20899  35.047  -52.723  -26.905 0.0000000000
18886  35.359  -54.332  -26.769 0.0000000000
17854  37.106  -55.798  -25.423 0.0000000000
139607  36.473  -56.536  -26.876 0.0000000000
15901  37.170  -57.910  -27.347 0.0000000000
13840  37.635  -60.154  -28.153 0.0000000000
11917  36.756  -61.462  -28.458 0.0000000000
13832  35.855  -60.152  -26.827 0.0000000000
12843  34.844  -60.739  -28.470 0.0000000000
23057  45.088  -50.309  -31.197 0.0000000000
19908  35.788  -53.589  -27.938 0.0000000000
20907  36.629  -52.482  -28.694 0.0000000000
20917  36.945  -53.113  -29.082 0.0000000000
22054  39.216  -51.537  -34.818 0.0000000000
23114  38.829  -50.983  -33.250 0.0000000000
12870  36.290  -60.350  -30.121 0.0000000000
13862  36.766  -59.590  -30.839 0.0000000000
13863  36.343  -59.967  -30.961 0.0000000000
18959  36.511  -54.979  -32.959 0.0000000000
18978  37.714  -55.547  -34.343 0.0000000000
18998  38.817  -54.730  -35.643 0.0000000000
19000  37.468  -54.471  -34.770 0.0000000000
138285  35.083  -55.690  -39.153 0.0000000000
13828  40.317  -59.475  -25.888 0.0000000000
19953  42.164  -54.060  -31.322 0.0000000000
20923  42.461  -52.551  -31.004 0.0000000000
19951  43.373  -52.816  -31.651 0.0000000000
26196  43.884  -47.452  -28.481 0.0000000000
14886  34.022  -59.230  -30.535 0.0000000000
135502  33.625  -58.484  -30.222 0.0000000000
17924  33.633  -55.139  -30.097 0.0000000000
16928  34.473  -56.762  -30.556 0.0000000000
17923  34.388  -55.515  -30.568 0.0000000000
17933  35.582  -55.492  -31.686 0.0000000000
18944  34.456  -54.484  -31.663 0.0000000000
22051  42.776  -51.779  -33.864 0.0000000000
23110  43.530  -51.024  -33.229 0.0000000000
137528  42.269  -50.564  -33.402 0.0000000000
24131  41.269  -49.476  -31.830 0.0000000000
25199  40.118  -48.572  -30.579 0.0000000000
25175  40.495  -48.233  -29.932 0.0000000000
15916  36.658  -57.275  -29.034 0.0000000000
16916  36.750  -56.303  -29.258 0.0000000000
16915  37.491  -56.978  -29.809 0.0000000000
17920  40.842  -55.848  -30.900 0.0000000000
16924  40.452  -56.335  -31.215 0.0000000000
14896  35.561  -59.120  -32.008 0.0000000000
13882  36.352  -59.086  -32.504 0.0000000000
14906  36.800  -58.417  -32.981 0.0000000000
16970  38.886  -56.212  -34.356 0.0000000000
16959  39.247  -56.621  -33.611 0.0000000000
17954  39.592  -55.827  -33.870 0.0000000000
17953  40.429  -55.489  -32.972 0.0000000000
18977  40.803  -54.622  -33.421 0.0000000000
18995  41.227  -53.828  -33.852 0.0000000000
18996  40.447  -54.287  -34.502 0.0000000000
20004  39.851  -53.361  -36.923 0.0000000000
20003  40.282  -53.367  -36.020 0.0000000000
21003  40.032  -52.597  -36.993 0.0000000000
22092  40.071  -52.123  -36.608 0.0000000000
136289  39.569  -52.744  -37.789 0.0000000000
16990  31.691  -57.129  -35.119 0.0000000000
18008  34.405  -55.284  -36.921 0.0000000000
17996  33.367  -55.595  -35.363 0.0000000000
17995  34.033  -55.024  -35.927 0.0000000000
121275  35.411  -54.116  -35.966 0.0000000000
20031  36.274  -53.840  -36.499 0.0000000000
20056  36.663  -53.950  -37.834 0.0000000000
20072  37.412  -53.717  -40.350 0.0000000000
131111  37.853  -53.451  -39.792 0.0000000000
21039  38.062  -52.549  -39.415 0.0000000000
21024  38.529  -52.346  -38.673 0.0000000000
125503  37.813  -52.137  -38.547 0.0000000000
20890  34.495  -52.713  -25.674 0.0000000000
19901  34.733  -52.941  -26.157 0.0000000000
19900  35.027  -53.556  -26.383 0.0000000000
18877  35.325  -54.245  -25.723 0.0000000000
121364  39.546  -57.234  -25.409 0.0000000000
16864  38.804  -56.489  -24.996 0.0000000000
16872  37.832  -56.423  -25.526 0.0000000000
17868  36.834  -56.361  -26.214 0.0000000000
16879  37.710  -57.002  -26.115 0.0000000000
15888  36.913  -57.089  -26.866 0.0000000000
15887  37.790  -57.650  -26.612 0.0000000000
12838  39.128  -60.834  -26.967 0.0000000000
14856  38.333  -59.575  -27.374 0.0000000000
12839  38.331  -61.235  -27.377 0.0000000000
12850  37.121  -61.404  -28.338 0.0000000000
138400  37.473  -61.493  -27.675 0.0000000000
14850  34.449  -58.765  -26.732 0.0000000000
13833  34.952  -59.547  -27.116 0.0000000000
13841  35.268  -60.452  -27.640 0.0000000000
24129  44.300  -49.908  -31.850 0.0000000000
23074  44.733  -50.639  -31.756 0.0000000000
24108  45.222  -49.719  -30.967 0.0000000000
24086  46.297  -49.213  -29.614 0.0000000000
23128  41.158  -51.192  -34.355 0.0000000000
23094  41.338  -50.372  -33.161 0.0000000000
14875  36.784  -59.084  -29.691 0.0000000000
15915  37.118  -58.035  -29.763 0.0000000000
141590  36.827  -59.331  -30.379 0.0000000000
14884  37.834  -58.625  -31.658 0.0000000000
16950  36.370  -56.836  -32.577 0.0000000000
14915  37.015  -57.825  -33.374 0.0000000000
16960  37.697  -56.571  -33.962 0.0000000000
17977  38.290  -56.166  -34.487 0.0000000000
17975  39.326  -55.410  -34.741 0.0000000000
18997  39.740  -54.637  -35.072 0.0000000000
17994  39.205  -54.825  -35.454 0.0000000000
19019  39.146  -54.283  -36.187 0.0000000000
19032  39.364  -53.661  -37.110 0.0000000000
19053  36.327  -54.487  -38.766 0.0000000000
18022  35.641  -55.127  -39.096 0.0000000000
19073  36.375  -54.675  -40.241 0.0000000000
15875  40.028  -57.898  -25.677 0.0000000000
15886  38.692  -58.066  -26.407 0.0000000000
14846  39.809  -59.266  -26.357 0.0000000000
13829  39.724  -60.162  -26.424 0.0000000000
12818  38.769  -61.118  -25.972 0.0000000000
21988  41.741  -51.668  -30.649 0.0000000000
23059  43.383  -51.192  -30.432 0.0000000000
25173  43.191  -48.517  -29.944 0.0000000000
25195  45.115  -49.124  -30.641 0.0000000000
25172  44.414  -48.547  -29.930 0.0000000000
25148  44.851  -47.931  -29.017 0.0000000000
12872  34.882  -60.901  -30.324 0.0000000000
12879  35.441  -60.244  -31.192 0.0000000000
13864  34.423  -60.009  -30.907 0.0000000000
14897  34.758  -59.285  -31.283 0.0000000000
15934  35.623  -58.011  -31.983 0.0000000000
15935  35.143  -57.356  -31.211 0.0000000000
16940  35.792  -56.751  -31.801 0.0000000000
136747  36.145  -55.950  -32.130 0.0000000000
17944  36.023  -55.151  -32.294 0.0000000000
20939  43.282  -52.724  -32.553 0.0000000000
19966  43.483  -52.804  -31.963 0.0000000000
22028  43.849  -51.413  -32.860 0.0000000000
24147  43.864  -50.255  -32.380 0.0000000000
132415  43.343  -49.670  -31.927 0.0000000000
24148  42.067  -50.015  -32.673 0.0000000000
132248  42.296  -49.554  -31.900 0.0000000000
24130  42.603  -49.196  -31.294 0.0000000000
138963  42.294  -48.541  -30.068 0.0000000000
26222  40.984  -47.832  -29.108 0.0000000000
22055  37.031  -51.759  -34.619 0.0000000000
17894  36.195  -55.430  -28.490 0.0000000000
19923  36.711  -53.884  -28.973 0.0000000000
18918  37.024  -54.544  -29.381 0.0000000000
18931  41.648  -54.787  -31.056 0.0000000000
18942  41.755  -54.615  -31.328 0.0000000000
15933  38.607  -58.072  -31.931 0.0000000000
15958  38.117  -57.707  -33.575 0.0000000000
15957  38.899  -57.371  -33.230 0.0000000000
16939  39.880  -56.860  -31.687 0.0000000000
16948  40.412  -56.213  -32.052 0.0000000000
18957  41.922  -54.566  -31.915 0.0000000000
19968  42.385  -53.880  -32.312 0.0000000000
19980  42.062  -53.460  -33.196 0.0000000000
128504  41.689  -53.001  -34.220 0.0000000000
22074  41.530  -52.001  -34.950 0.0000000000
19017  40.186  -54.006  -35.365 0.0000000000
20986  41.180  -52.565  -35.163 0.0000000000
22052  41.278  -51.688  -34.928 0.0000000000
122347  40.595  -51.913  -35.757 0.0000000000
22076  39.905  -51.729  -35.890 0.0000000000
22077  38.772  -51.718  -35.689 0.0000000000
18961  34.951  -54.310  -32.560 0.0000000000
17997  32.643  -56.106  -34.899 0.0000000000
19001  35.287  -54.017  -34.977 0.0000000000
19994  36.683  -53.837  -34.903 0.0000000000
20006  36.805  -53.729  -35.937 0.0000000000
20005  37.639  -53.800  -36.411 0.0000000000
20028  38.981  -53.579  -37.984 0.0000000000
20055  37.695  -53.848  -38.728 0.0000000000
20054  38.493  -53.450  -38.902 0.0000000000
20052  39.359  -52.950  -38.262 0.0000000000
21005  38.952  -52.167  -37.799 0.0000000000
22094  38.376  -51.870  -36.690 0.0000000000
22078  37.674  -51.800  -35.535 0.0000000000
22079  36.717  -51.900  -35.505 0.0000000000
22990  35.279  -50.489  -26.602 0.0000000000
21950  34.774  -51.282  -26.567 0.0000000000
23008  35.420  -51.141  -27.201 0.0000000000
21962  35.566  -52.009  -27.624 0.0000000000
20904  35.514  -52.902  -27.563 0.0000000000
131558  35.538  -54.153  -27.489 0.0000000000
17841  38.468  -55.690  -24.386 0.0000000000
17843  36.622  -55.271  -25.241 0.0000000000
120484  36.199  -55.511  -26.009 0.0000000000
17870  35.638  -55.154  -26.839 0.0000000000
17881  35.761  -55.324  -27.654 0.0000000000
17880  35.981  -55.980  -27.901 0.0000000000
15911  36.452  -57.114  -28.288 0.0000000000
14858  36.712  -58.011  -28.277 0.0000000000
14848  38.033  -58.510  -27.022 0.0000000000
14857  37.411  -58.893  -27.793 0.0000000000
14867  36.943  -59.118  -28.681 0.0000000000
13858  36.892  -60.122  -28.999 0.0000000000
12860  36.620  -60.922  -29.102 0.0000000000
11924  36.015  -61.359  -29.160 0.0000000000
12841  36.401  -61.462  -27.879 0.0000000000
11904  36.300  -61.478  -28.474 0.0000000000
12862  35.121  -61.150  -29.674 0.0000000000
21996  44.491  -51.445  -31.757 0.0000000000
23058  44.494  -51.049  -30.725 0.0000000000
23041  44.800  -50.518  -29.945 0.0000000000
24107  45.754  -49.224  -30.190 0.0000000000
23040  45.452  -50.126  -30.316 0.0000000000
11892  37.981  -61.484  -27.278 0.0000000000
11893  37.473  -61.491  -27.090 0.0000000000
11902  37.221  -61.531  -28.033 0.0000000000
11903  36.774  -61.556  -27.915 0.0000000000
12825  39.377  -60.846  -26.286 0.0000000000
12826  38.657  -61.262  -26.791 0.0000000000
12829  36.009  -60.987  -27.512 0.0000000000
12840  37.633  -61.412  -27.742 0.0000000000
12842  35.710  -61.233  -28.178 0.0000000000
12849  37.852  -60.967  -28.033 0.0000000000
12851  36.532  -61.335  -28.840 0.0000000000
12852  35.450  -61.292  -28.956 0.0000000000
12861  36.085  -61.036  -29.557 0.0000000000
12871  35.790  -60.511  -30.561 0.0000000000
12880  34.879  -60.506  -30.922 0.0000000000
13818  40.266  -60.036  -25.379 0.0000000000
13819  39.992  -60.329  -25.949 0.0000000000
13839  38.495  -60.627  -27.464 0.0000000000
13865  33.759  -59.924  -30.236 0.0000000000
13871  36.760  -59.547  -31.597 0.0000000000
13874  35.140  -59.912  -31.444 0.0000000000
14833  40.287  -58.617  -25.846 0.0000000000
14847  38.997  -58.975  -26.726 0.0000000000
14849  35.271  -59.138  -26.371 0.0000000000
14905  37.113  -58.817  -32.805 0.0000000000
14907  36.178  -58.446  -32.564 0.0000000000
14914  37.376  -58.160  -33.347 0.0000000000
15874  40.618  -58.135  -25.384 0.0000000000
15876  39.212  -57.624  -25.921 0.0000000000
15902  36.607  -57.360  -27.681 0.0000000000
15943  39.191  -57.503  -32.275 0.0000000000
15944  38.445  -58.023  -32.826 0.0000000000
15945  36.574  -57.774  -32.959 0.0000000000
15959  37.536  -57.426  -33.688 0.0000000000
16871  38.626  -57.022  -25.673 0.0000000000
16893  36.312  -56.645  -27.601 0.0000000000
16907  36.376  -56.354  -28.541 0.0000000000
16949  39.601  -56.818  -32.641 0.0000000000
16961  36.959  -56.965  -33.381 0.0000000000
16971  38.584  -56.926  -33.926 0.0000000000
17855  35.624  -54.848  -26.167 0.0000000000
17869  36.009  -56.003  -26.977 0.0000000000
17908  36.723  -55.404  -29.260 0.0000000000
17909  32.993  -55.869  -29.605 0.0000000000
17919  41.389  -55.294  -31.048 0.0000000000
17934  34.882  -54.981  -31.228 0.0000000000
17941  41.450  -55.167  -31.544 0.0000000000
17942  41.012  -55.567  -31.969 0.0000000000
17955  37.176  -55.723  -33.466 0.0000000000
17976  38.818  -55.483  -34.941 0.0000000000
18876  35.992  -54.875  -25.445 0.0000000000
18890  35.591  -54.699  -27.388 0.0000000000
18899  36.415  -54.629  -28.796 0.0000000000
18900  35.864  -54.545  -28.074 0.0000000000
18934  33.257  -54.468  -30.421 0.0000000000
18941  42.381  -54.004  -31.699 0.0000000000
18958  41.270  -54.979  -32.366 0.0000000000
18979  36.978  -54.681  -33.786 0.0000000000
18999  38.157  -54.347  -35.694 0.0000000000
19034  34.835  -54.591  -36.485 0.0000000000
19892  34.808  -53.407  -25.491 0.0000000000
19904  35.323  -53.554  -27.190 0.0000000000
19935  42.804  -53.207  -31.405 0.0000000000
19936  41.971  -53.465  -31.066 0.0000000000
19967  42.979  -53.399  -32.073 0.0000000000
19979  42.735  -53.246  -32.677 0.0000000000
19982  35.424  -53.982  -34.063 0.0000000000
19993  37.372  -53.889  -35.493 0.0000000000
19995  35.937  -53.811  -34.655 0.0000000000
20026  39.835  -52.992  -37.491 0.0000000000
20029  38.119  -53.757  -37.667 0.0000000000
20053  38.943  -53.135  -38.745 0.0000000000
20070  38.762  -52.873  -39.024 0.0000000000
20071  38.388  -53.074  -39.476 0.0000000000
20087  38.327  -52.877  -39.498 0.0000000000
20088  37.724  -53.234  -40.039 0.0000000000
20089  37.281  -53.640  -40.410 0.0000000000
20900  34.540  -52.165  -26.285 0.0000000000
20922  43.398  -52.417  -31.353 0.0000000000
20932  43.936  -52.098  -31.781 0.0000000000
20938  43.797  -52.068  -32.373 0.0000000000
20947  43.435  -52.028  -33.171 0.0000000000
20966  42.013  -51.657  -34.369 0.0000000000
20967  42.021  -52.217  -34.405 0.0000000000
20987  40.516  -52.659  -36.091 0.0000000000
20988  37.322  -51.922  -36.544 0.0000000000
21004  39.558  -52.413  -37.480 0.0000000000
21023  39.078  -52.620  -38.435 0.0000000000
21949  35.024  -51.861  -26.954 0.0000000000
21985  44.794  -51.006  -31.456 0.0000000000
21987  42.920  -51.763  -30.752 0.0000000000
22011  44.699  -51.041  -31.915 0.0000000000
22012  44.349  -51.373  -32.219 0.0000000000
22029  43.316  -51.420  -33.426 0.0000000000
22053  40.412  -51.456  -34.915 0.0000000000
22075  40.944  -52.129  -35.563 0.0000000000
23039  46.090  -49.672  -29.504 0.0000000000
23056  45.624  -49.685  -30.354 0.0000000000
23092  44.112  -50.814  -32.606 0.0000000000
23093  43.195  -50.540  -33.044 0.0000000000
23111  41.736  -50.870  -33.864 0.0000000000
23112  40.805  -50.727  -33.634 0.0000000000
23126  42.661  -51.112  -33.786 0.0000000000
23129  40.376  -51.102  -34.047 0.0000000000
24109  44.684  -49.555  -31.294 0.0000000000
24128  44.843  -50.147  -31.586 0.0000000000
24146  44.497  -50.472  -32.055 0.0000000000
25149  43.505  -48.074  -29.092 0.0000000000
25174  41.447  -48.373  -29.918 0.0000000000
25196  44.037  -48.950  -30.721 0.0000000000
25197  41.933  -48.783  -30.636 0.0000000000
25216  41.591  -49.117  -31.214 0.0000000000
25217  40.656  -49.019  -31.149 0.0000000000
119462  39.305  -56.132  -24.269 0.0000000000
119806  45.005  -50.626  -30.906 0.0000000000
121750  39.315  -53.264  -38.008 0.0000000000
123677  40.164  -52.992  -36.807 0.0000000000
128052  35.110  -58.443  -31.467 0.0000000000
128340  36.365  -53.283  -28.561 0.0000000000
131303  37.165  -54.176  -39.179 0.0000000000
133443  33.816  -60.333  -29.947 0.0000000000
133926  38.693  -51.387  -33.993 0.0000000000
135697  37.278  -60.948  -28.521 0.0000000000
135942  42.928  -48.857  -30.694 0.0000000000
136250  39.605  -58.376  -26.172 0.0000000000
139303  40.738  -53.014  -35.624 0.0000000000
140437  37.546  -54.025  -39.800 0.0000000000
141053  38.436  -56.572  -34.243 0.0000000000
141628  35.232  -60.711  -30.627 0.0000000000
