#!ascii label  , from subject sub-p002 vox2ras=TkReg
336
138695  29.905  17.425  -32.432 0.0000000000
78107  27.880  5.828  -32.395 0.0000000000
91306  29.262  20.215  -37.580 0.0000000000
96013  24.447  27.077  -36.883 0.0000000000
76305  25.142  3.458  -33.879 0.0000000000
135741  29.659  24.136  -36.511 0.0000000000
94572  27.915  24.205  -39.815 0.0000000000
85360  28.552  13.401  -34.672 0.0000000000
82587  29.032  10.743  -33.299 0.0000000000
86234  30.090  14.953  -31.304 0.0000000000
91258  32.514  20.755  -31.937 0.0000000000
89597  32.553  18.477  -30.476 0.0000000000
90473  29.780  19.592  -34.203 0.0000000000
92917  31.337  22.964  -33.743 0.0000000000
95275  25.810  25.038  -37.608 0.0000000000
95312  26.677  25.843  -41.429 0.0000000000
121163  29.457  8.952  -31.943 0.0000000000
128973  28.340  23.601  -39.003 0.0000000000
94573  27.243  23.632  -40.625 0.0000000000
87109  29.600  15.570  -33.187 0.0000000000
121937  29.502  14.141  -32.852 0.0000000000
135328  29.920  16.349  -31.980 0.0000000000
77220  27.104  4.843  -33.346 0.0000000000
124093  29.616  19.825  -36.098 0.0000000000
92100  30.487  21.547  -33.853 0.0000000000
92923  30.252  22.594  -35.045 0.0000000000
95274  30.471  25.907  -37.353 0.0000000000
94537  31.261  25.194  -35.940 0.0000000000
95989  24.492  27.357  -35.430 0.0000000000
95253  27.374  25.150  -35.080 0.0000000000
96012  24.849  26.415  -37.629 0.0000000000
98227  28.409  29.738  -38.918 0.0000000000
97488  26.988  28.858  -40.798 0.0000000000
96768  26.266  27.527  -40.838 0.0000000000
96784  26.774  28.056  -42.216 0.0000000000
96775  27.418  27.442  -42.136 0.0000000000
83497  29.778  11.550  -31.849 0.0000000000
121681  29.436  10.282  -32.477 0.0000000000
75359  24.313  2.633  -33.325 0.0000000000
92931  29.424  22.602  -36.817 0.0000000000
92939  29.005  22.478  -37.747 0.0000000000
94561  29.163  24.951  -37.645 0.0000000000
96020  29.743  26.408  -38.757 0.0000000000
82601  27.492  10.218  -35.295 0.0000000000
84444  28.469  12.063  -34.494 0.0000000000
84427  29.355  12.542  -32.840 0.0000000000
85311  30.474  13.805  -30.409 0.0000000000
90458  30.804  19.387  -31.473 0.0000000000
88778  30.676  17.897  -30.904 0.0000000000
90456  32.522  19.652  -31.187 0.0000000000
141778  29.625  16.680  -34.154 0.0000000000
129609  29.596  17.359  -35.280 0.0000000000
137047  29.701  18.320  -33.778 0.0000000000
130648  30.177  20.099  -33.128 0.0000000000
92900  32.197  22.044  -32.766 0.0000000000
93752  32.616  23.192  -33.628 0.0000000000
93772  30.353  23.633  -35.346 0.0000000000
94520  32.130  24.348  -34.655 0.0000000000
94552  26.029  24.262  -38.278 0.0000000000
96736  26.149  27.228  -37.681 0.0000000000
96746  25.499  26.747  -39.190 0.0000000000
95295  25.695  25.522  -39.873 0.0000000000
94584  26.650  24.171  -40.803 0.0000000000
95305  27.086  24.983  -41.313 0.0000000000
96041  29.023  27.073  -40.244 0.0000000000
79845  27.374  7.175  -33.676 0.0000000000
81678  28.132  9.415  -34.066 0.0000000000
87913  30.791  16.387  -30.243 0.0000000000
87074  30.922  15.660  -29.875 0.0000000000
93809  26.884  22.666  -39.886 0.0000000000
93800  26.492  22.628  -38.915 0.0000000000
87947  29.715  16.299  -32.821 0.0000000000
87946  29.845  16.866  -32.425 0.0000000000
74383  23.300  1.590  -32.355 0.0000000000
74382  24.126  1.408  -32.812 0.0000000000
91300  29.550  20.435  -36.634 0.0000000000
120121  29.723  20.837  -35.606 0.0000000000
135087  29.601  21.171  -36.304 0.0000000000
96010  31.048  26.267  -37.973 0.0000000000
95273  31.349  25.906  -37.314 0.0000000000
96003  24.134  27.311  -36.357 0.0000000000
128718  25.145  26.756  -35.524 0.0000000000
95997  25.121  26.403  -36.234 0.0000000000
96002  24.617  26.757  -36.770 0.0000000000
98248  26.607  29.183  -42.007 0.0000000000
97496  27.175  28.674  -42.514 0.0000000000
84406  30.193  12.274  -30.967 0.0000000000
82564  29.790  10.746  -31.773 0.0000000000
77233  25.381  4.970  -34.624 0.0000000000
92124  28.738  21.672  -38.353 0.0000000000
92940  28.561  22.317  -38.605 0.0000000000
94562  28.576  24.631  -38.533 0.0000000000
95283  29.121  25.595  -38.292 0.0000000000
96021  28.732  25.958  -39.122 0.0000000000
98206  24.359  28.759  -36.086 0.0000000000
131327  27.958  11.904  -35.052 0.0000000000
84455  28.754  12.774  -34.257 0.0000000000
86235  29.721  14.363  -31.940 0.0000000000
85335  29.345  13.399  -33.161 0.0000000000
136654  29.828  13.784  -31.620 0.0000000000
85321  30.043  13.251  -31.239 0.0000000000
127230  30.099  14.148  -31.154 0.0000000000
75358  24.911  2.626  -33.528 0.0000000000
74393  25.193  2.054  -33.183 0.0000000000
91248  30.999  20.066  -31.694 0.0000000000
90457  31.663  19.782  -31.283 0.0000000000
91247  32.273  20.228  -31.500 0.0000000000
87134  29.259  15.408  -34.993 0.0000000000
128444  29.602  19.014  -35.466 0.0000000000
139022  29.632  18.468  -34.991 0.0000000000
89645  29.638  18.010  -34.576 0.0000000000
90474  29.668  18.741  -34.379 0.0000000000
89630  29.856  19.041  -33.238 0.0000000000
92910  31.054  22.224  -33.400 0.0000000000
141033  30.888  21.700  -33.206 0.0000000000
92909  31.749  22.527  -33.200 0.0000000000
92908  32.376  22.665  -33.233 0.0000000000
93753  32.010  23.228  -33.563 0.0000000000
93781  29.717  23.489  -36.227 0.0000000000
93780  30.133  24.324  -35.931 0.0000000000
94527  31.702  24.798  -35.328 0.0000000000
136864  33.356  24.125  -35.536 0.0000000000
95265  26.360  25.164  -36.677 0.0000000000
94530  27.163  24.830  -35.961 0.0000000000
94540  27.410  24.037  -36.132 0.0000000000
124282  26.479  24.375  -37.363 0.0000000000
98228  27.931  29.122  -39.385 0.0000000000
97468  28.256  28.708  -38.385 0.0000000000
121653  27.014  27.689  -38.710 0.0000000000
96754  26.196  27.358  -39.795 0.0000000000
96769  26.071  27.083  -41.224 0.0000000000
96044  25.899  26.556  -40.708 0.0000000000
95307  26.052  25.829  -40.745 0.0000000000
94575  26.025  24.603  -40.019 0.0000000000
95306  26.584  25.197  -41.113 0.0000000000
94583  27.035  24.251  -41.110 0.0000000000
95311  27.030  25.555  -41.513 0.0000000000
96774  28.375  27.733  -41.989 0.0000000000
96767  28.722  27.418  -41.085 0.0000000000
96766  29.641  27.443  -40.797 0.0000000000
96753  30.104  27.229  -40.141 0.0000000000
78957  26.191  6.571  -34.626 0.0000000000
82588  28.416  10.762  -34.257 0.0000000000
138070  28.015  10.126  -34.569 0.0000000000
131161  28.559  10.062  -33.723 0.0000000000
81668  29.260  9.457  -32.513 0.0000000000
81677  28.693  9.351  -33.237 0.0000000000
80761  28.804  8.494  -32.585 0.0000000000
79834  28.482  7.523  -32.547 0.0000000000
89598  31.551  18.453  -30.578 0.0000000000
87930  30.714  17.159  -30.560 0.0000000000
88761  32.159  17.860  -30.066 0.0000000000
92955  27.472  21.788  -39.558 0.0000000000
123046  27.207  22.247  -39.829 0.0000000000
93808  27.170  22.942  -40.082 0.0000000000
86271  29.018  14.162  -34.394 0.0000000000
130533  29.300  13.984  -33.586 0.0000000000
86262  29.423  14.749  -33.591 0.0000000000
86249  29.604  14.946  -32.636 0.0000000000
87091  30.003  15.692  -31.574 0.0000000000
76304  26.056  3.684  -33.683 0.0000000000
76292  26.480  3.314  -32.923 0.0000000000
77207  27.303  4.394  -32.730 0.0000000000
77197  27.710  4.370  -32.048 0.0000000000
92074  32.816  21.467  -32.479 0.0000000000
91257  33.273  20.647  -32.097 0.0000000000
90494  29.562  19.056  -36.644 0.0000000000
91285  29.733  20.119  -35.013 0.0000000000
91271  30.090  20.568  -33.978 0.0000000000
131105  29.978  20.948  -34.659 0.0000000000
92107  30.130  21.685  -34.832 0.0000000000
92918  30.661  22.435  -34.156 0.0000000000
94539  29.976  24.841  -36.422 0.0000000000
94538  30.555  24.949  -36.009 0.0000000000
95263  30.698  25.492  -36.574 0.0000000000
95262  31.703  25.526  -36.668 0.0000000000
95255  25.792  25.806  -36.253 0.0000000000
95266  25.291  25.892  -37.066 0.0000000000
97479  27.309  28.610  -39.857 0.0000000000
97480  26.691  28.049  -40.356 0.0000000000
126495  26.412  27.754  -41.519 0.0000000000
96053  26.870  27.316  -42.090 0.0000000000
96048  26.992  26.441  -41.843 0.0000000000
96783  27.332  27.994  -42.418 0.0000000000
96782  28.124  28.092  -42.647 0.0000000000
82575  29.479  11.127  -32.482 0.0000000000
122019  29.059  9.966  -33.055 0.0000000000
81656  29.765  9.750  -31.678 0.0000000000
75348  23.736  2.336  -32.878 0.0000000000
76306  23.902  3.124  -33.236 0.0000000000
77222  25.654  4.282  -34.250 0.0000000000
134580  26.638  5.087  -33.991 0.0000000000
78117  27.015  5.636  -33.660 0.0000000000
92132  29.045  20.936  -38.040 0.0000000000
130121  29.534  21.821  -36.528 0.0000000000
92123  29.239  21.752  -37.434 0.0000000000
93790  29.264  23.469  -37.184 0.0000000000
93791  28.682  23.097  -38.245 0.0000000000
94550  28.867  24.046  -37.879 0.0000000000
94549  29.415  24.464  -37.053 0.0000000000
138607  29.711  25.643  -37.604 0.0000000000
96011  30.155  26.187  -38.044 0.0000000000
96019  30.780  26.504  -38.710 0.0000000000
96721  23.562  28.092  -35.998 0.0000000000
96729  23.858  27.727  -36.276 0.0000000000
128152  24.337  27.534  -36.554 0.0000000000
83537  28.191  11.394  -34.781 0.0000000000
83523  28.709  11.471  -33.935 0.0000000000
128050  29.119  12.879  -33.572 0.0000000000
84443  28.932  12.232  -33.686 0.0000000000
83522  29.185  11.655  -33.099 0.0000000000
84417  29.760  12.387  -31.844 0.0000000000
131534  30.445  13.017  -30.435 0.0000000000
89623  30.192  18.790  -32.121 0.0000000000
88779  30.212  17.978  -31.866 0.0000000000
89615  30.704  18.630  -31.193 0.0000000000
89614  32.103  19.144  -30.804 0.0000000000
89596  32.896  19.040  -30.860 0.0000000000
91246  32.934  20.138  -31.589 0.0000000000
90455  33.261  19.456  -31.318 0.0000000000
140671  33.506  18.872  -31.078 0.0000000000
129046  29.252  14.892  -34.472 0.0000000000
87956  29.616  16.212  -33.673 0.0000000000
88791  29.700  17.079  -33.313 0.0000000000
87969  29.588  16.682  -34.959 0.0000000000
88802  29.679  17.752  -33.782 0.0000000000
127168  29.849  18.051  -32.940 0.0000000000
90466  30.400  19.663  -32.273 0.0000000000
91260  30.823  20.500  -32.291 0.0000000000
133400  30.700  21.088  -33.022 0.0000000000
92076  31.343  21.086  -32.408 0.0000000000
92075  32.026  21.317  -32.334 0.0000000000
92089  32.738  22.166  -32.959 0.0000000000
92907  33.139  22.657  -33.437 0.0000000000
92924  29.784  22.653  -35.905 0.0000000000
93761  30.863  23.324  -34.450 0.0000000000
94528  30.825  24.595  -35.474 0.0000000000
93771  31.211  24.183  -34.789 0.0000000000
93760  31.651  23.699  -34.139 0.0000000000
93759  32.424  23.742  -34.065 0.0000000000
94551  26.389  23.524  -38.090 0.0000000000
135054  26.093  27.565  -36.914 0.0000000000
96727  27.057  27.614  -37.260 0.0000000000
96728  25.043  27.154  -37.192 0.0000000000
118908  25.384  26.797  -38.130 0.0000000000
122337  25.001  26.437  -38.341 0.0000000000
119354  24.935  25.981  -38.404 0.0000000000
96755  25.883  26.887  -40.294 0.0000000000
96032  25.652  26.315  -39.942 0.0000000000
95285  25.432  25.324  -38.970 0.0000000000
94564  25.919  24.359  -39.219 0.0000000000
94563  26.283  23.459  -39.224 0.0000000000
93818  26.987  23.521  -40.608 0.0000000000
95294  27.363  24.479  -40.861 0.0000000000
96043  27.201  25.908  -41.435 0.0000000000
96042  28.026  26.607  -40.784 0.0000000000
96031  28.383  26.241  -39.961 0.0000000000
96030  29.372  26.696  -39.504 0.0000000000
96029  30.501  26.807  -39.466 0.0000000000
78956  26.856  6.441  -33.991 0.0000000000
78945  27.567  6.333  -33.166 0.0000000000
80776  27.013  8.497  -34.948 0.0000000000
80762  28.186  8.710  -33.578 0.0000000000
80763  27.290  7.975  -34.234 0.0000000000
79844  28.011  7.891  -33.359 0.0000000000
79835  27.956  7.119  -33.005 0.0000000000
130269  30.175  17.153  -31.602 0.0000000000
87931  30.296  16.382  -31.130 0.0000000000
87075  30.428  15.631  -30.777 0.0000000000
87912  31.557  17.140  -29.768 0.0000000000
128802  31.396  16.330  -29.600 0.0000000000
86222  30.553  14.777  -30.376 0.0000000000
76291  27.182  3.758  -32.472 0.0000000000
77208  26.773  4.064  -33.191 0.0000000000
77221  26.420  4.458  -33.886 0.0000000000
77232  26.089  4.970  -34.470 0.0000000000
78108  27.454  5.517  -33.021 0.0000000000
80775  27.620  8.771  -34.421 0.0000000000
81688  27.608  9.530  -34.855 0.0000000000
82613  27.080  10.342  -35.675 0.0000000000
83496  30.152  11.359  -31.178 0.0000000000
83510  29.524  11.847  -32.416 0.0000000000
83549  27.618  11.395  -35.298 0.0000000000
85322  29.616  13.407  -32.200 0.0000000000
85350  29.068  13.438  -33.946 0.0000000000
86248  29.751  15.135  -31.935 0.0000000000
87108  29.741  15.674  -32.354 0.0000000000
87121  29.471  15.498  -34.060 0.0000000000
88762  31.358  17.713  -30.366 0.0000000000
88803  29.650  17.271  -34.335 0.0000000000
91259  31.663  20.580  -31.844 0.0000000000
92090  31.422  21.779  -32.808 0.0000000000
92108  29.797  21.781  -35.692 0.0000000000
92948  28.113  21.760  -39.273 0.0000000000
92956  27.138  21.861  -39.611 0.0000000000
93758  33.288  23.377  -34.162 0.0000000000
93770  32.950  24.081  -34.765 0.0000000000
93799  28.175  22.623  -39.310 0.0000000000
93807  27.554  22.336  -39.774 0.0000000000
94541  26.951  24.443  -36.646 0.0000000000
94574  26.491  23.706  -40.150 0.0000000000
94585  26.293  24.950  -40.643 0.0000000000
94590  27.136  25.033  -41.233 0.0000000000
95254  26.603  25.519  -35.743 0.0000000000
95264  29.819  25.302  -37.005 0.0000000000
95276  25.079  25.580  -38.046 0.0000000000
95284  28.417  25.171  -39.047 0.0000000000
95293  27.998  25.266  -39.925 0.0000000000
95304  27.570  25.558  -40.741 0.0000000000
95313  26.143  26.427  -41.215 0.0000000000
95998  24.387  26.979  -36.063 0.0000000000
96022  25.191  26.090  -39.094 0.0000000000
96047  27.677  26.987  -41.568 0.0000000000
96049  26.519  26.766  -41.651 0.0000000000
96720  23.808  27.663  -35.928 0.0000000000
96730  23.631  28.262  -36.073 0.0000000000
96737  24.878  26.698  -37.606 0.0000000000
96745  26.285  27.271  -38.715 0.0000000000
96776  26.499  27.554  -41.809 0.0000000000
97453  25.153  27.982  -36.509 0.0000000000
97454  23.968  28.191  -36.304 0.0000000000
97455  23.748  28.791  -35.941 0.0000000000
97492  26.524  28.280  -41.925 0.0000000000
97495  28.083  28.652  -42.777 0.0000000000
97497  26.732  28.734  -42.195 0.0000000000
123773  29.419  21.048  -37.090 0.0000000000
126843  24.502  3.102  -33.550 0.0000000000
130423  27.848  10.790  -35.074 0.0000000000
130638  27.640  23.120  -39.921 0.0000000000
134962  33.343  18.421  -30.647 0.0000000000
135375  31.347  19.125  -30.954 0.0000000000
137553  26.775  24.618  -41.120 0.0000000000
138452  29.518  16.091  -34.546 0.0000000000
138912  25.567  24.907  -38.405 0.0000000000
138993  27.768  8.340  -33.882 0.0000000000
139521  29.959  11.875  -31.455 0.0000000000
