#!ascii label  , from subject sub-s013 vox2ras=TkReg
419
23387  44.451  -44.813  -15.095 0.0000000000
22598  37.609  -45.665  -25.149 0.0000000000
20668  45.907  -47.734  -22.358 0.0000000000
22528  37.032  -45.951  -16.027 0.0000000000
139358  37.095  -51.340  -20.993 0.0000000000
17621  42.089  -49.499  -21.134 0.0000000000
14923  40.523  -52.973  -18.634 0.0000000000
121762  35.003  -45.820  -20.062 0.0000000000
25099  35.741  -42.177  -16.233 0.0000000000
20577  45.236  -47.443  -18.067 0.0000000000
20604  42.023  -47.407  -18.694 0.0000000000
19542  37.821  -48.337  -19.610 0.0000000000
19580  36.984  -48.732  -23.505 0.0000000000
17656  39.593  -50.601  -25.436 0.0000000000
25094  49.613  -41.399  -15.322 0.0000000000
21644  49.408  -46.509  -17.459 0.0000000000
20651  50.174  -47.581  -21.942 0.0000000000
25975  38.491  -41.164  -13.479 0.0000000000
15826  43.410  -52.657  -20.672 0.0000000000
22580  35.542  -45.435  -23.067 0.0000000000
24291  34.842  -43.864  -20.669 0.0000000000
122651  45.391  -47.296  -20.623 0.0000000000
20644  43.435  -47.539  -20.384 0.0000000000
17611  39.370  -50.300  -20.100 0.0000000000
19551  39.941  -48.801  -20.452 0.0000000000
18605  37.091  -49.807  -20.451 0.0000000000
19564  35.881  -48.264  -21.356 0.0000000000
17645  36.603  -50.101  -22.723 0.0000000000
19600  40.326  -49.279  -25.858 0.0000000000
21665  51.372  -46.731  -18.363 0.0000000000
123127  49.926  -47.176  -19.202 0.0000000000
20620  51.438  -47.352  -19.846 0.0000000000
22506  38.919  -46.162  -15.243 0.0000000000
23374  37.046  -44.293  -14.667 0.0000000000
27825  36.666  -39.859  -16.864 0.0000000000
27808  37.053  -39.388  -15.492 0.0000000000
18624  45.743  -49.254  -22.657 0.0000000000
19560  43.577  -48.728  -21.655 0.0000000000
17619  43.518  -50.365  -21.713 0.0000000000
16669  41.950  -51.810  -19.750 0.0000000000
16672  39.186  -51.804  -19.240 0.0000000000
21653  35.735  -46.340  -17.767 0.0000000000
23391  35.973  -44.019  -15.670 0.0000000000
134158  34.959  -44.625  -17.964 0.0000000000
25132  35.121  -42.613  -18.367 0.0000000000
23502  39.947  -44.866  -26.244 0.0000000000
21627  45.039  -46.582  -16.381 0.0000000000
21629  41.137  -47.075  -16.205 0.0000000000
20562  39.136  -47.306  -17.148 0.0000000000
19549  41.687  -48.421  -20.547 0.0000000000
20628  39.636  -47.756  -19.268 0.0000000000
20584  37.134  -47.400  -17.793 0.0000000000
20632  35.809  -47.243  -19.816 0.0000000000
123476  35.554  -46.918  -21.933 0.0000000000
144147  37.183  -46.842  -24.385 0.0000000000
139100  37.783  -51.257  -24.016 0.0000000000
18637  38.255  -49.750  -24.526 0.0000000000
19602  38.847  -48.368  -25.205 0.0000000000
21734  39.683  -46.566  -26.262 0.0000000000
25096  46.812  -41.902  -15.504 0.0000000000
138323  47.370  -43.838  -15.619 0.0000000000
23410  49.057  -44.389  -15.994 0.0000000000
21625  46.998  -46.196  -16.492 0.0000000000
20575  47.084  -47.095  -17.688 0.0000000000
122653  47.151  -47.495  -20.303 0.0000000000
20653  47.630  -47.594  -22.211 0.0000000000
19571  49.712  -47.835  -23.848 0.0000000000
18622  47.589  -48.977  -23.946 0.0000000000
25993  36.937  -41.113  -14.162 0.0000000000
121767  45.049  -44.320  -15.139 0.0000000000
24229  43.450  -43.669  -14.481 0.0000000000
138585  43.492  -44.370  -14.635 0.0000000000
22585  36.592  -45.439  -24.313 0.0000000000
132850  36.051  -44.940  -23.777 0.0000000000
20643  45.143  -47.350  -21.344 0.0000000000
140916  44.721  -47.358  -20.636 0.0000000000
20656  44.630  -47.790  -21.689 0.0000000000
17602  38.640  -50.961  -19.953 0.0000000000
18604  38.655  -49.914  -20.283 0.0000000000
17622  37.088  -50.629  -20.690 0.0000000000
18614  36.374  -49.921  -21.350 0.0000000000
16692  36.782  -51.200  -21.738 0.0000000000
18667  42.558  -49.892  -27.125 0.0000000000
20595  51.520  -47.272  -19.072 0.0000000000
145079  38.236  -46.119  -15.609 0.0000000000
142761  38.233  -45.115  -14.570 0.0000000000
23389  37.443  -45.090  -14.977 0.0000000000
28776  38.069  -38.270  -16.255 0.0000000000
17633  44.093  -49.972  -22.137 0.0000000000
17618  44.209  -50.847  -22.007 0.0000000000
15813  41.948  -52.659  -19.369 0.0000000000
143336  42.756  -51.990  -20.363 0.0000000000
15814  41.042  -52.222  -18.993 0.0000000000
16671  40.191  -51.579  -19.167 0.0000000000
15815  39.918  -52.323  -18.786 0.0000000000
22553  35.013  -45.715  -19.096 0.0000000000
22541  35.362  -45.420  -17.599 0.0000000000
120847  34.773  -44.870  -19.134 0.0000000000
139323  34.919  -43.065  -19.973 0.0000000000
25142  35.185  -42.396  -19.333 0.0000000000
26936  35.844  -41.177  -18.096 0.0000000000
21647  45.591  -47.013  -17.094 0.0000000000
21628  44.118  -46.721  -16.307 0.0000000000
21648  44.545  -47.236  -17.250 0.0000000000
21630  40.194  -47.058  -16.306 0.0000000000
20582  40.273  -47.383  -17.845 0.0000000000
18613  42.819  -49.094  -21.413 0.0000000000
19561  42.986  -48.359  -21.133 0.0000000000
19562  42.211  -48.782  -20.990 0.0000000000
19552  38.481  -48.622  -20.043 0.0000000000
19540  40.244  -48.156  -20.015 0.0000000000
140928  38.810  -47.731  -19.022 0.0000000000
20607  38.390  -47.673  -18.489 0.0000000000
20608  37.589  -47.734  -18.518 0.0000000000
20609  36.714  -47.585  -18.635 0.0000000000
20631  36.437  -47.734  -19.423 0.0000000000
19581  36.376  -48.680  -22.768 0.0000000000
20671  35.787  -47.754  -22.017 0.0000000000
20674  36.564  -47.760  -23.275 0.0000000000
21698  36.382  -46.747  -23.513 0.0000000000
20673  37.168  -47.860  -23.892 0.0000000000
14979  41.046  -54.428  -25.251 0.0000000000
16722  40.337  -51.915  -25.969 0.0000000000
15863  39.825  -52.886  -25.233 0.0000000000
16713  39.048  -52.274  -24.841 0.0000000000
17647  38.934  -51.152  -24.998 0.0000000000
17648  38.256  -50.716  -24.506 0.0000000000
17657  38.958  -50.165  -24.975 0.0000000000
121683  41.059  -48.943  -26.332 0.0000000000
19601  39.641  -48.696  -25.568 0.0000000000
19618  39.863  -47.926  -26.002 0.0000000000
20698  39.328  -47.209  -25.908 0.0000000000
20712  40.150  -47.234  -26.407 0.0000000000
26879  48.159  -40.399  -15.264 0.0000000000
140859  47.671  -42.150  -15.643 0.0000000000
24244  46.839  -43.162  -15.541 0.0000000000
24243  47.969  -42.895  -15.727 0.0000000000
22539  50.200  -45.798  -16.962 0.0000000000
23409  50.231  -43.978  -15.833 0.0000000000
131499  48.537  -45.394  -16.275 0.0000000000
125725  48.174  -44.813  -15.889 0.0000000000
21624  47.982  -46.200  -16.701 0.0000000000
21645  47.319  -46.657  -17.020 0.0000000000
20574  48.131  -46.818  -17.445 0.0000000000
125670  49.544  -47.377  -20.121 0.0000000000
123043  48.260  -47.539  -20.147 0.0000000000
20640  47.954  -47.586  -21.155 0.0000000000
20652  48.965  -47.623  -22.129 0.0000000000
17629  49.304  -50.230  -23.681 0.0000000000
18631  49.261  -49.223  -24.267 0.0000000000
19579  48.672  -48.538  -24.342 0.0000000000
24248  35.791  -43.100  -15.870 0.0000000000
24247  36.196  -43.329  -15.137 0.0000000000
26007  36.110  -41.644  -15.516 0.0000000000
28742  38.188  -38.480  -14.578 0.0000000000
21689  35.249  -46.125  -21.769 0.0000000000
23446  34.805  -44.967  -20.719 0.0000000000
20623  45.582  -47.414  -19.772 0.0000000000
20578  44.360  -47.502  -18.374 0.0000000000
129679  44.171  -47.419  -19.340 0.0000000000
20625  42.744  -47.545  -19.943 0.0000000000
17610  40.367  -50.239  -20.237 0.0000000000
18602  40.581  -49.381  -20.631 0.0000000000
18603  39.668  -49.600  -20.402 0.0000000000
138065  38.309  -49.232  -20.267 0.0000000000
19553  37.555  -48.991  -20.134 0.0000000000
19543  36.841  -48.388  -19.861 0.0000000000
18606  36.508  -49.478  -20.768 0.0000000000
18627  36.256  -49.498  -22.175 0.0000000000
18635  36.578  -49.376  -22.940 0.0000000000
18646  40.254  -50.151  -25.804 0.0000000000
135411  41.298  -50.158  -26.426 0.0000000000
18656  41.971  -49.122  -26.822 0.0000000000
21643  50.840  -46.233  -17.685 0.0000000000
20597  49.010  -47.139  -18.239 0.0000000000
21666  50.362  -46.787  -18.361 0.0000000000
20621  50.847  -47.104  -20.136 0.0000000000
20638  50.477  -47.407  -20.975 0.0000000000
24231  38.227  -44.012  -13.819 0.0000000000
138504  37.710  -42.370  -13.632 0.0000000000
26900  36.243  -40.498  -16.581 0.0000000000
26882  36.336  -40.686  -15.589 0.0000000000
27809  36.577  -39.887  -16.017 0.0000000000
29747  38.497  -37.727  -15.778 0.0000000000
19575  45.777  -48.387  -22.591 0.0000000000
19559  44.339  -48.383  -21.938 0.0000000000
18626  44.151  -49.130  -22.096 0.0000000000
18612  43.466  -49.504  -21.777 0.0000000000
17620  42.786  -49.918  -21.447 0.0000000000
16680  42.429  -51.227  -20.558 0.0000000000
17608  42.146  -50.354  -20.926 0.0000000000
16682  40.531  -50.983  -19.684 0.0000000000
17601  39.654  -50.947  -19.613 0.0000000000
22540  36.010  -46.028  -16.978 0.0000000000
22529  36.398  -45.658  -16.298 0.0000000000
22530  35.736  -45.178  -16.719 0.0000000000
23421  35.250  -44.499  -17.254 0.0000000000
24264  35.495  -42.930  -16.653 0.0000000000
23443  34.756  -44.123  -19.648 0.0000000000
24280  34.932  -43.682  -17.942 0.0000000000
25112  35.463  -42.266  -17.003 0.0000000000
26913  35.883  -41.085  -17.247 0.0000000000
26911  37.009  -39.914  -17.694 0.0000000000
22597  38.357  -45.463  -25.540 0.0000000000
22527  45.320  -45.975  -15.845 0.0000000000
127903  44.184  -45.482  -15.286 0.0000000000
141781  43.778  -46.169  -15.597 0.0000000000
21607  38.694  -46.571  -15.997 0.0000000000
20563  38.380  -47.078  -16.802 0.0000000000
20626  42.012  -47.558  -19.529 0.0000000000
19550  40.845  -48.605  -20.459 0.0000000000
20627  40.565  -47.708  -19.432 0.0000000000
20605  40.466  -47.476  -18.698 0.0000000000
20583  39.479  -47.415  -17.789 0.0000000000
122910  38.628  -47.479  -17.709 0.0000000000
21651  37.357  -46.994  -16.945 0.0000000000
21652  36.481  -46.779  -17.305 0.0000000000
21668  35.552  -46.499  -18.593 0.0000000000
21682  35.360  -46.623  -20.339 0.0000000000
19555  35.875  -47.922  -20.798 0.0000000000
20648  35.675  -47.324  -20.596 0.0000000000
130939  35.391  -46.746  -21.158 0.0000000000
21696  35.534  -46.241  -22.513 0.0000000000
21702  36.785  -46.347  -24.244 0.0000000000
21701  37.459  -46.506  -24.821 0.0000000000
15828  38.338  -52.702  -20.081 0.0000000000
14980  40.509  -53.752  -25.173 0.0000000000
15853  37.661  -52.446  -22.856 0.0000000000
16698  37.066  -51.781  -22.363 0.0000000000
17644  36.962  -50.514  -23.195 0.0000000000
18634  36.990  -49.749  -23.396 0.0000000000
18638  37.615  -49.290  -24.015 0.0000000000
18647  39.637  -49.673  -25.430 0.0000000000
18648  38.952  -49.228  -25.050 0.0000000000
19583  37.648  -48.324  -24.242 0.0000000000
20678  38.196  -47.931  -24.858 0.0000000000
20700  38.083  -47.124  -25.133 0.0000000000
21717  38.157  -46.320  -25.383 0.0000000000
22614  39.735  -45.781  -26.306 0.0000000000
25988  45.596  -40.445  -15.010 0.0000000000
26005  47.282  -40.626  -15.386 0.0000000000
25079  45.445  -41.333  -15.042 0.0000000000
25097  45.757  -42.171  -15.208 0.0000000000
24245  45.849  -43.806  -15.293 0.0000000000
23386  45.649  -44.665  -15.393 0.0000000000
130287  51.040  -43.371  -15.182 0.0000000000
145039  48.890  -42.706  -15.757 0.0000000000
23384  48.325  -43.808  -15.760 0.0000000000
23411  47.420  -44.700  -15.721 0.0000000000
22500  45.868  -45.390  -15.703 0.0000000000
21626  46.009  -46.269  -16.309 0.0000000000
21646  46.519  -46.810  -17.016 0.0000000000
20576  46.155  -47.302  -17.855 0.0000000000
20598  47.794  -47.315  -18.371 0.0000000000
20622  47.453  -47.546  -19.326 0.0000000000
129680  46.457  -47.522  -19.543 0.0000000000
122652  46.195  -47.322  -20.507 0.0000000000
20654  46.554  -47.214  -21.899 0.0000000000
20667  46.863  -47.567  -22.450 0.0000000000
20665  48.909  -47.647  -23.280 0.0000000000
142654  47.475  -47.890  -23.013 0.0000000000
19574  46.939  -48.241  -22.886 0.0000000000
141897  36.457  -43.992  -15.016 0.0000000000
24233  36.746  -43.538  -14.539 0.0000000000
25976  37.650  -41.358  -13.670 0.0000000000
26865  36.774  -40.512  -14.692 0.0000000000
26864  37.340  -40.477  -14.002 0.0000000000
14922  41.490  -53.167  -18.897 0.0000000000
14972  40.735  -54.692  -24.355 0.0000000000
15827  42.660  -52.639  -19.920 0.0000000000
16670  41.036  -51.466  -19.512 0.0000000000
16681  41.419  -50.827  -20.189 0.0000000000
16683  37.728  -51.270  -20.396 0.0000000000
16690  42.952  -50.795  -21.224 0.0000000000
16723  39.614  -51.612  -25.450 0.0000000000
17609  41.320  -49.899  -20.760 0.0000000000
17612  36.692  -50.128  -20.844 0.0000000000
17623  36.692  -50.621  -21.222 0.0000000000
17634  36.780  -50.911  -22.559 0.0000000000
17635  36.449  -50.426  -21.957 0.0000000000
17649  37.531  -50.377  -23.878 0.0000000000
18601  41.431  -49.100  -20.829 0.0000000000
18625  44.852  -49.609  -22.358 0.0000000000
18630  49.429  -48.192  -24.295 0.0000000000
18657  41.416  -49.597  -26.478 0.0000000000
18658  40.867  -49.785  -26.174 0.0000000000
19539  41.230  -47.895  -19.956 0.0000000000
19541  39.349  -48.356  -20.038 0.0000000000
19548  42.361  -48.273  -20.708 0.0000000000
19554  36.233  -48.611  -20.606 0.0000000000
19563  36.113  -49.108  -21.358 0.0000000000
19572  48.879  -47.837  -24.070 0.0000000000
19573  47.997  -48.139  -23.738 0.0000000000
19576  44.920  -48.739  -22.329 0.0000000000
19577  36.006  -48.583  -22.054 0.0000000000
19582  38.286  -48.798  -24.630 0.0000000000
19617  40.842  -48.229  -26.406 0.0000000000
20559  41.697  -47.380  -16.991 0.0000000000
20560  40.742  -47.334  -17.051 0.0000000000
20561  39.861  -47.330  -17.073 0.0000000000
20581  41.241  -47.379  -18.031 0.0000000000
20596  51.161  -46.922  -19.280 0.0000000000
20599  46.760  -47.475  -18.585 0.0000000000
20600  45.835  -47.554  -18.818 0.0000000000
20601  44.977  -47.481  -19.078 0.0000000000
20603  42.719  -47.406  -19.164 0.0000000000
20606  39.137  -47.577  -18.474 0.0000000000
20610  35.955  -47.187  -18.976 0.0000000000
20624  44.805  -47.341  -19.972 0.0000000000
20629  38.112  -47.882  -19.089 0.0000000000
20630  37.236  -47.978  -19.164 0.0000000000
20636  51.586  -47.733  -20.068 0.0000000000
20637  51.176  -47.653  -20.607 0.0000000000
20639  49.201  -47.573  -21.044 0.0000000000
20641  46.819  -47.280  -21.317 0.0000000000
20642  45.984  -47.205  -21.343 0.0000000000
20646  42.134  -47.901  -20.231 0.0000000000
20647  36.141  -47.866  -20.177 0.0000000000
20655  45.921  -47.272  -21.959 0.0000000000
20658  35.671  -47.491  -21.314 0.0000000000
20666  47.962  -47.747  -23.148 0.0000000000
20669  45.069  -48.009  -22.254 0.0000000000
20670  36.130  -47.992  -22.566 0.0000000000
20675  35.962  -47.099  -22.722 0.0000000000
20679  37.530  -47.390  -24.492 0.0000000000
20680  36.938  -47.153  -23.976 0.0000000000
20699  38.724  -47.590  -25.391 0.0000000000
21601  44.594  -46.088  -15.730 0.0000000000
21608  37.715  -46.425  -16.202 0.0000000000
21631  39.312  -47.005  -16.491 0.0000000000
21632  36.784  -46.379  -16.566 0.0000000000
21642  51.481  -46.316  -17.565 0.0000000000
21667  36.199  -47.049  -18.135 0.0000000000
21677  35.414  -46.551  -19.466 0.0000000000
21699  35.879  -46.280  -23.129 0.0000000000
21716  38.978  -46.214  -25.910 0.0000000000
22492  38.236  -45.655  -15.054 0.0000000000
22501  45.022  -45.281  -15.407 0.0000000000
22507  37.569  -45.774  -15.575 0.0000000000
22508  36.840  -45.361  -15.664 0.0000000000
22524  49.011  -45.993  -16.760 0.0000000000
22525  47.603  -45.537  -16.112 0.0000000000
22526  46.718  -45.493  -15.912 0.0000000000
22558  34.762  -45.004  -19.809 0.0000000000
22561  35.054  -45.946  -20.962 0.0000000000
22569  34.971  -45.295  -21.659 0.0000000000
22577  35.236  -45.576  -22.310 0.0000000000
22579  36.167  -45.873  -23.696 0.0000000000
22584  37.128  -45.083  -24.828 0.0000000000
22596  39.164  -45.196  -25.916 0.0000000000
23367  44.217  -44.036  -14.816 0.0000000000
23373  37.817  -44.519  -14.341 0.0000000000
23383  49.459  -43.227  -15.776 0.0000000000
23385  46.509  -44.459  -15.536 0.0000000000
23388  43.805  -44.893  -14.906 0.0000000000
23390  36.617  -44.635  -15.299 0.0000000000
23412  36.144  -44.900  -15.978 0.0000000000
23413  35.636  -44.331  -16.471 0.0000000000
23434  34.798  -44.301  -18.688 0.0000000000
24232  37.442  -43.783  -14.117 0.0000000000
24240  50.805  -43.224  -15.358 0.0000000000
24242  49.626  -42.199  -15.564 0.0000000000
24271  35.222  -42.819  -17.449 0.0000000000
24288  34.866  -43.336  -19.000 0.0000000000
25066  37.908  -43.248  -13.678 0.0000000000
25084  36.817  -41.985  -14.061 0.0000000000
25085  36.495  -42.739  -14.605 0.0000000000
25095  48.774  -41.762  -15.637 0.0000000000
25098  36.067  -42.502  -15.349 0.0000000000
25994  36.503  -41.314  -14.780 0.0000000000
26006  46.476  -40.274  -15.211 0.0000000000
26020  35.931  -41.257  -16.347 0.0000000000
26030  35.466  -41.875  -17.696 0.0000000000
26044  35.497  -41.751  -18.700 0.0000000000
26912  36.358  -40.443  -17.398 0.0000000000
27790  37.232  -39.696  -14.609 0.0000000000
27791  36.717  -39.987  -15.256 0.0000000000
27824  37.070  -39.332  -16.373 0.0000000000
28743  37.558  -38.885  -14.987 0.0000000000
28762  37.482  -38.750  -15.874 0.0000000000
120763  41.251  -47.500  -19.081 0.0000000000
120884  36.795  -49.068  -20.335 0.0000000000
121165  36.356  -42.036  -14.841 0.0000000000
121223  37.789  -50.414  -20.377 0.0000000000
121978  44.161  -47.521  -20.980 0.0000000000
122581  44.104  -47.345  -20.181 0.0000000000
122953  41.852  -50.043  -26.713 0.0000000000
123249  49.644  -45.095  -16.402 0.0000000000
123317  38.641  -46.902  -25.553 0.0000000000
123800  35.299  -43.649  -17.002 0.0000000000
125753  45.315  -47.579  -21.964 0.0000000000
127313  39.302  -47.957  -25.612 0.0000000000
127332  35.615  -43.616  -16.324 0.0000000000
127580  39.801  -47.480  -18.433 0.0000000000
128305  37.085  -42.967  -13.953 0.0000000000
128651  48.607  -47.428  -19.185 0.0000000000
129061  40.361  -48.496  -26.076 0.0000000000
129214  38.507  -41.883  -13.485 0.0000000000
129309  46.039  -42.879  -15.322 0.0000000000
129810  37.876  -47.369  -17.401 0.0000000000
131252  35.636  -41.695  -16.905 0.0000000000
131308  34.944  -45.160  -18.443 0.0000000000
131347  37.927  -47.600  -17.956 0.0000000000
132082  48.016  -41.109  -15.541 0.0000000000
132117  40.411  -47.912  -26.305 0.0000000000
133940  46.336  -41.239  -15.340 0.0000000000
135283  43.282  -42.973  -14.319 0.0000000000
136165  39.069  -49.048  -20.340 0.0000000000
136446  38.721  -48.089  -19.553 0.0000000000
136593  37.836  -49.686  -20.317 0.0000000000
139022  37.270  -51.367  -23.282 0.0000000000
141341  37.074  -45.811  -24.714 0.0000000000
141591  35.277  -45.858  -18.282 0.0000000000
142229  40.189  -51.005  -25.862 0.0000000000
143739  38.803  -52.275  -19.289 0.0000000000
144162  48.574  -46.418  -17.058 0.0000000000
144538  34.755  -44.486  -20.209 0.0000000000
145784  38.590  -37.899  -16.546 0.0000000000
146176  36.111  -40.820  -17.740 0.0000000000
