#!ascii label  , from subject sub-s013 vox2ras=TkReg
286
78735  31.955  10.683  -39.288 0.0000000000
132674  25.605  3.390  -34.697 0.0000000000
85344  26.746  17.930  -41.160 0.0000000000
95829  19.151  30.764  -40.027 0.0000000000
69995  23.731  2.605  -34.184 0.0000000000
119959  24.706  21.095  -41.263 0.0000000000
126695  22.547  27.291  -40.095 0.0000000000
77642  28.318  9.985  -36.573 0.0000000000
75686  28.102  7.822  -36.160 0.0000000000
76660  31.821  9.309  -38.795 0.0000000000
80737  33.424  13.280  -40.638 0.0000000000
77701  35.276  9.613  -41.175 0.0000000000
81644  31.065  14.583  -39.567 0.0000000000
84477  30.169  17.476  -40.564 0.0000000000
94883  20.889  29.082  -40.270 0.0000000000
94023  20.800  28.083  -43.084 0.0000000000
71973  28.275  4.922  -36.030 0.0000000000
137010  20.339  22.990  -41.395 0.0000000000
135273  22.350  27.741  -39.906 0.0000000000
78726  30.577  10.660  -38.583 0.0000000000
76647  30.333  9.240  -38.069 0.0000000000
77689  31.951  9.886  -39.369 0.0000000000
130663  24.226  3.079  -34.192 0.0000000000
82654  29.473  16.457  -39.726 0.0000000000
127215  31.225  16.091  -40.470 0.0000000000
85343  27.605  17.991  -40.813 0.0000000000
119964  23.496  23.046  -40.725 0.0000000000
87081  26.278  20.713  -40.263 0.0000000000
96636  22.068  31.564  -39.503 0.0000000000
94875  21.455  29.659  -39.778 0.0000000000
94885  19.208  30.215  -40.506 0.0000000000
136993  15.593  28.651  -44.308 0.0000000000
124131  17.693  27.981  -44.474 0.0000000000
94913  19.952  29.395  -43.960 0.0000000000
93194  20.557  27.161  -44.802 0.0000000000
93193  21.318  26.755  -44.326 0.0000000000
75696  29.705  7.534  -36.798 0.0000000000
73898  27.976  6.004  -36.910 0.0000000000
68961  22.197  1.961  -34.201 0.0000000000
86202  26.522  18.990  -43.314 0.0000000000
120475  23.282  20.753  -42.601 0.0000000000
142209  21.444  23.468  -41.361 0.0000000000
92339  22.104  26.972  -40.302 0.0000000000
75665  26.521  8.439  -33.693 0.0000000000
76623  27.968  8.797  -35.667 0.0000000000
128368  29.614  8.193  -37.224 0.0000000000
76634  31.559  8.843  -37.144 0.0000000000
79718  32.540  11.851  -39.872 0.0000000000
77687  32.810  10.524  -40.868 0.0000000000
78733  33.518  11.590  -40.203 0.0000000000
79708  30.732  11.658  -38.651 0.0000000000
131498  30.473  12.627  -38.524 0.0000000000
125032  31.542  12.714  -39.549 0.0000000000
80749  32.540  13.806  -41.063 0.0000000000
82657  32.604  15.479  -41.343 0.0000000000
84476  31.769  16.923  -40.515 0.0000000000
86193  27.433  18.892  -40.957 0.0000000000
86184  27.879  19.649  -40.233 0.0000000000
93994  21.967  28.460  -39.970 0.0000000000
95848  17.382  30.526  -41.951 0.0000000000
95847  18.612  29.968  -41.842 0.0000000000
94891  19.994  28.520  -41.182 0.0000000000
94007  20.774  27.630  -40.955 0.0000000000
93181  21.033  26.916  -42.170 0.0000000000
92352  22.596  26.798  -41.960 0.0000000000
72878  25.341  4.991  -34.503 0.0000000000
74769  25.951  6.846  -34.373 0.0000000000
75723  33.848  8.317  -40.581 0.0000000000
76658  33.671  8.512  -38.793 0.0000000000
91530  21.262  25.703  -39.947 0.0000000000
92329  22.666  26.897  -39.542 0.0000000000
78725  31.276  10.930  -38.848 0.0000000000
77680  31.244  10.054  -38.901 0.0000000000
77688  32.368  10.127  -40.083 0.0000000000
67941  21.658  0.411  -33.431 0.0000000000
67940  22.450  0.517  -33.724 0.0000000000
129155  25.272  2.808  -34.531 0.0000000000
143369  28.971  16.885  -40.132 0.0000000000
83544  29.635  16.948  -40.442 0.0000000000
91536  22.604  26.397  -40.398 0.0000000000
88888  25.280  22.513  -39.790 0.0000000000
96637  20.970  31.420  -39.404 0.0000000000
134401  21.802  30.939  -39.510 0.0000000000
95819  21.198  30.500  -39.600 0.0000000000
95828  19.656  30.313  -39.973 0.0000000000
93195  19.320  27.625  -44.980 0.0000000000
75684  30.068  7.897  -36.577 0.0000000000
74779  29.632  7.258  -36.196 0.0000000000
71962  22.965  4.440  -33.531 0.0000000000
87097  23.525  20.166  -43.668 0.0000000000
120386  22.021  20.530  -42.588 0.0000000000
91537  21.452  26.280  -40.410 0.0000000000
120392  21.143  24.943  -40.974 0.0000000000
90736  21.768  25.721  -40.661 0.0000000000
133205  21.417  32.168  -39.469 0.0000000000
76612  27.679  9.198  -34.571 0.0000000000
76622  28.182  9.343  -36.111 0.0000000000
76661  31.047  9.279  -38.418 0.0000000000
125377  31.007  8.640  -37.784 0.0000000000
129911  30.894  8.535  -37.242 0.0000000000
76646  31.658  9.044  -37.947 0.0000000000
68960  23.196  1.968  -34.388 0.0000000000
68939  23.668  1.266  -34.254 0.0000000000
139174  33.500  12.442  -40.249 0.0000000000
78716  29.528  11.292  -37.869 0.0000000000
80740  31.340  13.575  -39.613 0.0000000000
79720  30.993  12.602  -39.130 0.0000000000
80739  31.937  13.481  -40.282 0.0000000000
81643  31.652  14.455  -40.437 0.0000000000
125901  30.337  17.038  -40.610 0.0000000000
82658  31.926  15.869  -40.844 0.0000000000
83543  31.303  16.575  -40.550 0.0000000000
83542  32.372  16.078  -40.883 0.0000000000
130467  30.909  17.335  -40.495 0.0000000000
122476  25.081  20.056  -42.550 0.0000000000
139958  26.181  19.484  -41.823 0.0000000000
87090  25.909  20.259  -41.287 0.0000000000
86183  28.683  19.463  -39.859 0.0000000000
94862  22.934  29.222  -39.158 0.0000000000
94874  22.285  29.274  -39.562 0.0000000000
93995  21.596  28.951  -39.979 0.0000000000
94025  16.167  28.126  -43.952 0.0000000000
94908  15.409  29.269  -44.135 0.0000000000
95850  17.865  30.112  -42.725 0.0000000000
94904  20.695  29.091  -43.786 0.0000000000
94905  19.958  29.531  -43.259 0.0000000000
94024  20.392  28.975  -42.928 0.0000000000
94008  20.455  27.640  -41.288 0.0000000000
93174  20.654  27.269  -41.691 0.0000000000
93173  20.926  27.170  -41.468 0.0000000000
94015  20.789  27.294  -42.233 0.0000000000
92369  21.696  26.229  -43.835 0.0000000000
92362  21.758  26.664  -42.973 0.0000000000
92361  22.411  26.531  -42.802 0.0000000000
72879  24.301  5.008  -34.040 0.0000000000
75676  26.972  7.990  -34.597 0.0000000000
74758  26.187  7.700  -34.081 0.0000000000
74768  26.785  7.151  -34.996 0.0000000000
72898  28.556  5.786  -36.889 0.0000000000
73899  27.504  5.678  -36.024 0.0000000000
72890  28.102  5.316  -36.398 0.0000000000
72877  26.342  4.889  -35.081 0.0000000000
77702  34.335  9.662  -41.541 0.0000000000
76676  33.373  9.274  -41.427 0.0000000000
75728  34.887  8.522  -41.043 0.0000000000
119966  20.462  22.016  -41.568 0.0000000000
120257  19.822  23.260  -40.993 0.0000000000
90737  20.956  25.459  -40.443 0.0000000000
93161  22.175  27.590  -40.788 0.0000000000
141471  29.686  10.296  -38.150 0.0000000000
77658  28.578  9.764  -37.172 0.0000000000
77681  30.496  9.886  -38.537 0.0000000000
76671  32.356  9.231  -39.820 0.0000000000
68959  24.251  1.880  -34.325 0.0000000000
68958  25.282  1.795  -34.432 0.0000000000
68957  26.164  1.795  -34.637 0.0000000000
81653  33.989  14.816  -41.838 0.0000000000
80748  34.665  14.040  -41.089 0.0000000000
82653  29.913  15.773  -39.320 0.0000000000
82652  30.749  15.528  -39.747 0.0000000000
82651  31.429  15.322  -40.388 0.0000000000
83533  30.386  16.415  -40.183 0.0000000000
85342  28.582  17.946  -40.841 0.0000000000
120402  24.113  22.159  -40.883 0.0000000000
120682  25.688  21.587  -39.952 0.0000000000
94876  20.530  29.927  -39.919 0.0000000000
94884  19.957  29.390  -40.571 0.0000000000
94914  18.447  29.052  -43.888 0.0000000000
94031  19.656  28.710  -44.410 0.0000000000
136489  21.196  28.182  -44.196 0.0000000000
93187  21.359  27.130  -43.246 0.0000000000
74780  28.872  7.136  -36.777 0.0000000000
74781  28.087  6.758  -36.661 0.0000000000
73907  28.526  6.273  -37.003 0.0000000000
73896  29.075  6.404  -36.788 0.0000000000
121604  21.874  1.143  -33.851 0.0000000000
69997  21.509  2.805  -34.114 0.0000000000
70991  23.046  3.571  -33.766 0.0000000000
125722  23.734  3.761  -33.978 0.0000000000
70990  24.621  3.581  -34.379 0.0000000000
85349  26.701  17.767  -42.970 0.0000000000
85350  26.111  18.461  -44.140 0.0000000000
119960  22.369  21.595  -41.790 0.0000000000
90735  22.396  24.178  -40.891 0.0000000000
139971  22.317  25.111  -40.720 0.0000000000
96635  23.017  31.608  -39.306 0.0000000000
96638  19.941  31.518  -39.483 0.0000000000
96639  19.334  31.415  -39.808 0.0000000000
75675  27.537  8.362  -35.144 0.0000000000
76636  28.614  9.094  -36.983 0.0000000000
75685  28.694  8.254  -36.637 0.0000000000
75697  29.410  7.604  -36.848 0.0000000000
76635  30.529  8.296  -36.932 0.0000000000
76620  31.111  9.086  -36.306 0.0000000000
126558  32.142  11.406  -39.443 0.0000000000
78734  32.599  10.926  -39.831 0.0000000000
78742  33.670  10.839  -41.176 0.0000000000
78741  34.479  11.202  -40.779 0.0000000000
79717  34.772  12.436  -39.725 0.0000000000
78732  35.047  11.738  -39.997 0.0000000000
119950  35.717  10.662  -40.408 0.0000000000
124387  28.951  10.948  -37.499 0.0000000000
78715  30.078  11.202  -38.280 0.0000000000
79719  31.569  11.705  -39.133 0.0000000000
122909  31.994  12.276  -39.640 0.0000000000
80738  32.470  12.763  -40.227 0.0000000000
140951  31.980  15.191  -41.004 0.0000000000
81654  32.942  14.787  -41.488 0.0000000000
81664  33.462  15.578  -41.815 0.0000000000
83548  33.371  16.008  -41.530 0.0000000000
86194  26.659  18.787  -41.711 0.0000000000
86192  28.215  18.787  -40.590 0.0000000000
86185  26.886  19.744  -40.784 0.0000000000
85340  30.405  17.991  -40.360 0.0000000000
93985  22.910  27.866  -39.508 0.0000000000
96642  18.863  31.362  -40.429 0.0000000000
95838  17.600  30.970  -41.358 0.0000000000
95830  18.626  30.864  -40.778 0.0000000000
95837  18.508  30.416  -41.238 0.0000000000
94892  19.406  29.658  -41.144 0.0000000000
95846  19.100  29.777  -42.720 0.0000000000
94899  19.756  29.250  -41.938 0.0000000000
94001  20.458  28.292  -40.868 0.0000000000
94000  21.305  28.319  -40.473 0.0000000000
137590  21.827  27.996  -40.410 0.0000000000
93150  22.164  27.881  -40.120 0.0000000000
93172  22.006  27.282  -41.414 0.0000000000
93180  21.623  26.826  -42.123 0.0000000000
93160  22.623  27.386  -40.591 0.0000000000
93171  22.839  27.333  -41.305 0.0000000000
71960  24.957  4.251  -34.491 0.0000000000
73874  25.074  6.565  -33.590 0.0000000000
73882  27.489  6.532  -35.921 0.0000000000
73883  26.705  6.254  -35.272 0.0000000000
73884  25.785  5.852  -34.641 0.0000000000
71959  25.962  4.117  -34.865 0.0000000000
76670  32.508  9.629  -41.067 0.0000000000
75724  32.965  8.701  -40.613 0.0000000000
75717  33.073  8.517  -39.552 0.0000000000
74813  35.458  7.930  -40.157 0.0000000000
75716  33.718  8.188  -39.916 0.0000000000
76659  32.580  8.769  -38.885 0.0000000000
76645  32.384  9.072  -38.072 0.0000000000
72889  28.524  5.508  -36.493 0.0000000000
72891  27.331  4.914  -35.665 0.0000000000
74767  27.499  7.449  -35.605 0.0000000000
74790  29.387  7.189  -36.680 0.0000000000
74809  34.646  7.973  -39.462 0.0000000000
74814  34.559  7.949  -40.064 0.0000000000
75707  34.175  8.201  -39.216 0.0000000000
75722  34.670  8.206  -40.605 0.0000000000
75729  34.175  8.476  -41.020 0.0000000000
75730  33.604  8.683  -41.087 0.0000000000
76648  29.573  9.193  -37.743 0.0000000000
76649  28.952  9.221  -37.418 0.0000000000
76683  35.163  9.062  -41.261 0.0000000000
76684  34.210  8.927  -41.383 0.0000000000
77671  28.903  9.998  -37.585 0.0000000000
77694  34.702  10.387  -41.299 0.0000000000
77695  33.428  10.153  -41.518 0.0000000000
80750  32.203  14.573  -41.126 0.0000000000
83545  28.958  17.317  -40.625 0.0000000000
83547  34.051  16.150  -41.752 0.0000000000
84478  29.719  17.304  -40.660 0.0000000000
85332  29.879  18.577  -40.006 0.0000000000
85333  29.058  18.643  -40.318 0.0000000000
85341  29.543  17.866  -40.667 0.0000000000
86203  25.282  19.368  -44.098 0.0000000000
91529  21.791  26.260  -39.783 0.0000000000
93162  21.516  27.627  -40.845 0.0000000000
94016  20.385  27.971  -41.862 0.0000000000
94030  20.596  28.876  -44.224 0.0000000000
94873  22.584  28.457  -39.597 0.0000000000
94906  18.937  29.725  -43.394 0.0000000000
95818  22.625  30.894  -39.350 0.0000000000
95821  19.580  30.923  -39.678 0.0000000000
96643  18.015  31.463  -41.082 0.0000000000
119961  21.830  22.551  -41.478 0.0000000000
120273  20.556  23.996  -41.315 0.0000000000
120647  35.434  8.230  -40.530 0.0000000000
129342  20.501  28.291  -44.521 0.0000000000
129488  30.385  8.468  -37.541 0.0000000000
130451  28.688  5.293  -36.043 0.0000000000
131377  28.078  17.476  -40.549 0.0000000000
132681  33.365  14.107  -41.404 0.0000000000
137928  24.814  2.373  -34.393 0.0000000000
