#!ascii label  , from subject sub-s022 vox2ras=TkReg
403
78881  -23.886  11.290  -34.279 0.0000000000
75427  -19.195  7.820  -31.638 0.0000000000
75440  -25.292  6.661  -32.543 0.0000000000
71734  -21.300  3.421  -31.721 0.0000000000
88663  -26.370  22.286  -32.092 0.0000000000
119397  -28.004  19.134  -33.574 0.0000000000
82461  -20.323  15.047  -32.867 0.0000000000
67982  -20.345  -0.397  -30.263 0.0000000000
73665  -20.561  5.645  -32.268 0.0000000000
71722  -18.757  3.441  -30.767 0.0000000000
86943  -27.054  20.650  -32.334 0.0000000000
128111  -23.530  18.530  -31.507 0.0000000000
78846  -19.335  11.887  -32.261 0.0000000000
80657  -18.174  13.802  -31.312 0.0000000000
80698  -21.887  13.537  -33.701 0.0000000000
82452  -26.307  15.215  -31.463 0.0000000000
80668  -27.891  13.071  -31.828 0.0000000000
78868  -28.759  11.201  -33.505 0.0000000000
77151  -17.878  9.992  -31.036 0.0000000000
77176  -20.623  9.160  -33.184 0.0000000000
77162  -25.002  9.206  -32.377 0.0000000000
75452  -22.367  7.506  -33.492 0.0000000000
73668  -23.672  5.690  -32.402 0.0000000000
71744  -25.342  3.764  -32.808 0.0000000000
84288  -19.572  17.225  -32.298 0.0000000000
116154  -23.888  16.672  -31.862 0.0000000000
84307  -28.522  17.411  -34.727 0.0000000000
69783  -18.337  1.466  -30.052 0.0000000000
69809  -20.872  1.301  -30.895 0.0000000000
72682  -18.606  4.251  -30.681 0.0000000000
71720  -17.813  3.828  -29.868 0.0000000000
86095  -23.348  19.402  -31.522 0.0000000000
85182  -21.101  18.561  -32.387 0.0000000000
78865  -21.453  11.317  -33.521 0.0000000000
79786  -20.373  12.504  -33.103 0.0000000000
79800  -22.790  12.632  -34.042 0.0000000000
80682  -24.248  13.353  -33.386 0.0000000000
79788  -25.066  12.452  -32.638 0.0000000000
79775  -28.158  12.228  -32.146 0.0000000000
78848  -26.351  11.338  -32.032 0.0000000000
76307  -18.273  8.375  -31.079 0.0000000000
77153  -19.193  9.388  -31.829 0.0000000000
76324  -19.986  8.552  -32.494 0.0000000000
76339  -21.079  8.392  -33.334 0.0000000000
132379  -20.284  7.964  -32.579 0.0000000000
72702  -20.834  4.895  -32.203 0.0000000000
73666  -21.341  5.703  -32.468 0.0000000000
72695  -22.343  4.622  -32.135 0.0000000000
72706  -24.665  4.376  -32.525 0.0000000000
119835  -23.562  3.911  -32.139 0.0000000000
132134  -24.902  22.126  -31.445 0.0000000000
88647  -24.043  22.434  -31.272 0.0000000000
89493  -25.772  23.178  -31.830 0.0000000000
90274  -26.388  24.007  -33.616 0.0000000000
88687  -26.920  22.785  -34.882 0.0000000000
86105  -27.728  19.822  -33.340 0.0000000000
81542  -19.478  14.847  -32.292 0.0000000000
82447  -18.732  15.409  -31.549 0.0000000000
83383  -20.463  15.712  -32.939 0.0000000000
83373  -21.529  16.857  -33.031 0.0000000000
128508  -21.770  15.582  -33.380 0.0000000000
82454  -28.428  15.325  -32.283 0.0000000000
83377  -28.345  16.124  -32.451 0.0000000000
83393  -29.019  16.055  -34.984 0.0000000000
76328  -25.467  8.203  -32.424 0.0000000000
77164  -27.293  8.803  -32.586 0.0000000000
68879  -19.209  0.010  -29.896 0.0000000000
68895  -19.430  0.688  -30.319 0.0000000000
69800  -19.815  1.368  -30.731 0.0000000000
68897  -21.157  0.484  -30.692 0.0000000000
74554  -18.394  6.725  -30.737 0.0000000000
74563  -19.451  6.942  -31.759 0.0000000000
73655  -19.007  5.530  -31.165 0.0000000000
72692  -19.440  4.762  -31.438 0.0000000000
71733  -20.186  3.501  -31.575 0.0000000000
86931  -24.660  20.834  -31.490 0.0000000000
87829  -26.688  21.389  -32.176 0.0000000000
86085  -24.917  20.169  -31.493 0.0000000000
86097  -25.760  19.867  -31.530 0.0000000000
124609  -26.419  19.181  -31.499 0.0000000000
78838  -18.304  11.933  -31.268 0.0000000000
79771  -19.070  12.842  -31.859 0.0000000000
80678  -20.004  13.494  -32.686 0.0000000000
132703  -21.218  14.400  -33.225 0.0000000000
82464  -22.700  14.773  -33.429 0.0000000000
81560  -23.910  13.965  -33.247 0.0000000000
81546  -26.831  14.299  -31.546 0.0000000000
81561  -29.192  14.340  -33.913 0.0000000000
80685  -29.303  13.299  -34.345 0.0000000000
67138  -21.912  -1.594  -30.967 0.0000000000
121503  -22.143  -0.821  -31.073 0.0000000000
77970  -18.369  10.900  -31.289 0.0000000000
77995  -20.175  10.744  -33.076 0.0000000000
78013  -22.673  10.479  -34.049 0.0000000000
77997  -24.240  10.570  -33.798 0.0000000000
76356  -22.844  8.924  -34.160 0.0000000000
76342  -23.335  8.339  -33.714 0.0000000000
75438  -23.894  6.722  -32.384 0.0000000000
74571  -20.829  6.347  -32.502 0.0000000000
74573  -22.620  6.411  -32.800 0.0000000000
74575  -24.703  5.908  -32.463 0.0000000000
115059  -25.440  5.466  -32.650 0.0000000000
71755  -26.224  4.461  -33.209 0.0000000000
88688  -27.179  21.941  -35.273 0.0000000000
134870  -20.710  18.007  -32.624 0.0000000000
124424  -23.674  17.633  -31.630 0.0000000000
84295  -26.948  17.789  -31.283 0.0000000000
83376  -24.536  15.958  -31.777 0.0000000000
116134  -26.938  16.860  -31.274 0.0000000000
85195  -28.270  17.999  -34.271 0.0000000000
120665  -26.680  9.802  -32.264 0.0000000000
118875  -28.607  9.668  -33.619 0.0000000000
125900  -17.552  3.176  -29.500 0.0000000000
70729  -18.384  2.878  -30.366 0.0000000000
69807  -19.821  2.713  -31.265 0.0000000000
70739  -21.553  2.539  -31.427 0.0000000000
67994  -22.471  -0.081  -31.252 0.0000000000
69810  -22.718  1.446  -31.435 0.0000000000
123076  -23.374  2.167  -31.759 0.0000000000
85174  -19.920  18.910  -32.085 0.0000000000
118277  -22.286  11.293  -33.829 0.0000000000
78878  -21.850  12.096  -33.710 0.0000000000
78880  -23.399  11.920  -34.227 0.0000000000
118227  -24.362  12.347  -33.650 0.0000000000
78867  -24.659  11.860  -33.029 0.0000000000
78847  -25.423  11.620  -32.384 0.0000000000
78866  -24.285  11.580  -33.854 0.0000000000
75416  -18.149  7.558  -30.730 0.0000000000
75426  -18.638  7.871  -31.264 0.0000000000
76318  -18.911  8.534  -31.525 0.0000000000
76319  -19.513  8.586  -31.968 0.0000000000
75434  -19.784  7.829  -32.154 0.0000000000
120138  -20.759  4.093  -31.922 0.0000000000
72694  -21.552  4.329  -32.036 0.0000000000
71735  -22.408  3.849  -31.876 0.0000000000
88662  -25.641  22.246  -31.630 0.0000000000
89494  -26.364  23.193  -32.454 0.0000000000
89515  -26.665  23.421  -34.165 0.0000000000
88671  -26.818  22.594  -32.813 0.0000000000
86110  -27.898  19.645  -34.342 0.0000000000
86111  -28.043  19.067  -35.050 0.0000000000
125726  -19.066  15.103  -31.885 0.0000000000
82460  -19.586  15.172  -32.390 0.0000000000
83371  -19.407  15.712  -32.223 0.0000000000
83382  -19.839  15.477  -32.612 0.0000000000
83384  -21.253  16.041  -33.236 0.0000000000
82476  -29.064  15.434  -34.262 0.0000000000
82465  -28.703  15.900  -33.222 0.0000000000
122341  -25.874  7.220  -32.666 0.0000000000
76329  -26.532  7.982  -32.693 0.0000000000
75442  -26.816  7.033  -33.156 0.0000000000
67122  -20.456  -1.175  -30.115 0.0000000000
67121  -19.715  -0.705  -29.804 0.0000000000
67981  -19.756  0.006  -30.152 0.0000000000
68896  -20.284  0.480  -30.512 0.0000000000
67983  -20.945  -0.074  -30.509 0.0000000000
73642  -18.079  6.185  -30.254 0.0000000000
132319  -18.557  6.016  -30.780 0.0000000000
72691  -18.902  4.742  -30.998 0.0000000000
72683  -19.054  4.057  -31.114 0.0000000000
120147  -19.576  3.993  -31.439 0.0000000000
71732  -19.316  3.273  -31.162 0.0000000000
86930  -23.721  20.909  -31.475 0.0000000000
86084  -24.045  20.136  -31.515 0.0000000000
128071  -22.599  18.755  -31.797 0.0000000000
86096  -24.523  19.348  -31.417 0.0000000000
123753  -25.454  19.014  -31.357 0.0000000000
85185  -24.609  18.384  -31.271 0.0000000000
78845  -18.886  12.024  -31.803 0.0000000000
134875  -21.758  13.288  -33.592 0.0000000000
80697  -21.324  13.699  -33.233 0.0000000000
114589  -20.546  14.063  -32.810 0.0000000000
81572  -21.498  14.076  -33.392 0.0000000000
81558  -22.255  14.188  -33.675 0.0000000000
80680  -22.703  13.528  -33.857 0.0000000000
80683  -24.959  13.190  -32.634 0.0000000000
80666  -25.707  13.653  -31.862 0.0000000000
132573  -27.672  13.779  -31.686 0.0000000000
81548  -28.685  14.427  -32.698 0.0000000000
119604  -28.391  13.694  -32.150 0.0000000000
115500  -28.941  13.565  -33.193 0.0000000000
80669  -28.639  12.874  -32.562 0.0000000000
78850  -28.411  11.360  -32.556 0.0000000000
79776  -28.804  12.010  -33.016 0.0000000000
78882  -28.956  11.092  -34.485 0.0000000000
66208  -21.710  -2.309  -30.863 0.0000000000
66209  -22.410  -2.318  -31.373 0.0000000000
122318  -17.126  10.358  -30.277 0.0000000000
77175  -20.037  9.957  -32.801 0.0000000000
121100  -19.311  10.353  -32.278 0.0000000000
119751  -20.775  9.904  -33.258 0.0000000000
77996  -20.995  10.619  -33.404 0.0000000000
133911  -21.415  9.929  -33.605 0.0000000000
77195  -23.121  9.715  -34.188 0.0000000000
77177  -21.391  9.121  -33.676 0.0000000000
75451  -21.547  7.623  -33.361 0.0000000000
76341  -22.617  8.186  -33.812 0.0000000000
76326  -23.714  7.559  -32.703 0.0000000000
75437  -22.922  6.874  -32.892 0.0000000000
73664  -19.944  6.107  -32.086 0.0000000000
73667  -22.250  5.840  -32.599 0.0000000000
129590  -23.050  5.957  -32.505 0.0000000000
74574  -23.668  6.205  -32.438 0.0000000000
116497  -24.520  5.604  -32.466 0.0000000000
72707  -25.542  4.656  -32.799 0.0000000000
87836  -27.199  21.326  -32.786 0.0000000000
88681  -27.234  22.003  -34.251 0.0000000000
87837  -27.452  21.293  -33.642 0.0000000000
116809  -17.764  13.461  -30.987 0.0000000000
84280  -18.984  17.108  -31.753 0.0000000000
85181  -20.189  18.254  -32.428 0.0000000000
84289  -20.315  17.374  -32.706 0.0000000000
84292  -22.963  17.040  -32.387 0.0000000000
84291  -22.131  17.378  -32.674 0.0000000000
84293  -24.749  17.478  -31.230 0.0000000000
84294  -25.876  17.220  -31.089 0.0000000000
82450  -24.060  15.266  -32.419 0.0000000000
82451  -25.029  15.238  -31.810 0.0000000000
83385  -28.439  16.717  -33.048 0.0000000000
115900  -27.975  16.696  -31.971 0.0000000000
84303  -28.377  17.404  -33.716 0.0000000000
84302  -28.114  17.465  -32.701 0.0000000000
84315  -28.688  17.508  -35.726 0.0000000000
77179  -24.317  9.385  -33.150 0.0000000000
77979  -24.833  10.178  -32.661 0.0000000000
124945  -25.625  9.810  -32.264 0.0000000000
77998  -27.977  9.785  -32.604 0.0000000000
70716  -17.855  2.287  -29.829 0.0000000000
70730  -18.490  2.153  -30.334 0.0000000000
69799  -19.465  2.156  -30.917 0.0000000000
69808  -20.225  2.044  -31.133 0.0000000000
70738  -20.657  2.709  -31.417 0.0000000000
131559  -20.990  2.068  -31.224 0.0000000000
70740  -22.438  2.307  -31.497 0.0000000000
73643  -18.453  5.221  -30.567 0.0000000000
72681  -18.098  4.484  -30.198 0.0000000000
71721  -18.284  3.668  -30.340 0.0000000000
128063  -22.432  19.583  -31.657 0.0000000000
86094  -21.799  19.027  -31.972 0.0000000000
78863  -19.770  11.666  -32.943 0.0000000000
78877  -21.103  12.030  -33.451 0.0000000000
79799  -22.096  12.886  -33.919 0.0000000000
80699  -22.450  13.213  -33.930 0.0000000000
80681  -23.518  13.408  -33.801 0.0000000000
79787  -24.021  12.849  -33.956 0.0000000000
123941  -24.478  12.870  -33.357 0.0000000000
79773  -25.949  12.877  -31.921 0.0000000000
79774  -27.102  12.538  -31.818 0.0000000000
117289  -26.187  12.068  -31.960 0.0000000000
78849  -27.385  11.565  -32.046 0.0000000000
76306  -17.644  8.313  -30.537 0.0000000000
77143  -17.880  8.991  -30.913 0.0000000000
77152  -18.733  10.186  -31.595 0.0000000000
77161  -19.693  9.337  -32.386 0.0000000000
135510  -20.150  9.108  -32.783 0.0000000000
76325  -20.476  8.493  -32.908 0.0000000000
75435  -20.814  7.779  -32.925 0.0000000000
72703  -21.852  5.113  -32.316 0.0000000000
72704  -22.885  5.291  -32.321 0.0000000000
72705  -23.971  4.997  -32.323 0.0000000000
71742  -23.035  4.551  -32.141 0.0000000000
71743  -24.343  3.420  -32.400 0.0000000000
87814  -23.399  21.682  -31.312 0.0000000000
88648  -25.003  22.847  -31.464 0.0000000000
133407  -26.333  23.824  -32.862 0.0000000000
89522  -26.456  23.182  -35.821 0.0000000000
86948  -27.487  20.602  -33.064 0.0000000000
86949  -27.689  20.508  -33.960 0.0000000000
82440  -18.297  15.334  -31.131 0.0000000000
83364  -18.470  15.779  -31.283 0.0000000000
83370  -18.914  15.783  -31.710 0.0000000000
83372  -19.849  16.321  -32.600 0.0000000000
84301  -20.721  16.659  -32.989 0.0000000000
83374  -22.203  16.407  -33.069 0.0000000000
83375  -23.067  16.150  -32.649 0.0000000000
82453  -27.579  15.205  -31.532 0.0000000000
83403  -28.875  16.758  -35.264 0.0000000000
76327  -24.525  8.408  -32.563 0.0000000000
77163  -26.129  8.973  -32.312 0.0000000000
76330  -27.495  7.802  -33.148 0.0000000000
68894  -18.771  0.731  -30.023 0.0000000000
69798  -18.989  1.578  -30.505 0.0000000000
74553  -17.908  6.974  -30.319 0.0000000000
120868  -18.761  7.205  -31.241 0.0000000000
74562  -18.897  6.414  -31.211 0.0000000000
116122  -19.353  6.099  -31.561 0.0000000000
73656  -19.544  5.517  -31.640 0.0000000000
73657  -20.016  5.196  -31.962 0.0000000000
72693  -20.096  4.399  -31.786 0.0000000000
127948  -22.495  21.838  -31.152 0.0000000000
87815  -24.346  21.579  -31.428 0.0000000000
87816  -25.247  21.503  -31.509 0.0000000000
123991  -26.879  21.919  -32.572 0.0000000000
87828  -26.076  21.488  -31.695 0.0000000000
86932  -25.555  20.754  -31.546 0.0000000000
86942  -26.401  20.689  -31.778 0.0000000000
86098  -26.801  19.944  -31.862 0.0000000000
129044  -27.228  19.272  -31.995 0.0000000000
136318  -27.469  18.802  -32.093 0.0000000000
80663  -18.682  13.752  -31.661 0.0000000000
79772  -19.594  12.685  -32.498 0.0000000000
80664  -19.328  13.663  -32.112 0.0000000000
121986  -19.709  14.318  -32.455 0.0000000000
81555  -20.208  14.677  -32.737 0.0000000000
117336  -20.886  14.657  -33.106 0.0000000000
122640  -22.038  14.929  -33.481 0.0000000000
81557  -21.540  14.409  -33.430 0.0000000000
81543  -23.524  14.652  -33.047 0.0000000000
81544  -24.391  14.544  -32.507 0.0000000000
80665  -24.697  13.838  -32.605 0.0000000000
81545  -25.404  14.433  -31.823 0.0000000000
81547  -28.084  14.446  -31.720 0.0000000000
81574  -29.473  14.562  -35.014 0.0000000000
125477  -29.508  13.810  -34.877 0.0000000000
122320  -29.796  13.770  -35.709 0.0000000000
80684  -29.047  12.657  -33.709 0.0000000000
75441  -26.331  6.309  -32.918 0.0000000000
120414  -21.159  -1.688  -30.495 0.0000000000
120141  -21.240  -0.839  -30.564 0.0000000000
77977  -18.830  11.150  -31.811 0.0000000000
77978  -19.168  11.264  -32.203 0.0000000000
77994  -19.538  10.953  -32.691 0.0000000000
78864  -20.575  11.448  -33.305 0.0000000000
119282  -23.094  11.239  -34.142 0.0000000000
78014  -23.454  10.487  -34.140 0.0000000000
77196  -23.659  9.810  -34.181 0.0000000000
77178  -23.792  9.101  -33.940 0.0000000000
76355  -22.140  8.800  -34.050 0.0000000000
76343  -23.876  8.377  -33.061 0.0000000000
131439  -24.198  7.721  -32.548 0.0000000000
115181  -24.904  7.498  -32.419 0.0000000000
74570  -20.313  7.149  -32.416 0.0000000000
75436  -21.210  7.021  -32.954 0.0000000000
74572  -21.726  6.370  -32.858 0.0000000000
74583  -22.071  6.884  -33.299 0.0000000000
120936  -24.886  6.266  -32.463 0.0000000000
131266  -25.743  6.109  -32.680 0.0000000000
74576  -25.589  5.735  -32.656 0.0000000000
73671  -26.219  5.437  -32.902 0.0000000000
73669  -25.069  5.057  -32.594 0.0000000000
73670  -25.896  5.067  -32.839 0.0000000000
88672  -27.160  21.996  -33.261 0.0000000000
87843  -27.486  21.172  -34.730 0.0000000000
85183  -21.958  18.252  -32.373 0.0000000000
84290  -21.227  17.640  -32.789 0.0000000000
85184  -22.772  17.909  -32.040 0.0000000000
85186  -25.904  18.274  -31.178 0.0000000000
84296  -27.690  18.213  -32.163 0.0000000000
82463  -22.475  15.535  -33.236 0.0000000000
119742  -23.743  15.876  -32.328 0.0000000000
116153  -24.938  16.688  -31.368 0.0000000000
121165  -27.163  16.009  -31.398 0.0000000000
120469  -25.810  16.152  -31.308 0.0000000000
132933  -27.666  17.417  -31.783 0.0000000000
85200  -28.143  18.734  -34.301 0.0000000000
85201  -28.268  18.244  -35.200 0.0000000000
126007  -24.712  11.122  -32.883 0.0000000000
77980  -25.734  10.689  -32.216 0.0000000000
77981  -27.082  10.660  -32.187 0.0000000000
77999  -28.552  10.494  -32.949 0.0000000000
129669  -17.975  3.162  -30.015 0.0000000000
70731  -18.931  2.589  -30.753 0.0000000000
123259  -22.128  3.012  -31.629 0.0000000000
67993  -21.679  -0.085  -30.786 0.0000000000
68905  -21.961  0.782  -31.088 0.0000000000
68906  -22.967  0.571  -31.464 0.0000000000
114536  -21.767  1.736  -31.240 0.0000000000
71736  -22.923  3.038  -31.787 0.0000000000
74577  -26.321  5.766  -32.911 0.0000000000
75439  -24.398  7.000  -32.366 0.0000000000
75453  -23.105  7.501  -33.094 0.0000000000
76340  -21.835  8.264  -33.738 0.0000000000
77194  -22.158  9.634  -34.047 0.0000000000
77197  -23.971  9.863  -34.076 0.0000000000
77982  -28.025  10.755  -32.425 0.0000000000
78012  -21.819  10.526  -33.716 0.0000000000
78015  -23.835  10.517  -34.208 0.0000000000
78879  -22.626  12.070  -34.043 0.0000000000
79798  -21.403  12.842  -33.391 0.0000000000
79801  -23.905  12.139  -34.207 0.0000000000
80667  -26.882  13.375  -31.693 0.0000000000
80679  -20.801  13.342  -32.941 0.0000000000
81556  -20.864  14.275  -32.980 0.0000000000
81559  -23.058  14.071  -33.612 0.0000000000
81573  -22.023  13.810  -33.751 0.0000000000
82439  -17.847  15.234  -30.729 0.0000000000
82448  -19.140  15.416  -31.925 0.0000000000
82449  -23.228  15.369  -32.887 0.0000000000
82462  -21.092  15.098  -33.307 0.0000000000
83392  -28.722  16.537  -34.172 0.0000000000
85187  -27.059  18.620  -31.551 0.0000000000
85193  -27.755  19.082  -32.692 0.0000000000
85194  -28.134  18.293  -33.341 0.0000000000
86092  -20.573  19.118  -32.077 0.0000000000
86104  -27.403  19.907  -32.521 0.0000000000
88680  -26.961  22.710  -33.752 0.0000000000
117726  -28.830  15.107  -33.256 0.0000000000
119515  -23.265  12.808  -34.074 0.0000000000
121855  -18.499  9.234  -31.360 0.0000000000
123927  -28.024  15.903  -31.786 0.0000000000
125370  -23.657  11.102  -34.165 0.0000000000
129369  -23.416  9.173  -34.156 0.0000000000
136687  -19.326  2.683  -31.022 0.0000000000
