#!ascii label  , from subject sub-s022 vox2ras=TkReg
395
114063  -27.982  2.979  -33.761 0.0000000000
75440  -25.292  6.661  -32.543 0.0000000000
119397  -28.004  19.134  -33.574 0.0000000000
82477  -29.411  15.383  -35.383 0.0000000000
78905  -31.191  11.009  -37.161 0.0000000000
74601  -32.519  6.825  -34.995 0.0000000000
86943  -27.054  20.650  -32.334 0.0000000000
80719  -30.281  12.938  -36.971 0.0000000000
78868  -28.759  11.201  -33.505 0.0000000000
119264  -26.988  5.078  -33.675 0.0000000000
119761  -29.087  7.143  -34.515 0.0000000000
73680  -29.215  4.935  -34.261 0.0000000000
67140  -23.416  -1.070  -31.813 0.0000000000
71744  -25.342  3.764  -32.808 0.0000000000
91908  -25.200  26.129  -34.239 0.0000000000
90289  -25.584  24.524  -35.891 0.0000000000
88695  -26.414  22.403  -36.689 0.0000000000
86969  -26.704  20.626  -37.672 0.0000000000
86135  -28.317  18.880  -38.096 0.0000000000
84307  -28.522  17.411  -34.727 0.0000000000
84346  -30.620  17.925  -39.135 0.0000000000
82513  -32.274  15.935  -39.184 0.0000000000
81613  -34.399  13.977  -39.010 0.0000000000
79815  -33.504  11.876  -36.583 0.0000000000
77181  -28.762  9.017  -34.358 0.0000000000
77210  -32.111  9.082  -36.485 0.0000000000
79775  -28.158  12.228  -32.146 0.0000000000
78848  -26.351  11.338  -32.032 0.0000000000
71757  -27.280  4.225  -33.995 0.0000000000
72730  -27.952  4.953  -34.397 0.0000000000
71759  -28.949  3.802  -33.570 0.0000000000
125670  -23.676  -5.355  -30.781 0.0000000000
64270  -24.144  -4.742  -31.276 0.0000000000
65221  -24.443  -3.578  -32.137 0.0000000000
72706  -24.665  4.376  -32.525 0.0000000000
119835  -23.562  3.911  -32.139 0.0000000000
90300  -25.853  23.783  -36.268 0.0000000000
86105  -27.728  19.822  -33.340 0.0000000000
86962  -27.443  20.604  -35.571 0.0000000000
86117  -27.695  19.743  -35.487 0.0000000000
86977  -27.073  19.899  -38.180 0.0000000000
86118  -27.898  18.865  -35.936 0.0000000000
83393  -29.019  16.055  -34.984 0.0000000000
84325  -29.055  17.591  -36.672 0.0000000000
83424  -30.190  16.327  -37.318 0.0000000000
84337  -31.055  17.186  -38.741 0.0000000000
82502  -30.640  15.587  -37.575 0.0000000000
79821  -30.299  12.188  -37.019 0.0000000000
80728  -31.446  13.548  -38.324 0.0000000000
79826  -32.084  12.099  -38.126 0.0000000000
129394  -34.140  12.773  -37.943 0.0000000000
78039  -33.054  11.035  -37.569 0.0000000000
76328  -25.467  8.203  -32.424 0.0000000000
77164  -27.293  8.803  -32.586 0.0000000000
76330  -27.495  7.802  -33.148 0.0000000000
74599  -30.483  6.915  -34.986 0.0000000000
75470  -30.544  7.810  -35.350 0.0000000000
75484  -32.149  7.909  -35.725 0.0000000000
77211  -33.173  9.027  -36.202 0.0000000000
76361  -33.603  8.024  -35.200 0.0000000000
67158  -25.142  -1.698  -32.623 0.0000000000
68907  -23.644  0.306  -31.766 0.0000000000
113596  -25.359  -0.235  -32.635 0.0000000000
68921  -25.821  0.571  -32.832 0.0000000000
81561  -29.192  14.340  -33.913 0.0000000000
132231  -30.134  13.774  -36.439 0.0000000000
80685  -29.303  13.299  -34.345 0.0000000000
79802  -29.353  12.370  -34.901 0.0000000000
78894  -29.599  11.385  -36.062 0.0000000000
74584  -26.887  5.899  -33.289 0.0000000000
74586  -27.835  6.405  -33.923 0.0000000000
74596  -27.916  5.881  -34.141 0.0000000000
73691  -29.103  5.698  -34.553 0.0000000000
73693  -31.045  6.090  -34.385 0.0000000000
66226  -24.633  -2.376  -32.459 0.0000000000
74575  -24.703  5.908  -32.463 0.0000000000
115059  -25.440  5.466  -32.650 0.0000000000
71755  -26.224  4.461  -33.209 0.0000000000
132259  -26.053  3.515  -33.220 0.0000000000
92712  -23.350  27.276  -35.159 0.0000000000
91082  -25.700  25.422  -33.624 0.0000000000
91090  -25.528  25.344  -34.583 0.0000000000
90299  -25.137  24.245  -36.718 0.0000000000
89537  -25.016  23.051  -38.005 0.0000000000
88702  -25.289  22.093  -38.420 0.0000000000
88688  -27.179  21.941  -35.273 0.0000000000
87854  -26.537  21.473  -37.179 0.0000000000
87860  -25.342  21.452  -39.111 0.0000000000
86993  -26.528  20.492  -39.663 0.0000000000
86994  -27.238  20.156  -39.975 0.0000000000
86149  -28.767  19.716  -40.310 0.0000000000
85195  -28.270  17.999  -34.271 0.0000000000
85208  -28.436  18.188  -36.329 0.0000000000
85222  -29.045  18.565  -38.464 0.0000000000
85239  -30.500  19.116  -40.623 0.0000000000
86152  -31.477  19.104  -40.393 0.0000000000
84339  -32.972  17.153  -38.732 0.0000000000
120866  -30.961  14.875  -37.819 0.0000000000
82515  -33.553  15.123  -39.141 0.0000000000
120665  -26.680  9.802  -32.264 0.0000000000
118875  -28.607  9.668  -33.619 0.0000000000
77208  -29.443  9.884  -35.718 0.0000000000
75468  -28.871  7.642  -34.398 0.0000000000
76358  -29.520  9.067  -35.514 0.0000000000
77217  -31.461  9.851  -36.833 0.0000000000
77219  -33.387  9.820  -36.366 0.0000000000
129857  -33.352  10.572  -35.466 0.0000000000
119823  -24.667  2.056  -32.401 0.0000000000
69832  -26.030  1.652  -33.066 0.0000000000
69834  -27.310  1.737  -33.334 0.0000000000
118255  -27.727  3.781  -34.076 0.0000000000
71758  -28.223  3.774  -34.005 0.0000000000
133585  -28.578  3.229  -33.440 0.0000000000
63341  -24.462  -5.143  -30.528 0.0000000000
86110  -27.898  19.645  -34.342 0.0000000000
118977  -27.595  19.474  -36.561 0.0000000000
86111  -28.043  19.067  -35.050 0.0000000000
82476  -29.064  15.434  -34.262 0.0000000000
82465  -28.703  15.900  -33.222 0.0000000000
83404  -29.340  16.137  -35.772 0.0000000000
83415  -29.737  16.209  -36.579 0.0000000000
82495  -30.206  15.468  -36.906 0.0000000000
78904  -30.335  11.422  -36.857 0.0000000000
78906  -31.026  11.795  -37.465 0.0000000000
78908  -33.196  11.649  -38.070 0.0000000000
78907  -32.176  11.268  -37.687 0.0000000000
122341  -25.874  7.220  -32.666 0.0000000000
76329  -26.532  7.982  -32.693 0.0000000000
75442  -26.816  7.033  -33.156 0.0000000000
74600  -31.454  6.619  -34.820 0.0000000000
75471  -31.687  7.350  -35.350 0.0000000000
135521  -32.231  7.573  -35.505 0.0000000000
75472  -32.844  7.517  -35.370 0.0000000000
75473  -33.747  7.409  -34.954 0.0000000000
74602  -33.336  7.025  -34.974 0.0000000000
68011  -25.638  -1.020  -32.711 0.0000000000
119604  -28.391  13.694  -32.150 0.0000000000
115500  -28.941  13.565  -33.193 0.0000000000
80669  -28.639  12.874  -32.562 0.0000000000
78850  -28.411  11.360  -32.556 0.0000000000
79776  -28.804  12.010  -33.016 0.0000000000
79789  -29.023  11.789  -34.193 0.0000000000
78883  -29.338  11.405  -35.300 0.0000000000
78882  -28.956  11.092  -34.485 0.0000000000
73678  -26.836  5.454  -33.359 0.0000000000
74585  -27.358  5.726  -33.730 0.0000000000
73689  -27.665  5.328  -34.154 0.0000000000
72731  -28.503  5.113  -34.427 0.0000000000
73692  -30.119  6.205  -34.615 0.0000000000
73681  -30.238  5.443  -34.078 0.0000000000
73682  -31.529  5.550  -33.818 0.0000000000
126149  -31.004  4.883  -33.340 0.0000000000
63340  -22.924  -5.636  -30.850 0.0000000000
62388  -22.657  -6.288  -30.283 0.0000000000
65234  -24.836  -2.996  -32.360 0.0000000000
122571  -25.493  -2.475  -32.447 0.0000000000
72707  -25.542  4.656  -32.799 0.0000000000
91898  -25.356  26.208  -33.263 0.0000000000
91907  -24.741  26.872  -33.817 0.0000000000
91912  -24.271  26.707  -34.878 0.0000000000
91911  -23.265  26.896  -35.829 0.0000000000
132609  -24.846  25.911  -35.135 0.0000000000
90283  -25.841  24.646  -34.983 0.0000000000
90273  -26.075  24.724  -34.039 0.0000000000
91094  -25.242  25.222  -35.500 0.0000000000
91103  -24.811  25.015  -36.346 0.0000000000
89530  -26.034  23.123  -36.672 0.0000000000
89529  -25.422  23.450  -37.095 0.0000000000
88703  -25.755  22.712  -37.435 0.0000000000
87837  -27.452  21.293  -33.642 0.0000000000
123786  -27.064  20.846  -36.532 0.0000000000
87849  -27.242  21.283  -35.672 0.0000000000
87861  -26.001  21.251  -38.311 0.0000000000
87869  -25.895  20.978  -39.322 0.0000000000
86984  -26.538  20.508  -38.746 0.0000000000
86134  -27.708  19.416  -38.722 0.0000000000
86985  -27.080  19.950  -39.196 0.0000000000
86140  -27.853  19.702  -39.684 0.0000000000
86148  -27.945  20.051  -40.200 0.0000000000
86141  -28.681  19.083  -39.369 0.0000000000
83385  -28.439  16.717  -33.048 0.0000000000
84303  -28.377  17.404  -33.716 0.0000000000
85201  -28.268  18.244  -35.200 0.0000000000
84315  -28.688  17.508  -35.726 0.0000000000
85215  -29.457  17.622  -37.424 0.0000000000
85223  -29.645  18.024  -38.240 0.0000000000
85231  -29.677  19.095  -40.307 0.0000000000
85232  -30.535  18.615  -40.130 0.0000000000
86151  -30.842  19.392  -40.619 0.0000000000
129965  -31.261  18.268  -39.977 0.0000000000
83432  -31.703  16.650  -38.985 0.0000000000
84348  -32.151  17.856  -39.675 0.0000000000
83433  -32.518  16.903  -39.377 0.0000000000
85225  -32.540  17.866  -38.889 0.0000000000
83434  -33.078  16.593  -39.258 0.0000000000
82496  -30.503  14.682  -37.205 0.0000000000
81595  -30.674  14.048  -37.468 0.0000000000
80731  -33.647  13.610  -39.141 0.0000000000
81605  -32.012  14.294  -38.914 0.0000000000
133408  -33.675  15.407  -38.935 0.0000000000
82505  -33.698  15.173  -38.118 0.0000000000
79822  -33.735  12.660  -37.092 0.0000000000
79803  -32.871  12.025  -35.456 0.0000000000
77979  -24.833  10.178  -32.661 0.0000000000
77180  -28.261  8.628  -33.308 0.0000000000
77998  -27.977  9.785  -32.604 0.0000000000
121992  -28.943  9.855  -34.687 0.0000000000
77198  -29.147  9.424  -35.145 0.0000000000
122088  -28.446  6.808  -34.231 0.0000000000
75456  -28.290  7.216  -34.013 0.0000000000
76360  -31.220  8.469  -35.982 0.0000000000
76359  -30.115  8.511  -35.621 0.0000000000
76374  -30.211  9.104  -36.074 0.0000000000
77209  -30.351  9.779  -36.434 0.0000000000
115819  -31.028  9.226  -36.426 0.0000000000
77218  -32.773  9.771  -36.688 0.0000000000
77199  -33.640  9.297  -34.787 0.0000000000
77212  -33.528  9.421  -35.741 0.0000000000
78018  -33.485  9.989  -35.072 0.0000000000
68932  -26.467  0.978  -33.112 0.0000000000
69833  -26.773  1.811  -33.374 0.0000000000
68933  -27.044  0.815  -33.184 0.0000000000
79774  -27.102  12.538  -31.818 0.0000000000
78849  -27.385  11.565  -32.046 0.0000000000
72718  -27.273  4.794  -34.005 0.0000000000
72729  -27.540  4.941  -34.190 0.0000000000
71768  -27.746  4.451  -34.223 0.0000000000
72719  -28.503  4.476  -34.205 0.0000000000
136506  -29.282  4.352  -33.725 0.0000000000
71760  -30.017  4.650  -33.523 0.0000000000
71745  -29.257  3.177  -32.789 0.0000000000
63326  -24.013  -5.735  -30.050 0.0000000000
65220  -23.666  -3.510  -32.052 0.0000000000
64289  -24.719  -4.125  -31.687 0.0000000000
72705  -23.971  4.997  -32.323 0.0000000000
71742  -23.035  4.551  -32.141 0.0000000000
71743  -24.343  3.420  -32.400 0.0000000000
90284  -26.321  24.071  -34.530 0.0000000000
90290  -26.150  23.982  -35.412 0.0000000000
122325  -26.549  23.519  -34.968 0.0000000000
89522  -26.456  23.182  -35.821 0.0000000000
88687  -26.920  22.785  -34.882 0.0000000000
86948  -27.487  20.602  -33.064 0.0000000000
86949  -27.689  20.508  -33.960 0.0000000000
117328  -27.396  20.146  -36.262 0.0000000000
86970  -27.215  20.040  -37.126 0.0000000000
86126  -27.610  19.355  -37.605 0.0000000000
86127  -28.083  18.801  -36.986 0.0000000000
83403  -28.875  16.758  -35.264 0.0000000000
84316  -29.200  16.870  -36.188 0.0000000000
84326  -29.572  16.951  -37.040 0.0000000000
84336  -30.205  17.231  -37.939 0.0000000000
83425  -30.819  16.453  -38.137 0.0000000000
82503  -31.319  15.752  -38.382 0.0000000000
79820  -30.005  12.384  -36.580 0.0000000000
80720  -30.542  13.394  -37.336 0.0000000000
79823  -30.887  12.796  -37.718 0.0000000000
134055  -32.003  12.885  -38.448 0.0000000000
80732  -34.191  13.433  -38.954 0.0000000000
80729  -34.224  13.414  -38.537 0.0000000000
79825  -34.057  12.716  -38.358 0.0000000000
119980  -33.874  12.038  -37.660 0.0000000000
78897  -33.552  11.192  -36.983 0.0000000000
77163  -26.129  8.973  -32.312 0.0000000000
74598  -29.453  6.608  -34.629 0.0000000000
116334  -29.765  7.345  -34.890 0.0000000000
135414  -31.375  7.885  -35.606 0.0000000000
126267  -32.458  8.493  -36.139 0.0000000000
76375  -33.082  8.258  -35.754 0.0000000000
76376  -33.582  8.709  -35.477 0.0000000000
76362  -33.789  8.544  -34.610 0.0000000000
113169  -33.919  7.904  -34.588 0.0000000000
67157  -24.185  -1.536  -32.319 0.0000000000
68009  -24.029  -0.441  -32.100 0.0000000000
68010  -24.826  -0.857  -32.532 0.0000000000
130698  -24.662  -0.116  -32.399 0.0000000000
68920  -24.931  0.546  -32.493 0.0000000000
118303  -24.435  1.234  -32.246 0.0000000000
68922  -26.538  0.197  -32.940 0.0000000000
81548  -28.685  14.427  -32.698 0.0000000000
81574  -29.473  14.562  -35.014 0.0000000000
81584  -29.815  14.568  -35.951 0.0000000000
125477  -29.508  13.810  -34.877 0.0000000000
122320  -29.796  13.770  -35.709 0.0000000000
80700  -29.623  13.042  -35.415 0.0000000000
80684  -29.047  12.657  -33.709 0.0000000000
79813  -29.640  12.160  -35.976 0.0000000000
78903  -29.898  11.761  -36.500 0.0000000000
78895  -29.818  11.024  -36.398 0.0000000000
75441  -26.331  6.309  -32.918 0.0000000000
75454  -27.153  6.299  -33.442 0.0000000000
74597  -28.567  6.249  -34.388 0.0000000000
73690  -28.228  5.486  -34.372 0.0000000000
128689  -30.749  6.463  -34.708 0.0000000000
73694  -32.303  6.170  -34.414 0.0000000000
72708  -30.654  4.321  -32.911 0.0000000000
132299  -23.480  -1.787  -31.935 0.0000000000
65233  -24.179  -2.979  -32.271 0.0000000000
66225  -23.862  -2.339  -32.204 0.0000000000
131266  -25.743  6.109  -32.680 0.0000000000
74576  -25.589  5.735  -32.656 0.0000000000
73671  -26.219  5.437  -32.902 0.0000000000
73677  -26.581  5.097  -33.276 0.0000000000
73669  -25.069  5.057  -32.594 0.0000000000
73670  -25.896  5.067  -32.839 0.0000000000
72717  -26.884  4.649  -33.699 0.0000000000
71756  -26.756  3.763  -33.646 0.0000000000
118528  -27.359  3.378  -33.875 0.0000000000
92705  -23.886  27.457  -34.330 0.0000000000
91073  -25.587  25.470  -32.681 0.0000000000
91093  -24.432  25.749  -36.003 0.0000000000
90307  -24.537  23.786  -37.504 0.0000000000
89536  -24.047  23.333  -38.409 0.0000000000
114825  -24.466  22.572  -38.874 0.0000000000
88711  -24.633  21.861  -39.495 0.0000000000
88681  -27.234  22.003  -34.251 0.0000000000
131752  -26.824  22.435  -35.792 0.0000000000
87843  -27.486  21.172  -34.730 0.0000000000
87848  -26.913  21.749  -36.204 0.0000000000
123911  -26.037  21.997  -37.627 0.0000000000
87868  -25.231  21.354  -39.851 0.0000000000
87001  -26.791  20.715  -40.279 0.0000000000
84296  -27.690  18.213  -32.163 0.0000000000
85200  -28.143  18.734  -34.301 0.0000000000
85214  -28.882  18.260  -37.418 0.0000000000
86150  -29.887  19.711  -40.673 0.0000000000
84355  -31.739  18.268  -40.051 0.0000000000
85241  -31.902  18.543  -40.042 0.0000000000
85233  -32.153  18.635  -39.148 0.0000000000
85224  -32.166  18.376  -38.082 0.0000000000
113672  -30.176  14.580  -36.647 0.0000000000
82504  -31.665  15.036  -38.677 0.0000000000
81604  -31.167  14.223  -38.101 0.0000000000
82514  -32.702  15.151  -39.256 0.0000000000
116188  -33.072  15.998  -39.378 0.0000000000
81596  -33.462  14.337  -37.200 0.0000000000
77980  -25.734  10.689  -32.216 0.0000000000
77981  -27.082  10.660  -32.187 0.0000000000
77999  -28.552  10.494  -32.949 0.0000000000
78016  -29.188  10.567  -35.024 0.0000000000
78026  -29.460  10.652  -35.800 0.0000000000
78034  -30.479  10.559  -36.747 0.0000000000
75455  -27.613  7.008  -33.641 0.0000000000
132906  -28.107  7.696  -33.661 0.0000000000
76344  -28.634  8.080  -34.077 0.0000000000
75469  -29.530  8.067  -34.976 0.0000000000
76357  -29.049  8.566  -34.790 0.0000000000
119142  -29.745  9.659  -36.015 0.0000000000
78027  -29.762  10.281  -36.217 0.0000000000
133896  -31.288  10.458  -37.056 0.0000000000
78035  -32.259  10.516  -37.174 0.0000000000
78036  -33.264  10.575  -36.969 0.0000000000
78028  -33.394  10.435  -36.370 0.0000000000
134505  -33.532  9.975  -35.897 0.0000000000
78896  -33.358  11.165  -36.014 0.0000000000
130903  -23.632  2.983  -32.086 0.0000000000
70747  -24.789  2.874  -32.552 0.0000000000
69822  -25.225  1.426  -32.607 0.0000000000
70748  -25.512  2.575  -32.838 0.0000000000
70759  -26.370  2.693  -33.325 0.0000000000
70760  -26.981  2.769  -33.620 0.0000000000
70761  -27.445  2.543  -33.554 0.0000000000
73679  -27.268  5.204  -33.869 0.0000000000
74577  -26.321  5.766  -32.911 0.0000000000
77207  -29.290  10.066  -35.356 0.0000000000
77982  -28.025  10.755  -32.425 0.0000000000
78040  -33.496  11.490  -37.570 0.0000000000
78909  -33.785  12.063  -38.113 0.0000000000
79824  -33.395  12.654  -38.655 0.0000000000
80710  -29.976  12.999  -36.326 0.0000000000
80722  -33.923  13.460  -37.633 0.0000000000
80727  -30.827  13.584  -37.740 0.0000000000
80730  -32.584  13.510  -38.963 0.0000000000
81594  -30.377  13.757  -36.976 0.0000000000
81606  -34.144  14.167  -38.429 0.0000000000
81611  -33.178  14.330  -39.273 0.0000000000
81612  -34.081  14.197  -39.138 0.0000000000
82486  -29.785  15.396  -36.237 0.0000000000
82506  -34.069  14.638  -38.970 0.0000000000
83392  -28.722  16.537  -34.172 0.0000000000
83416  -33.373  16.259  -38.464 0.0000000000
83426  -33.390  15.884  -39.175 0.0000000000
84347  -31.703  17.607  -39.581 0.0000000000
84349  -32.589  17.332  -39.322 0.0000000000
85194  -28.134  18.293  -33.341 0.0000000000
85240  -31.272  18.784  -40.432 0.0000000000
86104  -27.403  19.907  -32.521 0.0000000000
86956  -27.662  20.352  -34.799 0.0000000000
119911  -28.747  10.474  -34.090 0.0000000000
120936  -24.886  6.266  -32.463 0.0000000000
122083  -27.130  2.203  -33.503 0.0000000000
124786  -29.681  18.511  -39.336 0.0000000000
133158  -23.334  -5.887  -30.338 0.0000000000
133934  -28.148  6.311  -34.176 0.0000000000
136657  -30.244  13.292  -36.718 0.0000000000
