#!ascii label  , from subject sub-s022 vox2ras=TkReg
364
25058  47.016  -42.891  -7.230 0.0000000000
118594  45.922  -45.574  -20.204 0.0000000000
21404  45.461  -46.755  -10.056 0.0000000000
24210  42.512  -44.330  -13.595 0.0000000000
21462  51.646  -47.180  -17.577 0.0000000000
21432  49.844  -47.225  -13.934 0.0000000000
19279  53.596  -49.515  -15.255 0.0000000000
25183  45.450  -43.804  -16.593 0.0000000000
27306  40.600  -41.541  -14.206 0.0000000000
120669  42.535  -44.110  -7.569 0.0000000000
23292  44.147  -45.844  -11.697 0.0000000000
136741  47.749  -45.513  -15.713 0.0000000000
120643  49.012  -45.574  -18.848 0.0000000000
21498  52.522  -47.656  -21.437 0.0000000000
24108  52.195  -44.980  -7.710 0.0000000000
24077  47.146  -44.691  -5.886 0.0000000000
23206  42.748  -45.723  -5.633 0.0000000000
28323  42.960  -40.678  -10.864 0.0000000000
20326  51.799  -48.479  -13.496 0.0000000000
24250  46.082  -44.230  -18.489 0.0000000000
25194  43.845  -43.212  -17.707 0.0000000000
23249  42.803  -45.489  -8.567 0.0000000000
22394  45.672  -46.449  -11.393 0.0000000000
21442  50.466  -47.075  -15.385 0.0000000000
114902  48.685  -46.401  -14.916 0.0000000000
118941  50.120  -46.478  -16.627 0.0000000000
23349  48.713  -45.304  -17.468 0.0000000000
22453  50.287  -46.146  -18.339 0.0000000000
21513  50.723  -47.950  -22.390 0.0000000000
22306  46.959  -46.123  -4.792 0.0000000000
23204  44.420  -45.211  -5.155 0.0000000000
22287  44.966  -46.279  -4.282 0.0000000000
24174  41.401  -44.132  -11.512 0.0000000000
26184  40.598  -42.781  -11.942 0.0000000000
29454  40.484  -39.428  -14.297 0.0000000000
30520  41.295  -38.742  -12.947 0.0000000000
21413  47.815  -47.330  -10.870 0.0000000000
22391  48.134  -46.930  -12.087 0.0000000000
122018  50.717  -48.004  -12.712 0.0000000000
21430  51.138  -47.808  -14.129 0.0000000000
21440  52.359  -48.129  -16.221 0.0000000000
24231  43.878  -44.218  -15.214 0.0000000000
25164  41.662  -43.378  -14.097 0.0000000000
130908  43.026  -43.168  -15.999 0.0000000000
132127  41.743  -42.005  -16.325 0.0000000000
124092  45.559  -46.614  -21.257 0.0000000000
26080  45.494  -42.703  -6.859 0.0000000000
23275  42.323  -44.989  -10.645 0.0000000000
23328  43.721  -45.276  -13.154 0.0000000000
115550  47.238  -46.490  -13.014 0.0000000000
23325  46.310  -45.982  -14.198 0.0000000000
23336  44.847  -45.347  -14.286 0.0000000000
24236  46.644  -44.459  -16.332 0.0000000000
24249  47.555  -44.766  -18.243 0.0000000000
23375  47.625  -45.838  -19.938 0.0000000000
21473  52.467  -47.306  -19.885 0.0000000000
22475  50.762  -46.821  -20.404 0.0000000000
128861  49.288  -46.927  -20.834 0.0000000000
22493  47.486  -46.883  -21.117 0.0000000000
25077  52.027  -43.871  -8.553 0.0000000000
25055  49.734  -43.803  -7.542 0.0000000000
24090  49.993  -44.880  -6.807 0.0000000000
133144  47.217  -44.086  -6.381 0.0000000000
24095  44.265  -43.989  -6.010 0.0000000000
24097  42.608  -44.750  -6.789 0.0000000000
22333  43.020  -46.678  -7.926 0.0000000000
21345  42.501  -47.154  -6.688 0.0000000000
21386  45.831  -47.447  -9.558 0.0000000000
28335  40.614  -41.072  -12.051 0.0000000000
25081  48.862  -42.900  -7.907 0.0000000000
26120  48.291  -42.378  -8.243 0.0000000000
26121  47.354  -42.011  -8.215 0.0000000000
23364  46.283  -45.133  -19.656 0.0000000000
25215  45.170  -43.973  -18.651 0.0000000000
22356  43.919  -46.291  -9.328 0.0000000000
22375  44.013  -46.068  -9.886 0.0000000000
114992  45.384  -46.471  -10.712 0.0000000000
22444  50.903  -46.945  -16.736 0.0000000000
130517  50.475  -46.871  -16.098 0.0000000000
22449  50.528  -46.431  -17.540 0.0000000000
22452  51.195  -46.620  -18.398 0.0000000000
136275  51.182  -48.841  -23.975 0.0000000000
22286  45.979  -46.171  -4.482 0.0000000000
24192  41.952  -44.548  -12.175 0.0000000000
25120  40.867  -43.423  -11.726 0.0000000000
24211  41.892  -44.229  -12.993 0.0000000000
30546  40.821  -38.471  -13.923 0.0000000000
122365  49.076  -47.511  -11.499 0.0000000000
21417  50.359  -47.897  -12.152 0.0000000000
20325  52.751  -49.046  -14.018 0.0000000000
20335  52.842  -48.886  -14.904 0.0000000000
20353  52.159  -48.202  -15.391 0.0000000000
20352  53.068  -48.811  -15.744 0.0000000000
25173  45.089  -44.012  -16.098 0.0000000000
25174  43.482  -43.638  -15.630 0.0000000000
114458  43.803  -43.370  -16.298 0.0000000000
136344  42.751  -42.547  -16.921 0.0000000000
27337  42.125  -42.093  -16.949 0.0000000000
28416  40.879  -40.628  -16.060 0.0000000000
25060  43.399  -43.185  -7.095 0.0000000000
25059  44.083  -42.816  -6.930 0.0000000000
25061  42.875  -43.293  -7.570 0.0000000000
23310  42.667  -45.084  -11.895 0.0000000000
23308  44.366  -45.735  -12.587 0.0000000000
22402  48.675  -47.057  -12.634 0.0000000000
22403  47.407  -46.690  -12.224 0.0000000000
22415  48.543  -46.814  -13.407 0.0000000000
22437  48.048  -45.886  -15.397 0.0000000000
22427  47.766  -46.207  -14.551 0.0000000000
22428  46.981  -45.959  -14.587 0.0000000000
23335  45.673  -45.508  -14.613 0.0000000000
23334  46.464  -45.569  -14.960 0.0000000000
23341  45.905  -45.068  -15.310 0.0000000000
23339  47.453  -45.083  -16.090 0.0000000000
120174  48.877  -45.332  -18.068 0.0000000000
24240  48.211  -45.028  -17.741 0.0000000000
23352  48.266  -45.213  -18.464 0.0000000000
23353  47.711  -45.059  -18.833 0.0000000000
136234  48.756  -45.754  -19.374 0.0000000000
120015  53.075  -50.144  -22.824 0.0000000000
20418  53.278  -48.453  -22.632 0.0000000000
20417  53.506  -48.570  -22.290 0.0000000000
128848  53.200  -47.835  -21.111 0.0000000000
21484  52.482  -47.420  -20.646 0.0000000000
22474  51.709  -46.956  -20.148 0.0000000000
21485  51.652  -47.248  -20.912 0.0000000000
21514  49.830  -47.757  -22.150 0.0000000000
120134  50.361  -47.491  -21.654 0.0000000000
21499  49.349  -47.368  -21.536 0.0000000000
22492  48.480  -47.031  -21.085 0.0000000000
21500  47.835  -47.372  -21.734 0.0000000000
24128  53.313  -44.781  -8.601 0.0000000000
125131  51.945  -44.415  -8.045 0.0000000000
24131  50.917  -44.046  -7.838 0.0000000000
24109  51.418  -44.662  -7.618 0.0000000000
23216  48.038  -45.111  -5.890 0.0000000000
23214  49.682  -45.527  -6.261 0.0000000000
24091  48.638  -44.698  -6.446 0.0000000000
24092  47.868  -44.420  -6.382 0.0000000000
24093  46.439  -44.050  -6.171 0.0000000000
24078  46.038  -44.738  -5.566 0.0000000000
23205  43.389  -45.505  -5.240 0.0000000000
24080  43.779  -44.721  -5.646 0.0000000000
23217  42.580  -45.648  -6.273 0.0000000000
23234  42.439  -45.573  -7.087 0.0000000000
22334  42.542  -46.449  -7.195 0.0000000000
20272  44.792  -48.436  -8.206 0.0000000000
21358  43.887  -48.191  -7.805 0.0000000000
21372  44.323  -47.511  -8.518 0.0000000000
26237  40.843  -42.225  -14.235 0.0000000000
26221  40.573  -42.116  -13.451 0.0000000000
27289  40.429  -41.242  -13.450 0.0000000000
29406  41.882  -39.160  -12.276 0.0000000000
25202  46.143  -43.965  -17.551 0.0000000000
25193  44.617  -43.401  -17.348 0.0000000000
24113  42.492  -44.829  -7.495 0.0000000000
24132  42.419  -44.631  -8.335 0.0000000000
23259  43.376  -45.786  -9.294 0.0000000000
22395  44.818  -46.218  -11.134 0.0000000000
21431  50.482  -47.326  -14.531 0.0000000000
22414  49.052  -46.856  -14.083 0.0000000000
22426  49.653  -46.853  -14.890 0.0000000000
22435  49.229  -46.398  -15.554 0.0000000000
22436  48.651  -46.007  -15.798 0.0000000000
22446  48.641  -45.634  -16.422 0.0000000000
23343  48.962  -45.582  -17.003 0.0000000000
23347  49.861  -45.933  -17.814 0.0000000000
23362  49.880  -45.977  -18.954 0.0000000000
122537  51.509  -47.638  -21.781 0.0000000000
20420  51.825  -48.114  -22.691 0.0000000000
20421  49.825  -48.263  -22.898 0.0000000000
126639  46.902  -45.351  -5.378 0.0000000000
23202  46.084  -45.537  -5.032 0.0000000000
23186  45.174  -45.665  -4.773 0.0000000000
23188  43.377  -46.084  -4.701 0.0000000000
120869  40.955  -42.057  -11.027 0.0000000000
27250  41.106  -41.254  -11.303 0.0000000000
28403  40.438  -40.233  -14.524 0.0000000000
28388  40.423  -40.054  -13.769 0.0000000000
29442  40.676  -39.321  -13.356 0.0000000000
30519  42.194  -38.429  -12.643 0.0000000000
22372  46.974  -47.025  -10.877 0.0000000000
22373  46.102  -46.760  -10.800 0.0000000000
21412  48.326  -47.233  -11.471 0.0000000000
21418  49.465  -47.410  -12.284 0.0000000000
21424  50.182  -47.508  -13.043 0.0000000000
21423  50.894  -47.932  -13.348 0.0000000000
120109  50.508  -47.530  -13.795 0.0000000000
21441  51.271  -47.614  -15.093 0.0000000000
133807  51.668  -47.731  -15.846 0.0000000000
24222  43.568  -44.521  -14.448 0.0000000000
136136  41.930  -43.871  -13.626 0.0000000000
25163  43.013  -43.938  -14.886 0.0000000000
26235  42.201  -43.329  -14.891 0.0000000000
27305  40.993  -41.909  -14.950 0.0000000000
26248  43.220  -42.976  -16.631 0.0000000000
26260  42.434  -42.598  -16.292 0.0000000000
27323  40.644  -40.949  -15.023 0.0000000000
131404  40.723  -39.138  -15.780 0.0000000000
22479  46.160  -46.141  -20.648 0.0000000000
26079  46.328  -42.815  -6.993 0.0000000000
122426  45.912  -42.350  -7.300 0.0000000000
26097  44.427  -42.241  -7.394 0.0000000000
24191  42.752  -44.845  -12.843 0.0000000000
22405  45.938  -46.396  -12.257 0.0000000000
22416  47.846  -46.523  -13.620 0.0000000000
119856  46.288  -46.273  -13.212 0.0000000000
23307  45.278  -46.045  -12.889 0.0000000000
23327  44.603  -45.581  -13.454 0.0000000000
24208  44.040  -45.064  -13.964 0.0000000000
24221  44.347  -44.764  -14.735 0.0000000000
24229  45.474  -44.497  -15.652 0.0000000000
24237  45.842  -44.137  -16.210 0.0000000000
23344  48.170  -45.101  -16.852 0.0000000000
24241  47.530  -44.640  -17.420 0.0000000000
24242  46.807  -44.261  -17.110 0.0000000000
119577  46.898  -44.525  -18.523 0.0000000000
23363  47.216  -45.209  -19.391 0.0000000000
23376  46.735  -45.678  -20.085 0.0000000000
21452  52.481  -47.966  -17.104 0.0000000000
18345  53.445  -49.378  -22.594 0.0000000000
21465  52.959  -47.777  -18.830 0.0000000000
21466  52.117  -47.224  -18.571 0.0000000000
22462  51.704  -46.843  -19.291 0.0000000000
116233  50.740  -46.389  -19.050 0.0000000000
117662  50.247  -46.393  -19.661 0.0000000000
137748  50.857  -47.237  -21.132 0.0000000000
22476  49.753  -46.589  -20.308 0.0000000000
22463  49.294  -46.090  -19.605 0.0000000000
22464  48.460  -46.010  -19.828 0.0000000000
22477  48.010  -46.428  -20.476 0.0000000000
22478  47.104  -46.279  -20.583 0.0000000000
22494  46.548  -46.749  -21.182 0.0000000000
25095  52.261  -43.293  -9.361 0.0000000000
24144  52.860  -44.023  -8.937 0.0000000000
135832  51.725  -43.388  -8.875 0.0000000000
25078  51.238  -43.530  -8.458 0.0000000000
25080  49.541  -43.139  -7.965 0.0000000000
25056  48.901  -43.552  -7.432 0.0000000000
22316  50.894  -46.254  -6.209 0.0000000000
23233  51.030  -45.182  -7.067 0.0000000000
24111  49.981  -44.328  -7.251 0.0000000000
25036  48.440  -44.053  -6.853 0.0000000000
25057  47.616  -43.230  -7.185 0.0000000000
25038  45.906  -43.338  -6.485 0.0000000000
25039  44.798  -43.224  -6.476 0.0000000000
25040  43.732  -43.511  -6.574 0.0000000000
24079  44.862  -44.583  -5.531 0.0000000000
24096  43.270  -44.284  -6.294 0.0000000000
120267  42.544  -45.237  -7.851 0.0000000000
22345  43.364  -46.254  -8.654 0.0000000000
22344  44.174  -46.746  -8.991 0.0000000000
21360  42.810  -47.136  -7.397 0.0000000000
21387  44.972  -47.096  -9.271 0.0000000000
21403  46.387  -47.176  -10.230 0.0000000000
131621  40.732  -42.853  -13.128 0.0000000000
27251  40.570  -41.994  -11.785 0.0000000000
134223  41.577  -40.584  -11.387 0.0000000000
29407  40.997  -39.527  -12.550 0.0000000000
28352  41.536  -39.952  -11.833 0.0000000000
19366  53.607  -48.892  -22.789 0.0000000000
20336  51.963  -48.277  -14.509 0.0000000000
20407  53.546  -48.368  -21.550 0.0000000000
20408  53.303  -48.112  -21.834 0.0000000000
21359  43.430  -47.394  -7.895 0.0000000000
21373  43.656  -46.916  -8.431 0.0000000000
21419  48.729  -47.206  -11.988 0.0000000000
21454  51.044  -47.299  -15.956 0.0000000000
22308  42.514  -46.323  -5.675 0.0000000000
22318  42.451  -46.369  -6.421 0.0000000000
22346  42.714  -45.917  -7.861 0.0000000000
22374  44.732  -46.301  -10.333 0.0000000000
22392  47.569  -46.944  -11.511 0.0000000000
22401  49.274  -47.171  -13.240 0.0000000000
22417  47.075  -46.261  -13.862 0.0000000000
22445  49.290  -46.105  -16.355 0.0000000000
22450  49.655  -46.011  -17.190 0.0000000000
22491  50.043  -47.085  -20.959 0.0000000000
23187  44.158  -45.807  -4.664 0.0000000000
23203  45.328  -45.154  -5.219 0.0000000000
23215  48.897  -45.353  -6.056 0.0000000000
23291  45.028  -46.163  -11.996 0.0000000000
23294  42.636  -45.210  -11.212 0.0000000000
23309  43.475  -45.413  -12.282 0.0000000000
23326  45.479  -45.858  -13.795 0.0000000000
23333  47.312  -45.620  -15.290 0.0000000000
23338  48.123  -45.522  -16.051 0.0000000000
23340  46.660  -45.041  -15.631 0.0000000000
23348  49.282  -45.594  -17.642 0.0000000000
23351  49.543  -45.715  -18.274 0.0000000000
24081  42.939  -45.083  -5.966 0.0000000000
24094  45.394  -43.947  -5.976 0.0000000000
24110  50.595  -44.596  -7.311 0.0000000000
24112  49.281  -44.323  -6.980 0.0000000000
24129  52.547  -44.543  -8.293 0.0000000000
24130  51.509  -44.100  -8.100 0.0000000000
24193  41.280  -43.893  -12.362 0.0000000000
24209  43.253  -44.730  -13.692 0.0000000000
24220  45.131  -44.971  -15.034 0.0000000000
24223  42.932  -44.306  -14.178 0.0000000000
24230  44.698  -44.380  -15.454 0.0000000000
24235  47.355  -44.647  -16.757 0.0000000000
24263  47.235  -44.781  -18.838 0.0000000000
24264  46.624  -44.673  -19.070 0.0000000000
25037  47.717  -43.787  -6.753 0.0000000000
25041  42.952  -43.832  -6.950 0.0000000000
25054  50.321  -44.041  -7.596 0.0000000000
25079  50.368  -43.464  -8.074 0.0000000000
25135  40.765  -43.193  -12.487 0.0000000000
25150  42.373  -43.866  -14.214 0.0000000000
25175  42.805  -43.425  -15.422 0.0000000000
25182  46.090  -43.937  -16.811 0.0000000000
25184  44.691  -43.551  -16.623 0.0000000000
25185  43.942  -43.188  -16.952 0.0000000000
25192  45.390  -43.638  -17.200 0.0000000000
26081  44.790  -42.584  -6.940 0.0000000000
26093  48.250  -43.031  -7.582 0.0000000000
26094  47.545  -42.623  -7.659 0.0000000000
26095  46.665  -42.316  -7.616 0.0000000000
26096  45.226  -42.186  -7.316 0.0000000000
26119  49.216  -42.538  -8.500 0.0000000000
26183  40.792  -42.747  -11.271 0.0000000000
26202  40.539  -42.437  -12.569 0.0000000000
26220  41.009  -42.826  -13.826 0.0000000000
26236  41.456  -42.700  -14.686 0.0000000000
26249  42.348  -42.962  -15.582 0.0000000000
26250  41.707  -42.379  -15.568 0.0000000000
26266  43.253  -42.828  -17.285 0.0000000000
27238  41.575  -41.658  -10.584 0.0000000000
27249  41.978  -40.892  -10.881 0.0000000000
27267  40.455  -41.605  -12.670 0.0000000000
27322  41.222  -41.524  -15.815 0.0000000000
27338  41.486  -41.220  -16.903 0.0000000000
28334  41.026  -40.597  -11.713 0.0000000000
28353  40.766  -40.302  -12.287 0.0000000000
28354  40.466  -40.798  -12.800 0.0000000000
28417  40.543  -39.861  -15.319 0.0000000000
29408  40.535  -40.061  -12.995 0.0000000000
30545  41.624  -37.938  -13.328 0.0000000000
115194  46.905  -43.445  -6.714 0.0000000000
115536  40.415  -40.782  -14.085 0.0000000000
115556  48.001  -46.711  -12.806 0.0000000000
115821  46.869  -44.343  -17.887 0.0000000000
116560  45.816  -44.593  -19.276 0.0000000000
116790  44.303  -43.800  -15.880 0.0000000000
119011  48.172  -45.484  -19.247 0.0000000000
125298  50.536  -45.044  -6.935 0.0000000000
125795  48.882  -46.490  -20.361 0.0000000000
129187  48.194  -43.539  -7.159 0.0000000000
129192  51.121  -48.435  -23.279 0.0000000000
129217  48.576  -47.470  -21.792 0.0000000000
130129  44.578  -46.523  -9.650 0.0000000000
130922  51.045  -46.621  -19.709 0.0000000000
131202  52.479  -47.357  -19.239 0.0000000000
131639  49.298  -44.943  -6.503 0.0000000000
131795  48.389  -46.573  -14.112 0.0000000000
132016  49.876  -46.613  -15.811 0.0000000000
132679  45.522  -44.269  -18.971 0.0000000000
135231  41.260  -43.502  -13.231 0.0000000000
135589  40.420  -40.580  -13.419 0.0000000000
137119  47.450  -45.220  -5.618 0.0000000000
137261  53.482  -48.142  -21.366 0.0000000000
137442  41.907  -42.859  -15.201 0.0000000000
137454  46.121  -44.591  -15.813 0.0000000000
