#!ascii label  , from subject sub-s022 vox2ras=TkReg
280
80052  31.523  10.929  -31.150 0.0000000000
71895  28.987  2.638  -31.002 0.0000000000
83637  30.392  14.441  -27.382 0.0000000000
91446  30.038  24.300  -29.838 0.0000000000
70934  26.677  1.370  -29.710 0.0000000000
121098  32.534  16.913  -29.010 0.0000000000
130592  32.459  19.821  -29.565 0.0000000000
77399  29.978  8.345  -29.906 0.0000000000
75684  29.789  6.114  -32.734 0.0000000000
124256  32.632  8.192  -33.345 0.0000000000
80960  35.057  12.792  -32.375 0.0000000000
80069  36.136  11.219  -33.156 0.0000000000
80927  30.886  12.598  -28.300 0.0000000000
83678  34.310  14.995  -30.894 0.0000000000
89028  29.486  21.724  -28.495 0.0000000000
125978  32.559  22.258  -30.522 0.0000000000
74750  30.721  4.429  -32.026 0.0000000000
86497  31.602  18.826  -27.722 0.0000000000
87404  31.487  19.717  -27.838 0.0000000000
78280  30.686  9.714  -30.440 0.0000000000
78318  30.742  8.918  -32.646 0.0000000000
79198  32.039  9.961  -32.957 0.0000000000
70947  28.012  1.909  -30.404 0.0000000000
81841  30.516  13.430  -27.780 0.0000000000
81864  33.010  13.944  -29.841 0.0000000000
82757  32.503  14.495  -28.756 0.0000000000
85603  32.998  17.802  -31.146 0.0000000000
85602  33.543  17.455  -31.477 0.0000000000
90608  28.787  23.860  -29.118 0.0000000000
89030  27.659  21.580  -29.237 0.0000000000
89824  30.128  23.128  -29.311 0.0000000000
129367  31.265  25.715  -34.339 0.0000000000
91478  32.484  24.246  -33.719 0.0000000000
90633  32.621  23.367  -31.718 0.0000000000
89845  32.981  22.829  -32.762 0.0000000000
122411  33.070  21.853  -32.763 0.0000000000
76520  32.262  6.348  -33.043 0.0000000000
74757  30.661  4.659  -32.903 0.0000000000
69982  26.338  0.613  -29.354 0.0000000000
84554  31.794  15.747  -27.716 0.0000000000
85553  31.606  17.489  -27.567 0.0000000000
86506  32.470  18.488  -29.352 0.0000000000
87427  32.614  19.403  -31.490 0.0000000000
122216  28.889  6.445  -30.401 0.0000000000
76506  29.947  8.013  -31.218 0.0000000000
77422  31.843  7.523  -33.442 0.0000000000
77397  33.112  7.673  -32.405 0.0000000000
80962  33.438  12.465  -31.728 0.0000000000
80072  33.993  10.958  -32.980 0.0000000000
121893  35.898  11.865  -33.097 0.0000000000
79154  30.489  10.789  -28.971 0.0000000000
80030  29.100  12.054  -28.379 0.0000000000
80952  31.756  12.017  -29.963 0.0000000000
80950  33.078  12.946  -30.902 0.0000000000
81879  34.212  14.060  -31.016 0.0000000000
83695  35.496  15.204  -31.839 0.0000000000
84571  33.167  15.888  -29.707 0.0000000000
84602  34.575  16.480  -31.440 0.0000000000
120910  29.902  21.176  -28.130 0.0000000000
91455  31.253  24.236  -30.786 0.0000000000
89831  31.598  23.454  -30.315 0.0000000000
89822  31.500  22.477  -29.526 0.0000000000
89026  31.255  21.270  -28.515 0.0000000000
88242  32.636  20.888  -30.365 0.0000000000
88250  32.758  20.405  -31.516 0.0000000000
72834  28.817  2.974  -31.339 0.0000000000
74751  29.050  5.127  -32.022 0.0000000000
115760  34.453  9.692  -32.803 0.0000000000
78301  34.497  9.321  -32.168 0.0000000000
86498  30.738  19.321  -27.367 0.0000000000
87396  29.780  19.762  -27.424 0.0000000000
79169  31.071  10.156  -31.423 0.0000000000
79185  31.542  10.494  -32.153 0.0000000000
69971  25.332  -0.139  -28.751 0.0000000000
69033  26.032  -0.052  -29.038 0.0000000000
71880  28.521  2.228  -30.390 0.0000000000
82730  30.915  13.956  -27.765 0.0000000000
82745  31.815  14.204  -28.042 0.0000000000
83652  31.406  14.731  -27.675 0.0000000000
124571  32.860  18.525  -32.511 0.0000000000
86521  33.130  17.951  -31.989 0.0000000000
120971  28.418  23.208  -28.894 0.0000000000
90607  29.298  23.117  -29.050 0.0000000000
90621  30.292  23.666  -29.677 0.0000000000
90640  32.756  23.582  -33.257 0.0000000000
122562  33.000  22.852  -33.780 0.0000000000
76505  32.329  6.599  -32.051 0.0000000000
75674  31.847  6.068  -32.068 0.0000000000
72818  27.215  2.710  -30.139 0.0000000000
84541  31.221  16.571  -27.190 0.0000000000
85554  31.047  17.708  -27.283 0.0000000000
87403  31.980  19.332  -28.228 0.0000000000
86496  32.172  18.646  -28.457 0.0000000000
118049  32.524  19.157  -29.923 0.0000000000
126892  32.577  19.048  -30.785 0.0000000000
92314  29.382  25.606  -29.688 0.0000000000
126063  29.573  7.530  -30.294 0.0000000000
78317  31.465  8.610  -33.188 0.0000000000
77423  30.789  8.083  -33.095 0.0000000000
76529  32.703  7.171  -33.271 0.0000000000
133873  33.180  7.920  -33.143 0.0000000000
69970  26.675  0.249  -29.049 0.0000000000
118342  34.217  12.632  -32.033 0.0000000000
80961  34.538  12.142  -32.647 0.0000000000
80972  35.820  12.518  -32.864 0.0000000000
79171  30.425  10.095  -29.297 0.0000000000
80029  29.869  12.409  -28.199 0.0000000000
80935  30.800  11.884  -28.646 0.0000000000
80934  31.463  12.238  -29.003 0.0000000000
80951  32.357  12.557  -30.354 0.0000000000
136399  32.302  13.031  -29.521 0.0000000000
82770  33.339  14.501  -30.028 0.0000000000
81880  33.475  13.783  -30.501 0.0000000000
82769  33.814  14.538  -30.527 0.0000000000
82780  34.954  14.446  -31.500 0.0000000000
136367  32.750  16.244  -29.230 0.0000000000
84583  32.996  16.833  -29.890 0.0000000000
84603  33.945  16.803  -31.086 0.0000000000
84601  35.254  16.160  -31.817 0.0000000000
89029  28.592  21.703  -28.781 0.0000000000
88226  29.112  20.970  -28.188 0.0000000000
89027  30.381  21.584  -28.458 0.0000000000
91479  31.978  24.918  -33.121 0.0000000000
92347  31.408  25.545  -33.458 0.0000000000
91464  31.655  24.500  -31.481 0.0000000000
90634  32.015  23.838  -31.116 0.0000000000
89830  32.053  22.753  -30.074 0.0000000000
89049  32.231  22.056  -29.778 0.0000000000
89041  31.764  21.656  -29.170 0.0000000000
89040  32.336  21.284  -29.607 0.0000000000
89025  32.052  20.802  -28.818 0.0000000000
135648  32.553  21.629  -30.214 0.0000000000
119322  32.811  21.008  -33.381 0.0000000000
121007  32.986  21.226  -32.173 0.0000000000
88260  32.698  20.314  -32.820 0.0000000000
73795  27.741  3.827  -30.352 0.0000000000
128114  29.257  6.845  -30.664 0.0000000000
75675  29.168  6.115  -31.688 0.0000000000
74758  29.812  4.616  -32.640 0.0000000000
73792  30.221  3.739  -32.021 0.0000000000
73793  29.782  3.346  -32.019 0.0000000000
80070  35.428  11.404  -33.085 0.0000000000
79196  33.868  10.211  -33.130 0.0000000000
79194  35.418  10.716  -33.004 0.0000000000
85555  30.057  17.798  -27.137 0.0000000000
86487  30.816  18.448  -27.211 0.0000000000
88223  32.035  20.008  -28.398 0.0000000000
78281  30.229  9.225  -29.616 0.0000000000
77398  30.381  8.832  -30.731 0.0000000000
78304  30.676  9.345  -31.777 0.0000000000
78303  31.206  9.600  -32.563 0.0000000000
78316  32.866  9.166  -33.266 0.0000000000
70933  27.529  1.419  -29.945 0.0000000000
70916  27.680  1.126  -29.383 0.0000000000
70932  28.127  1.647  -29.915 0.0000000000
70915  28.371  1.539  -28.855 0.0000000000
81900  35.794  13.338  -32.489 0.0000000000
81904  36.991  12.990  -33.638 0.0000000000
81842  29.765  13.316  -27.646 0.0000000000
121773  30.955  13.132  -28.041 0.0000000000
80926  31.750  13.035  -28.647 0.0000000000
81851  32.052  13.760  -28.416 0.0000000000
82756  32.888  14.352  -29.470 0.0000000000
83666  33.067  15.024  -29.531 0.0000000000
85592  32.938  17.562  -30.401 0.0000000000
85591  33.373  17.173  -30.726 0.0000000000
85615  33.738  17.678  -32.096 0.0000000000
89811  28.960  22.458  -28.799 0.0000000000
89810  29.987  22.401  -28.817 0.0000000000
91486  32.012  24.970  -34.303 0.0000000000
91471  32.388  24.260  -32.745 0.0000000000
91463  32.279  24.124  -31.902 0.0000000000
126697  32.646  23.676  -32.446 0.0000000000
89838  32.900  22.331  -31.623 0.0000000000
89055  32.826  21.483  -31.018 0.0000000000
122413  32.967  21.876  -33.906 0.0000000000
75692  30.653  6.037  -33.232 0.0000000000
74764  30.302  5.337  -32.946 0.0000000000
74756  31.097  5.342  -33.250 0.0000000000
74749  31.291  5.231  -32.303 0.0000000000
69983  25.594  0.486  -29.052 0.0000000000
70935  25.736  1.171  -29.287 0.0000000000
71881  27.379  1.930  -30.133 0.0000000000
71897  27.862  2.321  -30.502 0.0000000000
71896  28.403  2.467  -30.757 0.0000000000
83653  29.857  15.064  -27.026 0.0000000000
125522  30.884  15.336  -27.196 0.0000000000
84555  30.347  15.903  -26.863 0.0000000000
85563  32.103  16.950  -27.984 0.0000000000
85544  31.461  18.117  -27.504 0.0000000000
123830  32.364  17.779  -28.708 0.0000000000
85576  32.661  17.654  -29.651 0.0000000000
86514  32.684  18.317  -30.427 0.0000000000
86522  32.712  18.543  -31.535 0.0000000000
122450  32.598  18.979  -32.210 0.0000000000
91447  29.238  24.625  -29.469 0.0000000000
91457  29.826  24.976  -29.971 0.0000000000
76507  29.647  7.011  -31.794 0.0000000000
77411  30.326  8.556  -32.140 0.0000000000
76521  30.165  7.603  -32.585 0.0000000000
134723  30.153  6.747  -32.903 0.0000000000
76530  31.959  6.705  -33.423 0.0000000000
76519  32.767  6.866  -32.679 0.0000000000
119276  33.047  11.880  -32.139 0.0000000000
80060  32.419  11.527  -31.997 0.0000000000
80059  33.793  11.841  -32.576 0.0000000000
80071  34.649  11.342  -33.027 0.0000000000
80971  36.472  12.382  -33.245 0.0000000000
80980  36.938  12.310  -33.720 0.0000000000
80081  36.807  11.497  -33.464 0.0000000000
79170  31.088  10.667  -29.942 0.0000000000
80036  30.821  11.231  -29.023 0.0000000000
80035  31.293  11.542  -29.441 0.0000000000
80051  31.981  11.712  -31.043 0.0000000000
80963  32.677  12.214  -31.388 0.0000000000
81892  33.846  13.213  -31.297 0.0000000000
115395  32.784  13.346  -30.053 0.0000000000
119281  34.620  13.436  -31.660 0.0000000000
82791  36.351  13.979  -32.675 0.0000000000
82792  35.681  14.243  -32.116 0.0000000000
83651  32.212  15.078  -28.178 0.0000000000
83667  32.689  15.475  -28.987 0.0000000000
83679  33.640  15.333  -30.295 0.0000000000
84582  33.585  16.342  -30.413 0.0000000000
84581  34.192  15.939  -30.875 0.0000000000
83696  34.826  15.561  -31.350 0.0000000000
131030  29.234  20.280  -27.750 0.0000000000
91456  30.482  24.776  -30.478 0.0000000000
91465  31.046  24.941  -31.200 0.0000000000
90628  30.744  23.915  -30.155 0.0000000000
90620  30.953  23.195  -29.701 0.0000000000
89823  30.706  22.645  -29.245 0.0000000000
137191  31.558  22.975  -29.886 0.0000000000
89042  30.957  22.016  -28.921 0.0000000000
88225  30.615  20.895  -28.048 0.0000000000
122451  29.891  20.582  -27.769 0.0000000000
88224  31.418  20.498  -28.135 0.0000000000
88235  32.447  20.489  -29.596 0.0000000000
87420  32.575  19.892  -30.459 0.0000000000
87434  32.616  19.601  -32.413 0.0000000000
72835  27.962  3.001  -30.730 0.0000000000
74752  28.588  4.764  -31.157 0.0000000000
124772  29.552  5.447  -32.565 0.0000000000
73800  29.056  4.197  -32.161 0.0000000000
72840  29.230  3.428  -31.991 0.0000000000
72833  29.415  3.096  -31.529 0.0000000000
79184  32.224  10.804  -32.556 0.0000000000
79197  32.984  10.080  -33.043 0.0000000000
78315  33.677  9.386  -33.148 0.0000000000
78314  35.151  10.097  -32.604 0.0000000000
77421  33.379  8.614  -33.144 0.0000000000
77410  33.568  8.419  -32.612 0.0000000000
73798  30.296  4.092  -32.615 0.0000000000
75683  31.628  5.771  -32.936 0.0000000000
75691  31.499  6.098  -33.347 0.0000000000
76531  30.999  6.918  -33.426 0.0000000000
78302  34.023  9.015  -32.786 0.0000000000
79195  34.623  10.440  -32.972 0.0000000000
80037  29.970  11.504  -28.569 0.0000000000
80061  31.864  11.136  -31.840 0.0000000000
80073  33.146  11.084  -32.741 0.0000000000
80080  37.238  11.755  -33.990 0.0000000000
80933  31.944  12.575  -29.493 0.0000000000
80973  35.206  11.989  -32.881 0.0000000000
81852  31.355  13.567  -28.055 0.0000000000
81853  30.206  13.010  -27.881 0.0000000000
81865  32.492  13.705  -29.169 0.0000000000
81891  35.261  13.629  -31.981 0.0000000000
81899  36.472  13.075  -33.017 0.0000000000
82731  29.966  13.722  -27.521 0.0000000000
84553  32.398  16.064  -28.489 0.0000000000
85564  31.968  17.990  -27.947 0.0000000000
87405  30.699  20.166  -27.659 0.0000000000
87413  32.336  19.384  -28.947 0.0000000000
90627  32.412  23.074  -30.800 0.0000000000
127917  36.445  11.868  -33.299 0.0000000000
128810  36.143  14.910  -32.372 0.0000000000
130974  31.556  11.367  -30.310 0.0000000000
133316  32.347  20.129  -28.993 0.0000000000
134644  32.005  9.122  -33.159 0.0000000000
