#!ascii label  , from subject sub-s008 vox2ras=TkReg
365
122731  -23.255  -0.287  -31.956 0.0000000000
56545  -18.975  -3.851  -30.113 0.0000000000
57370  -24.840  -3.768  -28.963 0.0000000000
52803  -21.363  -8.232  -29.134 0.0000000000
69563  -26.992  10.993  -35.601 0.0000000000
67931  -28.067  8.276  -32.760 0.0000000000
63562  -21.750  3.694  -33.276 0.0000000000
49065  -20.153  -12.039  -27.109 0.0000000000
54738  -20.445  -6.362  -29.896 0.0000000000
113311  -18.967  -8.103  -28.533 0.0000000000
68696  -27.733  9.442  -33.768 0.0000000000
67105  -24.825  7.115  -34.047 0.0000000000
60005  -19.502  -0.101  -31.486 0.0000000000
62635  -17.696  2.879  -30.954 0.0000000000
61847  -22.030  1.459  -32.822 0.0000000000
63539  -25.591  3.530  -31.512 0.0000000000
62639  -25.961  2.044  -30.654 0.0000000000
60888  -26.729  0.473  -29.612 0.0000000000
59118  -18.435  -1.496  -30.085 0.0000000000
119754  -20.929  -2.184  -31.653 0.0000000000
59121  -24.309  -1.504  -30.262 0.0000000000
56549  -22.383  -4.210  -30.862 0.0000000000
108088  -23.071  -6.005  -29.300 0.0000000000
53753  -23.593  -7.839  -27.230 0.0000000000
105102  -21.176  5.454  -33.360 0.0000000000
65346  -25.218  5.696  -32.803 0.0000000000
66212  -28.633  6.521  -31.424 0.0000000000
51822  -18.560  -9.333  -27.724 0.0000000000
50895  -20.443  -10.215  -28.256 0.0000000000
54715  -18.028  -6.728  -28.563 0.0000000000
53763  -17.655  -7.743  -27.642 0.0000000000
67122  -25.138  7.698  -34.593 0.0000000000
120769  -23.255  7.015  -34.278 0.0000000000
60020  -21.030  -0.115  -32.274 0.0000000000
60940  -20.833  0.734  -32.441 0.0000000000
60941  -22.399  0.649  -32.610 0.0000000000
61850  -24.095  1.804  -31.874 0.0000000000
60926  -25.032  0.994  -30.928 0.0000000000
61787  -27.012  1.092  -29.695 0.0000000000
60906  -24.735  0.289  -30.784 0.0000000000
57393  -18.817  -3.019  -30.178 0.0000000000
59132  -19.584  -1.732  -31.109 0.0000000000
119190  -20.408  -3.400  -31.134 0.0000000000
57400  -21.717  -3.322  -31.481 0.0000000000
57395  -20.267  -4.126  -30.780 0.0000000000
54727  -20.722  -6.873  -29.729 0.0000000000
54740  -21.813  -6.084  -30.111 0.0000000000
53790  -21.883  -7.479  -29.397 0.0000000000
104778  -23.276  -7.053  -28.188 0.0000000000
52804  -22.331  -8.120  -28.759 0.0000000000
68723  -24.851  9.121  -36.779 0.0000000000
69573  -24.968  9.996  -37.454 0.0000000000
124842  -25.905  11.063  -36.765 0.0000000000
71099  -26.820  12.691  -36.837 0.0000000000
70314  -27.780  11.397  -35.021 0.0000000000
68686  -28.075  9.081  -33.128 0.0000000000
62679  -20.152  2.811  -32.646 0.0000000000
63549  -19.916  4.082  -32.622 0.0000000000
108177  -22.098  4.310  -33.379 0.0000000000
105562  -23.322  5.345  -33.589 0.0000000000
64452  -23.484  4.713  -33.090 0.0000000000
64429  -27.606  4.435  -30.662 0.0000000000
64443  -26.941  4.827  -31.405 0.0000000000
65318  -28.688  5.474  -30.591 0.0000000000
58237  -24.133  -3.059  -29.935 0.0000000000
113368  -25.988  -1.241  -29.252 0.0000000000
49944  -18.989  -11.633  -26.786 0.0000000000
50882  -19.236  -10.624  -27.539 0.0000000000
51823  -19.452  -10.055  -28.024 0.0000000000
50884  -20.688  -11.034  -27.758 0.0000000000
113962  -18.452  -5.071  -29.676 0.0000000000
121481  -19.748  -5.462  -30.107 0.0000000000
55623  -18.555  -5.844  -29.381 0.0000000000
53787  -19.758  -7.314  -29.316 0.0000000000
52794  -20.032  -8.116  -29.063 0.0000000000
68708  -25.568  8.934  -35.702 0.0000000000
69548  -27.519  10.609  -34.825 0.0000000000
67964  -26.329  8.561  -34.929 0.0000000000
67946  -26.068  7.958  -34.270 0.0000000000
67107  -26.394  7.501  -33.439 0.0000000000
60905  -18.207  0.597  -30.492 0.0000000000
61809  -18.363  1.385  -30.958 0.0000000000
117889  -20.043  2.152  -32.483 0.0000000000
62681  -21.574  2.306  -32.927 0.0000000000
63551  -23.545  3.196  -32.627 0.0000000000
62684  -24.014  2.490  -32.204 0.0000000000
62666  -26.022  2.863  -30.919 0.0000000000
62642  -28.251  3.265  -29.679 0.0000000000
120852  -28.008  2.490  -29.596 0.0000000000
48225  -21.147  -12.939  -26.315 0.0000000000
49056  -21.352  -12.150  -26.727 0.0000000000
59993  -18.996  -1.080  -30.749 0.0000000000
109038  -19.659  -0.944  -31.382 0.0000000000
59135  -22.160  -1.524  -32.036 0.0000000000
60008  -23.344  -0.940  -31.576 0.0000000000
58244  -22.462  -2.196  -31.711 0.0000000000
119781  -23.435  -3.136  -30.474 0.0000000000
57385  -23.665  -3.833  -30.015 0.0000000000
55634  -21.377  -5.418  -30.526 0.0000000000
55636  -22.814  -5.026  -30.012 0.0000000000
55626  -24.024  -4.947  -29.054 0.0000000000
55612  -23.790  -5.762  -28.725 0.0000000000
54704  -24.501  -6.578  -27.552 0.0000000000
69549  -28.311  11.056  -34.352 0.0000000000
65355  -23.734  5.948  -33.797 0.0000000000
66241  -25.099  6.452  -33.337 0.0000000000
67091  -26.857  7.017  -32.775 0.0000000000
123714  -24.748  4.559  -32.416 0.0000000000
65330  -26.605  5.391  -32.005 0.0000000000
66228  -28.175  6.899  -31.948 0.0000000000
59980  -25.593  -0.661  -29.761 0.0000000000
59961  -27.460  -0.347  -28.786 0.0000000000
52772  -17.524  -8.569  -27.145 0.0000000000
52784  -18.797  -8.699  -28.198 0.0000000000
114966  -19.992  -8.864  -28.699 0.0000000000
121709  -21.226  -8.935  -28.749 0.0000000000
49962  -21.595  -10.877  -27.402 0.0000000000
50885  -21.810  -10.162  -27.775 0.0000000000
52785  -22.395  -8.883  -28.089 0.0000000000
66245  -22.660  7.136  -34.049 0.0000000000
60022  -22.328  -0.143  -32.430 0.0000000000
112081  -21.776  0.114  -32.497 0.0000000000
60023  -22.904  0.088  -32.372 0.0000000000
61830  -23.790  1.159  -31.872 0.0000000000
60924  -23.511  0.398  -31.913 0.0000000000
60009  -23.902  -0.125  -31.271 0.0000000000
57384  -18.280  -3.451  -29.750 0.0000000000
57394  -19.655  -3.377  -30.662 0.0000000000
120403  -19.611  -4.220  -30.424 0.0000000000
53789  -21.063  -7.497  -29.519 0.0000000000
54728  -21.455  -6.808  -29.740 0.0000000000
53778  -22.641  -7.229  -28.883 0.0000000000
68724  -25.702  9.688  -36.094 0.0000000000
70325  -26.027  10.534  -36.391 0.0000000000
70326  -26.551  11.460  -36.382 0.0000000000
70328  -28.022  12.042  -35.219 0.0000000000
67932  -28.798  9.062  -32.750 0.0000000000
105673  -29.039  8.266  -32.394 0.0000000000
62680  -20.871  2.921  -32.898 0.0000000000
115325  -19.665  3.474  -32.456 0.0000000000
63561  -20.993  3.683  -33.129 0.0000000000
64451  -20.481  4.392  -32.953 0.0000000000
63563  -22.497  3.737  -33.219 0.0000000000
64412  -28.864  4.483  -29.878 0.0000000000
64430  -28.382  4.784  -30.374 0.0000000000
57387  -24.847  -3.073  -29.330 0.0000000000
58227  -25.423  -2.497  -29.088 0.0000000000
57371  -25.539  -3.233  -28.693 0.0000000000
112661  -20.044  -12.459  -26.813 0.0000000000
49054  -19.622  -12.020  -26.927 0.0000000000
49958  -19.011  -11.042  -27.082 0.0000000000
49959  -19.501  -11.253  -27.306 0.0000000000
50883  -19.879  -10.721  -27.901 0.0000000000
49960  -20.047  -11.498  -27.452 0.0000000000
55622  -17.792  -5.187  -29.144 0.0000000000
55624  -19.217  -5.653  -29.750 0.0000000000
53776  -18.688  -7.395  -28.696 0.0000000000
53786  -19.185  -7.132  -29.116 0.0000000000
53777  -19.375  -7.778  -28.891 0.0000000000
68709  -26.539  9.249  -35.271 0.0000000000
67963  -25.419  8.279  -35.177 0.0000000000
67106  -25.594  7.372  -33.789 0.0000000000
107485  -26.798  8.006  -33.718 0.0000000000
123732  -25.360  6.946  -33.566 0.0000000000
60921  -18.879  0.626  -31.200 0.0000000000
61846  -21.225  1.480  -32.682 0.0000000000
61845  -20.409  1.519  -32.454 0.0000000000
109694  -20.724  2.185  -32.684 0.0000000000
62682  -22.437  2.225  -32.949 0.0000000000
62683  -23.175  2.311  -32.736 0.0000000000
61832  -25.292  1.710  -31.056 0.0000000000
62664  -24.800  2.237  -31.541 0.0000000000
62665  -25.502  2.328  -31.113 0.0000000000
63525  -26.802  3.230  -30.600 0.0000000000
62641  -27.440  2.817  -30.063 0.0000000000
62640  -26.720  2.392  -30.398 0.0000000000
122251  -27.697  1.245  -29.402 0.0000000000
60889  -27.477  0.485  -29.207 0.0000000000
48210  -20.758  -13.598  -25.938 0.0000000000
48211  -21.740  -13.565  -25.642 0.0000000000
59117  -17.878  -1.101  -29.565 0.0000000000
59992  -18.267  -0.722  -30.146 0.0000000000
59133  -20.410  -1.490  -31.645 0.0000000000
59147  -20.982  -0.891  -32.017 0.0000000000
59134  -21.363  -1.529  -31.916 0.0000000000
58243  -21.714  -2.383  -31.748 0.0000000000
56558  -21.832  -4.092  -31.182 0.0000000000
57396  -22.314  -3.533  -31.282 0.0000000000
57397  -22.943  -3.659  -30.720 0.0000000000
55633  -20.466  -5.675  -30.261 0.0000000000
108397  -22.589  -5.742  -29.813 0.0000000000
55625  -23.317  -5.364  -29.454 0.0000000000
54703  -23.863  -6.478  -28.119 0.0000000000
53766  -23.944  -7.179  -27.445 0.0000000000
54694  -24.897  -7.131  -26.873 0.0000000000
68710  -27.294  9.761  -34.641 0.0000000000
69537  -28.029  10.263  -34.042 0.0000000000
108519  -17.179  2.285  -30.455 0.0000000000
105150  -21.784  5.922  -33.575 0.0000000000
66239  -23.097  6.370  -34.040 0.0000000000
65354  -22.713  5.645  -33.747 0.0000000000
64466  -23.920  5.324  -33.270 0.0000000000
65356  -24.474  5.852  -33.330 0.0000000000
66225  -25.761  6.099  -32.811 0.0000000000
63553  -24.825  3.830  -32.067 0.0000000000
106736  -23.979  4.067  -32.567 0.0000000000
64441  -25.506  4.354  -31.947 0.0000000000
65332  -28.239  5.869  -31.237 0.0000000000
65331  -27.355  5.733  -31.716 0.0000000000
66211  -27.940  6.286  -31.712 0.0000000000
66227  -27.430  6.539  -32.189 0.0000000000
123354  -29.002  7.173  -31.728 0.0000000000
66213  -29.676  6.730  -31.207 0.0000000000
59120  -23.536  -1.489  -30.907 0.0000000000
59122  -24.811  -0.803  -30.210 0.0000000000
121288  -26.759  -0.813  -29.011 0.0000000000
51810  -18.192  -9.934  -27.121 0.0000000000
51821  -18.004  -9.195  -27.317 0.0000000000
52783  -18.179  -8.611  -27.743 0.0000000000
50894  -19.914  -10.014  -28.276 0.0000000000
51832  -19.688  -9.416  -28.394 0.0000000000
51833  -20.225  -9.463  -28.526 0.0000000000
51834  -20.881  -9.552  -28.559 0.0000000000
49961  -21.186  -11.529  -27.283 0.0000000000
51835  -21.686  -9.502  -28.325 0.0000000000
55611  -17.894  -5.939  -28.826 0.0000000000
53775  -18.036  -7.350  -28.264 0.0000000000
53764  -18.401  -8.001  -28.221 0.0000000000
111889  -24.397  7.581  -34.747 0.0000000000
67121  -23.862  7.154  -34.508 0.0000000000
60923  -20.209  0.270  -32.053 0.0000000000
60922  -19.569  0.798  -31.755 0.0000000000
125516  -21.326  0.368  -32.469 0.0000000000
113536  -21.623  0.785  -32.620 0.0000000000
61849  -23.485  1.674  -32.363 0.0000000000
61831  -24.546  1.428  -31.446 0.0000000000
61811  -26.556  1.576  -30.218 0.0000000000
61810  -25.781  1.293  -30.529 0.0000000000
60907  -25.549  0.543  -30.407 0.0000000000
60887  -26.069  0.061  -29.817 0.0000000000
58225  -18.283  -2.728  -29.733 0.0000000000
58234  -18.614  -2.249  -30.106 0.0000000000
59119  -18.993  -1.802  -30.542 0.0000000000
58235  -19.323  -2.448  -30.641 0.0000000000
58241  -20.150  -2.539  -31.299 0.0000000000
58242  -20.998  -2.972  -31.485 0.0000000000
56557  -21.086  -3.923  -31.142 0.0000000000
56547  -21.443  -4.611  -30.883 0.0000000000
54739  -21.021  -6.247  -30.084 0.0000000000
54729  -22.386  -6.577  -29.499 0.0000000000
54716  -23.184  -6.516  -28.821 0.0000000000
53765  -23.335  -7.567  -27.735 0.0000000000
68722  -24.225  8.964  -36.652 0.0000000000
70338  -25.354  10.686  -37.138 0.0000000000
71066  -28.615  12.670  -35.065 0.0000000000
68687  -28.606  9.830  -33.274 0.0000000000
63548  -19.366  4.225  -32.138 0.0000000000
64464  -21.277  4.527  -33.307 0.0000000000
106501  -21.994  5.076  -33.473 0.0000000000
64465  -22.793  4.651  -33.430 0.0000000000
64453  -24.110  4.809  -32.789 0.0000000000
63541  -26.863  4.017  -30.890 0.0000000000
63540  -26.240  4.189  -31.491 0.0000000000
65317  -27.844  5.195  -30.984 0.0000000000
66200  -29.072  6.111  -30.852 0.0000000000
58226  -24.732  -2.247  -29.737 0.0000000000
59107  -25.171  -1.382  -29.740 0.0000000000
110837  -25.477  -1.868  -29.358 0.0000000000
58228  -25.978  -1.981  -28.839 0.0000000000
49943  -18.506  -11.163  -26.672 0.0000000000
50869  -18.667  -10.577  -27.120 0.0000000000
115340  -18.876  -10.011  -27.647 0.0000000000
56536  -18.368  -4.280  -29.785 0.0000000000
56537  -19.170  -4.796  -30.070 0.0000000000
54737  -19.909  -6.113  -29.862 0.0000000000
54724  -18.638  -6.607  -29.059 0.0000000000
54725  -19.357  -6.513  -29.470 0.0000000000
54726  -20.104  -6.799  -29.657 0.0000000000
53788  -20.395  -7.434  -29.440 0.0000000000
52802  -20.678  -7.992  -29.239 0.0000000000
69547  -26.708  10.126  -35.473 0.0000000000
68695  -27.073  8.922  -34.472 0.0000000000
67947  -26.760  8.382  -34.221 0.0000000000
67948  -27.358  8.586  -33.517 0.0000000000
67108  -27.178  7.809  -33.066 0.0000000000
119419  -17.862  2.057  -30.813 0.0000000000
61828  -19.029  1.371  -31.487 0.0000000000
61829  -19.608  1.684  -32.065 0.0000000000
62662  -18.648  2.371  -31.512 0.0000000000
62663  -19.498  2.648  -32.236 0.0000000000
62695  -22.124  2.975  -33.151 0.0000000000
62696  -22.823  3.015  -33.040 0.0000000000
63538  -24.782  3.061  -31.762 0.0000000000
125109  -26.316  3.574  -31.098 0.0000000000
63526  -27.518  3.645  -30.318 0.0000000000
63527  -28.235  4.089  -30.048 0.0000000000
125818  -29.066  3.199  -29.333 0.0000000000
61812  -27.386  1.913  -29.801 0.0000000000
56527  -25.545  -4.096  -28.448 0.0000000000
48224  -20.353  -12.979  -26.438 0.0000000000
49055  -20.593  -12.399  -26.798 0.0000000000
115644  -20.615  -11.782  -27.248 0.0000000000
120018  -18.055  -0.056  -30.150 0.0000000000
60004  -18.732  -0.199  -30.781 0.0000000000
125743  -19.236  -0.598  -31.116 0.0000000000
60006  -20.299  -0.558  -31.831 0.0000000000
60021  -21.788  -0.727  -32.301 0.0000000000
60007  -22.662  -0.747  -32.187 0.0000000000
59136  -22.815  -1.497  -31.831 0.0000000000
126039  -23.179  -1.493  -31.529 0.0000000000
115519  -23.080  -1.996  -31.397 0.0000000000
107526  -22.222  -2.884  -31.586 0.0000000000
58245  -22.864  -2.836  -31.188 0.0000000000
58236  -23.630  -2.284  -30.484 0.0000000000
57386  -24.345  -3.607  -29.530 0.0000000000
56546  -19.998  -4.890  -30.425 0.0000000000
121648  -20.772  -4.818  -30.702 0.0000000000
55635  -22.157  -5.345  -30.392 0.0000000000
108239  -22.433  -4.751  -30.508 0.0000000000
56550  -22.978  -4.374  -30.335 0.0000000000
56538  -23.501  -4.631  -29.697 0.0000000000
56539  -24.204  -4.228  -29.355 0.0000000000
56526  -24.715  -4.489  -28.706 0.0000000000
55613  -24.623  -5.233  -28.421 0.0000000000
123138  -24.574  -5.950  -28.002 0.0000000000
69538  -28.882  10.689  -33.684 0.0000000000
66238  -22.323  6.496  -33.805 0.0000000000
121741  -23.653  6.598  -34.147 0.0000000000
66240  -24.284  6.502  -33.909 0.0000000000
124714  -23.252  5.805  -33.843 0.0000000000
66226  -25.949  6.784  -33.158 0.0000000000
67092  -27.701  7.347  -32.504 0.0000000000
63564  -23.134  3.920  -32.968 0.0000000000
64454  -25.413  5.020  -32.390 0.0000000000
64442  -26.143  4.858  -31.982 0.0000000000
65347  -25.990  5.483  -32.445 0.0000000000
65348  -26.569  6.130  -32.440 0.0000000000
67083  -28.537  7.593  -32.249 0.0000000000
124547  -29.264  7.709  -32.048 0.0000000000
122288  -24.523  -0.315  -30.635 0.0000000000
112495  -25.254  -0.154  -30.285 0.0000000000
120785  -26.265  -0.556  -29.452 0.0000000000
122917  -26.807  -0.126  -29.341 0.0000000000
51831  -19.138  -9.384  -28.130 0.0000000000
52793  -19.446  -8.624  -28.564 0.0000000000
52795  -20.603  -8.710  -28.859 0.0000000000
50896  -21.204  -10.296  -28.139 0.0000000000
52796  -21.812  -8.745  -28.687 0.0000000000
49945  -21.718  -11.511  -26.848 0.0000000000
53779  -22.912  -7.616  -28.278 0.0000000000
56548  -21.934  -4.765  -30.809 0.0000000000
59994  -23.978  -0.846  -30.727 0.0000000000
60908  -26.299  0.832  -30.057 0.0000000000
60925  -24.247  0.691  -31.376 0.0000000000
60939  -20.105  0.978  -32.215 0.0000000000
60942  -23.166  0.873  -32.440 0.0000000000
61848  -22.795  1.498  -32.729 0.0000000000
62617  -28.718  2.593  -29.294 0.0000000000
62694  -21.465  3.088  -33.101 0.0000000000
63507  -28.976  3.870  -29.568 0.0000000000
63550  -20.323  3.561  -32.805 0.0000000000
63552  -24.253  3.306  -32.274 0.0000000000
65319  -29.548  5.608  -30.425 0.0000000000
65345  -24.619  5.234  -32.784 0.0000000000
109975  -25.365  2.799  -31.373 0.0000000000
