#!ascii label  , from subject sub-s008 vox2ras=TkReg
415
53755  -26.619  -7.310  -26.420 0.0000000000
57370  -24.840  -3.768  -28.963 0.0000000000
67931  -28.067  8.276  -32.760 0.0000000000
64413  -29.741  4.442  -29.782 0.0000000000
60871  -31.262  0.278  -28.599 0.0000000000
55627  -31.321  -5.405  -29.728 0.0000000000
68696  -27.733  9.442  -33.768 0.0000000000
62619  -30.517  2.708  -28.961 0.0000000000
60888  -26.729  0.473  -29.612 0.0000000000
55600  -25.427  -5.473  -27.772 0.0000000000
57360  -28.612  -3.405  -27.545 0.0000000000
55603  -29.541  -5.925  -26.922 0.0000000000
112255  -23.020  -12.015  -25.646 0.0000000000
53753  -23.593  -7.839  -27.230 0.0000000000
71831  -26.771  13.859  -37.562 0.0000000000
71818  -27.911  13.647  -36.408 0.0000000000
70316  -29.303  12.302  -34.339 0.0000000000
69540  -30.891  10.867  -33.163 0.0000000000
67936  -32.439  8.628  -32.716 0.0000000000
66212  -28.633  6.521  -31.424 0.0000000000
110196  -32.473  5.955  -32.163 0.0000000000
63554  -32.576  3.584  -32.565 0.0000000000
60944  -32.296  0.957  -32.331 0.0000000000
59149  -31.366  -1.475  -32.345 0.0000000000
59096  -28.097  -1.491  -27.998 0.0000000000
58218  -31.508  -2.448  -28.440 0.0000000000
61787  -27.012  1.092  -29.695 0.0000000000
60906  -24.735  0.289  -30.784 0.0000000000
122374  -26.499  -6.540  -26.756 0.0000000000
55602  -27.389  -5.401  -27.203 0.0000000000
54697  -28.068  -6.870  -26.532 0.0000000000
46268  -23.085  -15.229  -23.511 0.0000000000
47318  -23.196  -14.757  -24.236 0.0000000000
111276  -23.536  -13.661  -25.111 0.0000000000
104778  -23.276  -7.053  -28.188 0.0000000000
52804  -22.331  -8.120  -28.759 0.0000000000
116907  -28.952  13.494  -35.384 0.0000000000
68686  -28.075  9.081  -33.128 0.0000000000
69529  -29.404  10.327  -33.172 0.0000000000
68688  -29.497  9.706  -32.789 0.0000000000
69532  -31.927  9.857  -32.872 0.0000000000
67934  -30.684  8.653  -32.247 0.0000000000
65318  -28.688  5.474  -30.591 0.0000000000
66214  -30.620  6.368  -30.961 0.0000000000
65333  -31.324  5.861  -30.927 0.0000000000
65335  -32.353  5.250  -31.748 0.0000000000
64433  -31.283  4.377  -30.216 0.0000000000
61771  -31.458  1.156  -28.906 0.0000000000
112921  -32.318  1.803  -30.455 0.0000000000
60909  -32.394  0.611  -30.632 0.0000000000
60024  -31.669  -0.612  -32.450 0.0000000000
59124  -32.300  -0.736  -30.193 0.0000000000
58237  -24.133  -3.059  -29.935 0.0000000000
113368  -25.988  -1.241  -29.252 0.0000000000
58213  -26.579  -2.319  -28.484 0.0000000000
115736  -30.813  -4.218  -27.713 0.0000000000
58199  -30.400  -3.012  -27.574 0.0000000000
114723  -31.586  -3.898  -29.067 0.0000000000
57402  -31.436  -3.507  -31.113 0.0000000000
55646  -30.610  -5.035  -31.661 0.0000000000
49928  -23.687  -11.854  -25.473 0.0000000000
50871  -23.025  -10.512  -26.327 0.0000000000
50859  -23.838  -10.907  -25.639 0.0000000000
51812  -24.416  -9.379  -25.961 0.0000000000
62642  -28.251  3.265  -29.679 0.0000000000
63508  -29.926  3.506  -29.331 0.0000000000
120852  -28.008  2.490  -29.596 0.0000000000
61789  -29.076  1.433  -28.681 0.0000000000
60869  -29.443  0.178  -28.306 0.0000000000
55614  -25.252  -4.805  -28.262 0.0000000000
57373  -27.161  -3.427  -27.836 0.0000000000
56515  -26.886  -4.706  -27.555 0.0000000000
56516  -29.174  -4.975  -27.183 0.0000000000
55615  -30.801  -5.653  -27.916 0.0000000000
105022  -24.492  -13.307  -25.353 0.0000000000
55626  -24.024  -4.947  -29.054 0.0000000000
55612  -23.790  -5.762  -28.725 0.0000000000
54704  -24.501  -6.578  -27.552 0.0000000000
54694  -24.897  -7.131  -26.873 0.0000000000
73309  -27.005  15.694  -38.575 0.0000000000
71816  -26.397  13.136  -37.407 0.0000000000
72545  -27.579  14.152  -37.028 0.0000000000
72547  -29.329  14.803  -36.118 0.0000000000
71802  -30.319  14.260  -35.033 0.0000000000
71788  -31.352  13.467  -34.434 0.0000000000
69549  -28.311  11.056  -34.352 0.0000000000
70306  -29.953  11.946  -33.821 0.0000000000
116995  -32.744  12.219  -34.362 0.0000000000
70310  -33.044  10.755  -33.834 0.0000000000
68711  -33.482  9.484  -34.283 0.0000000000
67110  -33.317  7.971  -33.803 0.0000000000
66228  -28.175  6.899  -31.948 0.0000000000
67094  -30.642  7.809  -31.861 0.0000000000
67096  -32.504  7.283  -32.496 0.0000000000
66246  -33.050  6.675  -34.736 0.0000000000
65364  -32.696  5.313  -34.435 0.0000000000
62703  -32.208  2.665  -34.038 0.0000000000
124742  -32.081  3.000  -30.421 0.0000000000
61851  -32.470  1.967  -32.248 0.0000000000
59980  -25.593  -0.661  -29.761 0.0000000000
59961  -27.460  -0.347  -28.786 0.0000000000
59963  -29.082  -0.518  -28.086 0.0000000000
58215  -28.095  -2.218  -27.775 0.0000000000
59098  -30.343  -2.116  -27.661 0.0000000000
59108  -31.873  -1.132  -28.980 0.0000000000
120721  -31.996  -1.956  -31.039 0.0000000000
109870  -30.082  -2.935  -32.957 0.0000000000
52773  -23.537  -8.423  -26.878 0.0000000000
52774  -24.788  -8.582  -26.201 0.0000000000
51814  -26.374  -9.261  -25.892 0.0000000000
54696  -27.218  -6.690  -26.606 0.0000000000
53756  -27.576  -7.478  -26.389 0.0000000000
53757  -28.445  -7.692  -26.484 0.0000000000
46250  -24.304  -15.175  -22.921 0.0000000000
46249  -23.797  -14.942  -23.618 0.0000000000
67932  -28.798  9.062  -32.750 0.0000000000
67933  -29.699  8.928  -32.441 0.0000000000
105673  -29.039  8.266  -32.394 0.0000000000
64412  -28.864  4.483  -29.878 0.0000000000
64430  -28.382  4.784  -30.374 0.0000000000
64431  -29.165  5.028  -30.104 0.0000000000
65320  -30.494  5.593  -30.506 0.0000000000
122700  -29.925  5.116  -30.147 0.0000000000
65321  -31.277  5.122  -30.539 0.0000000000
64432  -30.582  4.804  -30.130 0.0000000000
61792  -31.955  1.159  -29.540 0.0000000000
60891  -31.848  0.462  -29.203 0.0000000000
59995  -32.365  -0.059  -30.425 0.0000000000
59982  -32.197  -0.141  -29.632 0.0000000000
57387  -24.847  -3.073  -29.330 0.0000000000
58227  -25.423  -2.497  -29.088 0.0000000000
57371  -25.539  -3.233  -28.693 0.0000000000
56531  -31.386  -4.702  -28.904 0.0000000000
116458  -31.288  -4.061  -28.234 0.0000000000
56540  -31.497  -4.598  -29.958 0.0000000000
56551  -31.269  -4.428  -30.970 0.0000000000
55638  -31.054  -5.419  -30.915 0.0000000000
55645  -29.677  -5.906  -32.035 0.0000000000
49929  -24.437  -11.807  -25.430 0.0000000000
62641  -27.440  2.817  -30.063 0.0000000000
62640  -26.720  2.392  -30.398 0.0000000000
122251  -27.697  1.245  -29.402 0.0000000000
60890  -28.299  0.970  -28.936 0.0000000000
61768  -28.970  0.731  -28.543 0.0000000000
60889  -27.477  0.485  -29.207 0.0000000000
56514  -25.974  -4.724  -27.879 0.0000000000
118625  -28.433  -5.544  -26.960 0.0000000000
110738  -30.140  -5.316  -27.319 0.0000000000
55604  -30.315  -6.174  -27.414 0.0000000000
54718  -30.981  -6.136  -28.555 0.0000000000
46248  -22.549  -15.672  -22.941 0.0000000000
45263  -21.827  -16.041  -22.807 0.0000000000
54703  -23.863  -6.478  -28.119 0.0000000000
53766  -23.944  -7.179  -27.445 0.0000000000
72562  -26.162  14.337  -38.141 0.0000000000
73295  -26.465  15.031  -38.375 0.0000000000
124577  -27.134  15.190  -38.175 0.0000000000
72563  -27.172  14.672  -37.793 0.0000000000
71799  -27.489  12.964  -36.287 0.0000000000
71817  -27.183  13.404  -36.912 0.0000000000
72546  -28.455  14.378  -36.445 0.0000000000
109921  -28.530  13.778  -35.973 0.0000000000
71786  -29.631  13.139  -34.636 0.0000000000
71801  -29.689  13.908  -35.148 0.0000000000
71067  -30.587  13.017  -34.271 0.0000000000
69537  -28.029  10.263  -34.042 0.0000000000
69539  -29.854  11.070  -33.390 0.0000000000
70307  -30.761  11.639  -33.536 0.0000000000
71054  -31.532  12.047  -33.779 0.0000000000
70308  -31.666  11.332  -33.484 0.0000000000
70317  -33.028  11.411  -34.161 0.0000000000
70309  -32.484  11.021  -33.620 0.0000000000
68691  -32.013  9.228  -32.629 0.0000000000
68697  -32.541  9.416  -33.039 0.0000000000
126769  -32.943  8.917  -33.213 0.0000000000
67950  -33.303  8.779  -33.725 0.0000000000
67949  -32.998  8.289  -33.195 0.0000000000
65332  -28.239  5.869  -31.237 0.0000000000
66211  -27.940  6.286  -31.712 0.0000000000
123354  -29.002  7.173  -31.728 0.0000000000
66213  -29.676  6.730  -31.207 0.0000000000
66215  -31.407  6.595  -31.376 0.0000000000
66229  -32.133  6.777  -31.890 0.0000000000
112877  -32.592  6.556  -32.503 0.0000000000
66242  -32.960  6.750  -33.134 0.0000000000
104689  -33.015  6.117  -33.948 0.0000000000
104701  -32.779  5.951  -32.987 0.0000000000
64455  -32.526  4.349  -31.991 0.0000000000
64467  -32.644  4.534  -33.439 0.0000000000
63565  -32.515  3.636  -33.522 0.0000000000
63572  -32.248  3.356  -34.485 0.0000000000
62698  -32.467  2.830  -33.147 0.0000000000
63509  -30.946  3.350  -29.438 0.0000000000
62620  -31.306  2.597  -29.324 0.0000000000
61833  -32.473  1.700  -31.353 0.0000000000
61865  -32.228  1.506  -32.969 0.0000000000
60960  -31.891  0.838  -33.069 0.0000000000
59160  -30.779  -1.137  -33.072 0.0000000000
59159  -29.631  -2.365  -33.521 0.0000000000
59122  -24.811  -0.803  -30.210 0.0000000000
59094  -26.653  -1.552  -28.687 0.0000000000
121288  -26.759  -0.813  -29.011 0.0000000000
59095  -27.389  -1.134  -28.497 0.0000000000
59962  -28.152  -0.730  -28.286 0.0000000000
59097  -28.786  -1.138  -27.884 0.0000000000
57359  -27.957  -3.780  -27.569 0.0000000000
57374  -27.892  -2.945  -27.722 0.0000000000
58217  -31.088  -2.720  -27.847 0.0000000000
116296  -31.164  -2.048  -27.957 0.0000000000
59099  -30.816  -1.358  -27.968 0.0000000000
58229  -31.915  -2.071  -29.281 0.0000000000
59123  -32.165  -1.361  -29.819 0.0000000000
120982  -29.951  -3.817  -32.656 0.0000000000
58253  -30.946  -3.234  -32.080 0.0000000000
51803  -25.186  -10.202  -25.614 0.0000000000
51813  -25.422  -9.304  -25.796 0.0000000000
52775  -25.622  -8.459  -26.102 0.0000000000
61811  -26.556  1.576  -30.218 0.0000000000
60907  -25.549  0.543  -30.407 0.0000000000
60887  -26.069  0.061  -29.817 0.0000000000
54705  -26.042  -6.065  -27.190 0.0000000000
55601  -26.411  -5.379  -27.426 0.0000000000
54706  -26.878  -5.999  -26.974 0.0000000000
54707  -27.771  -6.112  -26.767 0.0000000000
54708  -28.707  -6.369  -26.676 0.0000000000
54709  -29.583  -6.893  -26.823 0.0000000000
119666  -28.818  -7.097  -26.591 0.0000000000
53758  -29.277  -7.785  -26.734 0.0000000000
117118  -22.562  -13.825  -25.195 0.0000000000
47340  -23.823  -14.178  -24.752 0.0000000000
47319  -24.569  -14.160  -24.671 0.0000000000
54716  -23.184  -6.516  -28.821 0.0000000000
53778  -22.641  -7.229  -28.883 0.0000000000
53765  -23.335  -7.567  -27.735 0.0000000000
71830  -25.818  13.631  -37.939 0.0000000000
71800  -28.205  13.190  -35.789 0.0000000000
71084  -27.794  12.494  -35.704 0.0000000000
71066  -28.615  12.670  -35.065 0.0000000000
70315  -28.515  11.848  -34.624 0.0000000000
68687  -28.606  9.830  -33.274 0.0000000000
69530  -30.184  10.302  -32.908 0.0000000000
69541  -31.816  10.585  -33.184 0.0000000000
68689  -30.408  9.548  -32.574 0.0000000000
68690  -31.313  9.376  -32.542 0.0000000000
66200  -29.072  6.111  -30.852 0.0000000000
66201  -29.894  6.132  -30.710 0.0000000000
66216  -31.980  5.997  -31.456 0.0000000000
65349  -32.640  5.084  -32.647 0.0000000000
65334  -31.882  5.294  -31.067 0.0000000000
124068  -32.238  4.716  -31.334 0.0000000000
112275  -32.308  4.019  -31.210 0.0000000000
61791  -31.035  1.937  -28.775 0.0000000000
113068  -31.641  1.830  -29.375 0.0000000000
61793  -32.284  1.195  -30.162 0.0000000000
60927  -32.413  0.752  -31.404 0.0000000000
60943  -31.751  0.209  -32.803 0.0000000000
60011  -32.357  0.031  -31.231 0.0000000000
121208  -32.175  -0.464  -31.728 0.0000000000
60010  -32.002  -1.093  -31.719 0.0000000000
59107  -25.171  -1.382  -29.740 0.0000000000
110837  -25.477  -1.868  -29.358 0.0000000000
58228  -25.978  -1.981  -28.839 0.0000000000
58214  -27.353  -1.972  -28.249 0.0000000000
57362  -30.393  -3.700  -27.541 0.0000000000
57361  -29.537  -3.425  -27.473 0.0000000000
57375  -31.006  -3.494  -27.779 0.0000000000
57376  -31.433  -3.274  -28.360 0.0000000000
57388  -31.739  -3.036  -29.194 0.0000000000
109396  -31.847  -2.832  -30.219 0.0000000000
113559  -31.660  -3.716  -30.080 0.0000000000
57401  -30.584  -4.299  -32.024 0.0000000000
56565  -28.914  -4.830  -32.959 0.0000000000
115142  -29.728  -5.165  -32.312 0.0000000000
49946  -23.026  -11.328  -25.939 0.0000000000
51802  -23.679  -9.945  -26.100 0.0000000000
126067  -24.382  -10.258  -25.690 0.0000000000
63526  -27.518  3.645  -30.318 0.0000000000
63527  -28.235  4.089  -30.048 0.0000000000
125818  -29.066  3.199  -29.333 0.0000000000
62618  -29.563  2.706  -28.980 0.0000000000
61812  -27.386  1.913  -29.801 0.0000000000
61788  -28.328  1.805  -29.265 0.0000000000
125996  -29.130  2.119  -28.865 0.0000000000
61769  -29.764  0.933  -28.468 0.0000000000
60870  -30.378  0.296  -28.360 0.0000000000
56527  -25.545  -4.096  -28.448 0.0000000000
125620  -25.990  -3.620  -28.397 0.0000000000
56528  -26.458  -3.982  -28.027 0.0000000000
56529  -27.263  -4.110  -27.613 0.0000000000
120819  -27.989  -4.670  -27.352 0.0000000000
110332  -28.881  -4.110  -27.420 0.0000000000
56517  -29.978  -4.365  -27.370 0.0000000000
56518  -30.613  -4.872  -27.657 0.0000000000
55616  -31.172  -5.460  -28.695 0.0000000000
54742  -30.993  -6.155  -30.443 0.0000000000
54731  -31.118  -6.122  -29.390 0.0000000000
54710  -30.257  -6.964  -27.360 0.0000000000
45241  -22.240  -16.295  -22.326 0.0000000000
49036  -22.675  -12.496  -25.660 0.0000000000
49037  -23.499  -12.745  -25.380 0.0000000000
115160  -24.443  -12.609  -25.462 0.0000000000
49038  -25.196  -13.148  -25.750 0.0000000000
56539  -24.204  -4.228  -29.355 0.0000000000
56526  -24.715  -4.489  -28.706 0.0000000000
55613  -24.623  -5.233  -28.421 0.0000000000
123138  -24.574  -5.950  -28.002 0.0000000000
118302  -25.224  -6.317  -27.372 0.0000000000
54695  -25.807  -6.772  -26.751 0.0000000000
118978  -25.710  -7.600  -26.403 0.0000000000
72561  -25.323  14.952  -38.375 0.0000000000
71107  -25.403  12.979  -37.745 0.0000000000
72564  -28.003  14.918  -37.129 0.0000000000
72530  -29.120  14.159  -35.774 0.0000000000
72531  -29.853  14.529  -35.516 0.0000000000
72532  -30.670  14.755  -35.243 0.0000000000
72524  -31.107  14.199  -34.768 0.0000000000
72525  -32.029  13.989  -34.718 0.0000000000
71789  -32.301  13.036  -34.476 0.0000000000
69538  -28.882  10.689  -33.684 0.0000000000
70305  -29.124  11.509  -33.989 0.0000000000
71052  -30.030  12.566  -34.170 0.0000000000
71053  -30.718  12.358  -33.893 0.0000000000
119862  -32.115  12.360  -34.086 0.0000000000
71790  -33.081  12.783  -34.859 0.0000000000
71069  -33.263  12.003  -34.776 0.0000000000
69550  -33.487  10.422  -34.585 0.0000000000
69533  -32.653  10.216  -33.404 0.0000000000
69542  -33.322  10.226  -33.932 0.0000000000
66227  -27.430  6.539  -32.189 0.0000000000
67083  -28.537  7.593  -32.249 0.0000000000
124547  -29.264  7.709  -32.048 0.0000000000
67093  -29.865  8.146  -32.082 0.0000000000
112688  -31.309  8.085  -32.089 0.0000000000
67085  -30.643  7.075  -31.437 0.0000000000
67095  -31.499  7.390  -31.812 0.0000000000
106888  -32.046  7.914  -32.282 0.0000000000
67109  -33.020  7.546  -33.183 0.0000000000
66243  -33.208  7.110  -33.870 0.0000000000
105206  -32.642  4.775  -34.054 0.0000000000
123103  -31.872  3.258  -35.138 0.0000000000
63571  -31.700  2.620  -34.843 0.0000000000
64414  -30.664  4.065  -29.761 0.0000000000
63528  -31.866  3.745  -30.469 0.0000000000
63529  -32.372  3.229  -31.013 0.0000000000
62644  -32.356  2.475  -30.767 0.0000000000
106060  -32.502  2.628  -31.556 0.0000000000
62685  -32.538  2.805  -32.338 0.0000000000
60033  -31.042  -0.354  -33.300 0.0000000000
112495  -25.254  -0.154  -30.285 0.0000000000
120785  -26.265  -0.556  -29.452 0.0000000000
122917  -26.807  -0.126  -29.341 0.0000000000
60868  -28.366  0.129  -28.537 0.0000000000
124430  -30.801  -0.159  -28.335 0.0000000000
57372  -26.419  -3.143  -28.351 0.0000000000
125178  -27.592  -2.432  -27.942 0.0000000000
58198  -29.638  -2.641  -27.531 0.0000000000
58216  -29.058  -1.915  -27.616 0.0000000000
107130  -29.735  -1.227  -27.803 0.0000000000
59965  -31.274  -0.684  -28.421 0.0000000000
59109  -32.120  -0.744  -29.471 0.0000000000
59137  -32.179  -1.394  -30.842 0.0000000000
115171  -31.766  -1.794  -31.590 0.0000000000
58246  -31.684  -2.533  -31.251 0.0000000000
106180  -31.151  -2.309  -32.224 0.0000000000
52786  -23.000  -8.188  -27.696 0.0000000000
51811  -23.580  -9.149  -26.488 0.0000000000
113007  -24.091  -8.668  -26.407 0.0000000000
118815  -24.235  -7.932  -26.712 0.0000000000
53754  -25.018  -7.915  -26.418 0.0000000000
52776  -26.476  -8.281  -26.117 0.0000000000
53779  -22.912  -7.616  -28.278 0.0000000000
56530  -31.076  -4.816  -28.120 0.0000000000
58197  -28.797  -2.752  -27.579 0.0000000000
58212  -25.954  -2.609  -28.636 0.0000000000
58238  -32.065  -2.045  -30.405 0.0000000000
59138  -32.306  -0.641  -31.049 0.0000000000
59148  -30.496  -1.925  -32.920 0.0000000000
59964  -30.236  -0.490  -28.116 0.0000000000
59981  -31.818  -0.332  -28.985 0.0000000000
59994  -23.978  -0.846  -30.727 0.0000000000
60025  -32.204  0.111  -32.030 0.0000000000
60892  -32.255  0.559  -29.877 0.0000000000
60908  -26.299  0.832  -30.057 0.0000000000
61770  -30.720  1.105  -28.533 0.0000000000
61790  -30.039  1.893  -28.617 0.0000000000
61813  -32.417  1.232  -30.778 0.0000000000
61864  -31.681  1.201  -33.626 0.0000000000
62617  -28.718  2.593  -29.294 0.0000000000
62621  -31.953  2.382  -29.989 0.0000000000
62643  -31.600  3.157  -29.897 0.0000000000
62697  -32.164  1.986  -33.549 0.0000000000
63507  -28.976  3.870  -29.568 0.0000000000
63510  -31.299  3.769  -29.909 0.0000000000
63542  -32.520  3.451  -31.763 0.0000000000
64444  -31.857  4.577  -30.757 0.0000000000
65319  -29.548  5.608  -30.425 0.0000000000
65357  -32.759  5.291  -33.552 0.0000000000
67084  -29.856  7.453  -31.685 0.0000000000
67935  -31.655  8.644  -32.366 0.0000000000
67965  -33.448  8.534  -34.396 0.0000000000
68698  -33.136  9.520  -33.569 0.0000000000
69531  -31.096  10.124  -32.803 0.0000000000
71055  -32.314  11.744  -33.870 0.0000000000
71068  -31.455  12.734  -34.118 0.0000000000
71787  -30.423  13.706  -34.642 0.0000000000
72533  -31.645  14.720  -35.101 0.0000000000
105207  -32.623  4.256  -32.801 0.0000000000
107866  -27.154  -2.702  -28.112 0.0000000000
112771  -31.474  -1.619  -28.440 0.0000000000
116207  -32.418  2.222  -32.856 0.0000000000
119425  -33.293  10.817  -34.229 0.0000000000
122968  -32.621  7.937  -32.731 0.0000000000
123472  -32.078  1.685  -29.885 0.0000000000
124689  -32.065  7.363  -32.070 0.0000000000
124717  -29.997  -6.470  -27.060 0.0000000000
