#!ascii label  , from subject sub-s008 vox2ras=TkReg
385
15306  35.898  -52.124  7.380 0.0000000000
13483  41.904  -53.755  -5.379 0.0000000000
11481  40.414  -57.427  4.709 0.0000000000
14755  38.348  -52.255  0.726 0.0000000000
14752  46.896  -52.866  -0.004 0.0000000000
123843  44.173  -55.036  2.165 0.0000000000
13337  48.604  -55.027  3.143 0.0000000000
124524  39.958  -54.307  -2.268 0.0000000000
15993  35.404  -50.805  -1.940 0.0000000000
12672  36.868  -55.240  5.878 0.0000000000
12720  39.774  -54.850  2.578 0.0000000000
14066  42.276  -53.304  0.626 0.0000000000
13420  44.371  -54.478  -2.594 0.0000000000
14103  49.171  -52.996  -2.750 0.0000000000
15910  41.252  -50.236  6.360 0.0000000000
13964  39.993  -53.251  8.078 0.0000000000
12012  39.191  -56.926  8.088 0.0000000000
16609  33.727  -49.588  2.070 0.0000000000
113180  46.653  -55.343  3.858 0.0000000000
13464  40.978  -54.285  -4.251 0.0000000000
14800  38.258  -53.034  -3.695 0.0000000000
12038  38.717  -56.793  5.178 0.0000000000
12079  39.554  -56.274  3.594 0.0000000000
107525  45.974  -53.499  1.171 0.0000000000
13379  43.272  -53.773  1.411 0.0000000000
14063  44.859  -53.363  0.319 0.0000000000
14090  43.752  -53.961  -0.912 0.0000000000
14088  45.663  -53.698  -1.221 0.0000000000
13437  48.000  -53.486  -4.103 0.0000000000
13953  40.823  -53.509  8.379 0.0000000000
126044  39.425  -54.519  8.590 0.0000000000
13283  40.602  -54.986  9.324 0.0000000000
14020  36.798  -52.354  2.509 0.0000000000
15356  35.846  -51.252  1.678 0.0000000000
16659  34.333  -49.108  -3.431 0.0000000000
17292  33.988  -48.927  -1.119 0.0000000000
11478  43.143  -57.062  4.995 0.0000000000
126512  42.527  -56.231  3.002 0.0000000000
12695  44.787  -55.771  3.539 0.0000000000
13358  45.604  -54.734  2.374 0.0000000000
14037  48.195  -53.294  1.630 0.0000000000
14081  39.058  -53.416  -0.846 0.0000000000
15386  36.695  -51.690  -0.198 0.0000000000
14787  37.432  -52.655  -1.980 0.0000000000
16008  35.942  -51.046  -3.382 0.0000000000
112502  42.724  -52.115  -6.694 0.0000000000
13309  35.942  -53.960  7.065 0.0000000000
13997  37.222  -53.686  3.122 0.0000000000
14711  39.248  -52.858  2.004 0.0000000000
108359  42.032  -55.129  2.132 0.0000000000
14015  40.906  -53.573  1.707 0.0000000000
14068  40.524  -52.966  0.543 0.0000000000
14093  41.230  -53.828  -0.622 0.0000000000
122452  41.914  -54.495  -2.185 0.0000000000
115051  42.391  -54.549  -4.375 0.0000000000
14785  48.317  -52.648  -1.100 0.0000000000
13418  46.496  -54.086  -2.879 0.0000000000
13462  45.178  -54.627  -4.336 0.0000000000
14164  43.729  -53.760  -5.809 0.0000000000
16567  38.478  -49.527  6.419 0.0000000000
119033  38.023  -50.644  6.817 0.0000000000
15302  40.018  -51.690  6.977 0.0000000000
14664  37.415  -52.912  7.739 0.0000000000
13307  37.477  -54.631  7.630 0.0000000000
12014  37.984  -56.072  7.092 0.0000000000
11468  39.631  -57.617  5.766 0.0000000000
10821  40.483  -58.317  6.964 0.0000000000
10849  41.699  -57.970  5.784 0.0000000000
16618  34.915  -50.212  -0.219 0.0000000000
15915  35.957  -50.520  6.958 0.0000000000
15916  34.931  -50.521  6.676 0.0000000000
15328  35.247  -51.433  7.025 0.0000000000
14166  41.015  -53.648  -5.054 0.0000000000
14167  40.144  -53.256  -4.911 0.0000000000
11482  39.510  -57.259  4.973 0.0000000000
12057  39.032  -56.565  4.352 0.0000000000
12056  39.928  -56.909  4.164 0.0000000000
14062  46.397  -53.164  0.590 0.0000000000
14039  44.989  -53.464  1.033 0.0000000000
111820  45.855  -53.227  0.078 0.0000000000
14075  45.255  -53.515  -0.451 0.0000000000
14074  46.274  -53.282  -0.625 0.0000000000
14160  48.953  -53.087  -5.172 0.0000000000
13295  40.657  -54.254  8.889 0.0000000000
14713  37.589  -52.265  2.168 0.0000000000
15350  36.342  -51.709  2.151 0.0000000000
15354  37.186  -51.715  1.249 0.0000000000
17297  33.747  -48.167  -2.356 0.0000000000
12052  43.570  -56.613  4.424 0.0000000000
12074  44.869  -56.042  4.268 0.0000000000
12693  47.708  -55.280  4.002 0.0000000000
12714  46.888  -54.795  3.081 0.0000000000
13376  46.608  -54.005  2.011 0.0000000000
13356  48.587  -54.332  2.690 0.0000000000
13406  39.310  -53.945  -1.723 0.0000000000
120522  37.893  -52.970  -1.579 0.0000000000
14109  38.572  -53.641  -2.444 0.0000000000
15408  37.171  -52.049  -3.641 0.0000000000
15417  36.659  -51.394  -3.913 0.0000000000
16017  36.118  -50.603  -4.266 0.0000000000
13320  36.277  -54.476  6.801 0.0000000000
13323  36.138  -54.602  6.017 0.0000000000
110217  36.551  -54.885  5.347 0.0000000000
13366  38.004  -53.560  2.689 0.0000000000
13364  39.151  -54.300  2.600 0.0000000000
12697  42.910  -55.645  2.533 0.0000000000
12097  41.864  -56.062  2.745 0.0000000000
124702  43.308  -55.080  2.102 0.0000000000
14041  42.871  -53.347  1.028 0.0000000000
13380  42.461  -53.672  1.421 0.0000000000
14042  42.006  -53.192  1.111 0.0000000000
14727  40.792  -52.765  1.044 0.0000000000
14067  41.422  -53.034  0.781 0.0000000000
14080  40.471  -53.580  -0.375 0.0000000000
14079  41.800  -53.482  0.039 0.0000000000
13401  44.028  -54.248  -1.732 0.0000000000
127207  42.652  -54.453  -2.099 0.0000000000
13421  43.319  -54.520  -2.513 0.0000000000
13442  42.892  -54.731  -3.638 0.0000000000
13441  43.798  -54.698  -3.422 0.0000000000
112226  48.022  -55.753  -2.883 0.0000000000
13416  49.735  -53.701  -3.144 0.0000000000
13417  49.432  -54.284  -2.387 0.0000000000
14102  49.488  -53.302  -2.799 0.0000000000
14085  48.731  -52.785  -1.940 0.0000000000
14105  47.167  -53.463  -2.279 0.0000000000
14104  48.317  -53.038  -2.540 0.0000000000
13460  46.854  -54.114  -4.566 0.0000000000
13461  46.056  -54.478  -4.245 0.0000000000
13479  45.800  -54.415  -4.979 0.0000000000
13481  43.879  -54.360  -5.223 0.0000000000
14163  44.421  -54.014  -5.689 0.0000000000
16566  39.195  -49.206  6.358 0.0000000000
122847  39.181  -49.912  6.440 0.0000000000
15913  38.558  -50.215  6.567 0.0000000000
119034  39.166  -50.624  6.649 0.0000000000
13963  40.759  -52.781  7.760 0.0000000000
14661  40.860  -52.045  7.079 0.0000000000
14662  39.999  -52.471  7.487 0.0000000000
15303  39.093  -52.035  7.367 0.0000000000
14663  39.172  -52.961  7.844 0.0000000000
13966  37.435  -53.814  7.793 0.0000000000
13955  38.224  -54.254  8.055 0.0000000000
12000  38.939  -56.012  8.366 0.0000000000
12655  38.315  -55.741  7.823 0.0000000000
12013  38.590  -56.480  7.544 0.0000000000
125691  38.735  -57.025  6.503 0.0000000000
105197  38.959  -57.201  7.054 0.0000000000
10177  41.958  -58.983  7.781 0.0000000000
10820  41.308  -58.644  7.290 0.0000000000
10834  41.328  -58.339  6.439 0.0000000000
117430  36.046  -51.370  -0.776 0.0000000000
15978  36.059  -51.229  0.066 0.0000000000
15979  35.485  -50.813  -0.511 0.0000000000
17284  33.691  -48.185  -0.614 0.0000000000
13425  40.079  -54.369  -3.065 0.0000000000
14127  38.716  -53.617  -3.270 0.0000000000
12671  37.505  -55.815  5.731 0.0000000000
12679  37.170  -55.399  5.032 0.0000000000
12058  38.296  -56.243  4.776 0.0000000000
12700  39.653  -55.600  3.004 0.0000000000
13359  44.631  -54.585  1.930 0.0000000000
13360  43.740  -54.556  1.833 0.0000000000
13378  44.206  -53.751  1.377 0.0000000000
14040  44.178  -53.381  0.858 0.0000000000
14077  43.435  -53.509  -0.089 0.0000000000
14078  42.585  -53.543  -0.074 0.0000000000
14076  44.316  -53.555  -0.297 0.0000000000
14089  44.665  -53.902  -1.055 0.0000000000
14107  45.023  -54.131  -1.852 0.0000000000
14124  48.918  -53.142  -3.453 0.0000000000
111985  49.158  -53.247  -4.124 0.0000000000
13459  47.855  -53.548  -4.983 0.0000000000
13954  39.115  -53.864  8.315 0.0000000000
110664  39.988  -54.002  8.573 0.0000000000
13284  39.939  -54.740  8.911 0.0000000000
118503  39.493  -55.883  8.835 0.0000000000
15351  35.523  -51.468  2.383 0.0000000000
15952  34.569  -50.260  1.535 0.0000000000
16646  34.839  -50.164  -2.214 0.0000000000
16647  34.408  -49.579  -1.627 0.0000000000
17296  33.973  -48.883  -1.980 0.0000000000
17964  33.633  -47.367  -1.870 0.0000000000
11480  41.330  -57.432  4.657 0.0000000000
12054  41.774  -57.046  4.050 0.0000000000
12053  42.687  -56.853  4.191 0.0000000000
12076  43.127  -56.352  3.471 0.0000000000
12696  43.878  -55.874  3.018 0.0000000000
12715  45.682  -55.332  3.256 0.0000000000
14038  47.110  -53.287  1.303 0.0000000000
14776  38.870  -52.869  0.064 0.0000000000
14756  37.448  -51.944  0.461 0.0000000000
14777  37.910  -52.516  -0.193 0.0000000000
15396  37.467  -52.506  -1.139 0.0000000000
15401  36.490  -51.832  -2.080 0.0000000000
14128  38.023  -53.235  -2.985 0.0000000000
112293  36.533  -51.803  -3.037 0.0000000000
15998  35.905  -51.276  -2.493 0.0000000000
15999  35.354  -50.621  -2.805 0.0000000000
16658  34.949  -49.684  -3.889 0.0000000000
14840  42.101  -52.496  -6.266 0.0000000000
14666  35.628  -52.812  7.248 0.0000000000
14683  34.985  -52.808  6.759 0.0000000000
13982  35.065  -53.368  6.318 0.0000000000
14712  38.391  -52.607  2.145 0.0000000000
109806  39.061  -52.525  1.605 0.0000000000
127001  40.872  -54.912  2.298 0.0000000000
121470  42.074  -54.225  1.758 0.0000000000
13362  41.331  -54.444  1.991 0.0000000000
13363  40.488  -54.382  2.208 0.0000000000
14045  39.826  -53.008  1.810 0.0000000000
14728  39.680  -52.660  1.476 0.0000000000
14754  39.273  -52.405  0.984 0.0000000000
14775  39.729  -53.282  -0.130 0.0000000000
105333  39.792  -53.729  -0.868 0.0000000000
13405  40.433  -54.127  -1.360 0.0000000000
14092  42.075  -53.955  -0.731 0.0000000000
13404  41.496  -54.266  -1.455 0.0000000000
13424  40.892  -54.472  -2.392 0.0000000000
13444  40.905  -54.496  -3.393 0.0000000000
13443  41.822  -54.606  -3.725 0.0000000000
108467  42.446  -54.265  -5.063 0.0000000000
14724  48.791  -52.999  1.320 0.0000000000
12764  48.789  -55.105  -2.593 0.0000000000
14773  48.875  -52.639  -0.446 0.0000000000
14774  47.939  -52.622  -0.253 0.0000000000
14087  46.709  -53.348  -1.433 0.0000000000
14106  46.094  -53.885  -2.020 0.0000000000
13419  45.412  -54.371  -2.692 0.0000000000
13438  46.809  -54.164  -3.732 0.0000000000
13439  45.777  -54.500  -3.545 0.0000000000
13440  44.748  -54.650  -3.470 0.0000000000
109930  44.117  -54.668  -4.365 0.0000000000
110925  43.166  -54.571  -4.620 0.0000000000
126912  42.551  -53.782  -5.538 0.0000000000
14180  42.864  -52.813  -6.310 0.0000000000
17873  37.942  -47.718  6.081 0.0000000000
17222  38.399  -48.602  6.296 0.0000000000
112037  37.604  -49.209  6.393 0.0000000000
117798  37.781  -50.004  6.570 0.0000000000
15914  37.051  -50.585  6.965 0.0000000000
15327  36.363  -51.338  7.278 0.0000000000
15321  42.907  -51.306  6.496 0.0000000000
122208  39.950  -50.972  6.633 0.0000000000
15324  39.380  -51.286  6.903 0.0000000000
15304  37.946  -52.044  7.467 0.0000000000
15305  36.868  -52.105  7.505 0.0000000000
125260  36.784  -53.425  7.604 0.0000000000
13308  36.645  -54.144  7.392 0.0000000000
12657  36.946  -54.922  7.115 0.0000000000
13297  38.194  -55.020  7.972 0.0000000000
12656  37.657  -55.387  7.388 0.0000000000
12665  37.345  -55.554  6.601 0.0000000000
12025  37.957  -56.242  6.300 0.0000000000
11469  39.067  -57.202  5.608 0.0000000000
108313  40.153  -57.703  5.325 0.0000000000
11452  39.685  -57.810  6.653 0.0000000000
10835  40.442  -58.100  5.991 0.0000000000
11467  40.961  -57.865  5.319 0.0000000000
15369  36.686  -51.531  0.662 0.0000000000
15951  35.319  -50.748  1.183 0.0000000000
110016  34.169  -49.598  1.064 0.0000000000
16637  34.430  -49.603  -0.712 0.0000000000
16610  33.810  -48.971  0.621 0.0000000000
11453  39.075  -57.318  6.251 0.0000000000
11479  42.248  -57.286  4.779 0.0000000000
11999  39.441  -56.407  8.689 0.0000000000
12024  38.541  -56.843  6.008 0.0000000000
12039  38.107  -56.329  5.508 0.0000000000
12055  40.839  -57.062  4.040 0.0000000000
12075  44.090  -56.200  3.894 0.0000000000
12078  40.428  -56.560  3.496 0.0000000000
12637  39.926  -55.487  9.139 0.0000000000
12644  39.307  -55.234  8.669 0.0000000000
12645  38.715  -55.342  8.270 0.0000000000
12666  36.700  -54.962  6.503 0.0000000000
12699  40.167  -56.042  3.077 0.0000000000
12716  44.615  -55.322  2.632 0.0000000000
12717  43.758  -55.318  2.376 0.0000000000
12718  41.235  -55.385  2.437 0.0000000000
12719  40.429  -55.376  2.611 0.0000000000
13294  41.318  -53.919  8.823 0.0000000000
13296  38.828  -54.706  8.354 0.0000000000
13321  35.660  -53.989  6.515 0.0000000000
13338  48.175  -54.797  3.345 0.0000000000
13339  39.188  -55.106  2.899 0.0000000000
13341  37.788  -54.462  3.321 0.0000000000
13357  47.793  -54.152  2.637 0.0000000000
13361  42.826  -54.544  1.821 0.0000000000
13377  45.337  -53.975  1.599 0.0000000000
13381  41.684  -53.566  1.499 0.0000000000
13402  43.176  -54.263  -1.592 0.0000000000
13403  42.390  -54.281  -1.488 0.0000000000
13422  42.377  -54.623  -2.800 0.0000000000
13423  41.573  -54.609  -2.906 0.0000000000
13463  41.728  -54.272  -4.690 0.0000000000
13480  44.782  -54.447  -5.143 0.0000000000
13482  43.112  -54.110  -5.407 0.0000000000
13962  41.361  -53.003  8.037 0.0000000000
13965  38.305  -53.424  7.969 0.0000000000
13967  36.111  -53.448  7.331 0.0000000000
13968  35.475  -53.445  6.920 0.0000000000
14013  48.442  -53.759  2.180 0.0000000000
14014  47.644  -53.648  1.999 0.0000000000
14016  40.179  -53.508  1.937 0.0000000000
14017  39.517  -53.466  2.196 0.0000000000
14018  38.806  -53.443  2.431 0.0000000000
14019  37.485  -52.891  2.582 0.0000000000
14036  49.034  -53.429  1.493 0.0000000000
14043  41.235  -53.002  1.217 0.0000000000
14044  40.414  -52.891  1.395 0.0000000000
14064  44.045  -53.384  0.310 0.0000000000
14065  43.509  -53.385  0.645 0.0000000000
14073  47.290  -52.881  -0.852 0.0000000000
14086  47.773  -52.922  -1.692 0.0000000000
14091  42.908  -53.947  -0.820 0.0000000000
14094  38.479  -53.405  -1.614 0.0000000000
14095  37.941  -53.153  -2.231 0.0000000000
14108  39.289  -54.095  -2.735 0.0000000000
14125  47.609  -53.515  -3.171 0.0000000000
14126  40.225  -54.203  -3.880 0.0000000000
14140  48.875  -53.295  -4.607 0.0000000000
14165  43.018  -53.485  -5.909 0.0000000000
14660  41.505  -52.507  7.507 0.0000000000
14665  36.426  -52.801  7.515 0.0000000000
14682  41.753  -51.949  6.927 0.0000000000
14729  38.616  -52.301  1.390 0.0000000000
14730  37.881  -52.011  1.500 0.0000000000
14753  40.128  -52.610  1.036 0.0000000000
14772  49.327  -52.933  -0.660 0.0000000000
14786  38.264  -52.991  -0.883 0.0000000000
14788  36.997  -52.242  -1.757 0.0000000000
14790  37.483  -52.730  -2.696 0.0000000000
14791  36.984  -52.274  -2.448 0.0000000000
14801  37.616  -52.642  -3.368 0.0000000000
14802  37.108  -52.331  -3.062 0.0000000000
14827  42.313  -53.232  -5.884 0.0000000000
14828  41.524  -52.997  -5.736 0.0000000000
15323  40.673  -51.307  6.650 0.0000000000
15325  38.544  -51.202  7.028 0.0000000000
15326  37.452  -51.310  7.233 0.0000000000
15349  37.137  -51.837  1.927 0.0000000000
15355  36.568  -51.518  1.457 0.0000000000
15370  36.012  -51.169  0.898 0.0000000000
15385  37.241  -52.122  -0.445 0.0000000000
15397  36.693  -51.893  -1.144 0.0000000000
15911  40.591  -50.602  6.461 0.0000000000
15912  39.858  -50.264  6.467 0.0000000000
15942  35.109  -50.858  1.973 0.0000000000
15962  35.440  -50.725  0.342 0.0000000000
15963  34.799  -50.193  0.669 0.0000000000
16009  35.423  -50.350  -3.623 0.0000000000
16018  35.499  -50.015  -4.246 0.0000000000
16619  34.376  -49.573  0.190 0.0000000000
16636  34.971  -50.330  -1.219 0.0000000000
16650  34.823  -49.953  -3.096 0.0000000000
16651  34.371  -49.437  -2.517 0.0000000000
17220  39.968  -49.014  6.384 0.0000000000
17283  33.960  -48.931  -0.236 0.0000000000
17293  33.732  -48.181  -1.490 0.0000000000
17973  33.686  -47.387  -2.751 0.0000000000
107313  34.611  -52.077  6.583 0.0000000000
110634  39.819  -54.092  2.314 0.0000000000
111641  35.208  -52.253  7.090 0.0000000000
112748  37.755  -55.927  5.100 0.0000000000
113126  33.977  -48.791  -2.744 0.0000000000
114072  41.099  -53.388  0.100 0.0000000000
114147  43.586  -53.461  1.096 0.0000000000
114392  38.440  -56.664  6.750 0.0000000000
114583  35.992  -51.379  -1.615 0.0000000000
114657  42.938  -53.407  0.457 0.0000000000
116735  46.682  -53.901  -5.404 0.0000000000
117880  42.214  -56.584  3.449 0.0000000000
119516  39.747  -49.647  6.411 0.0000000000
120343  40.405  -53.838  -4.497 0.0000000000
120616  38.593  -50.645  6.735 0.0000000000
122128  49.504  -53.228  -3.422 0.0000000000
122271  49.258  -52.941  -2.120 0.0000000000
122290  38.411  -52.682  7.720 0.0000000000
123229  35.550  -50.961  -1.223 0.0000000000
123299  48.756  -53.458  1.762 0.0000000000
124002  45.586  -53.333  0.589 0.0000000000
124478  43.472  -54.762  -4.028 0.0000000000
126067  39.743  -52.751  0.582 0.0000000000
127218  41.085  -58.152  5.857 0.0000000000
