#!ascii label  , from subject sub-s008 vox2ras=TkReg
265
60365  24.665  1.632  -28.702 0.0000000000
121729  23.629  -7.463  -27.024 0.0000000000
64804  25.130  6.798  -29.549 0.0000000000
73582  24.653  16.895  -34.702 0.0000000000
51244  22.053  -8.611  -26.810 0.0000000000
67262  28.445  9.340  -30.146 0.0000000000
69567  28.402  12.482  -31.190 0.0000000000
120387  22.407  -0.297  -29.419 0.0000000000
56509  23.743  -2.707  -27.696 0.0000000000
58360  25.280  -0.297  -28.002 0.0000000000
62212  28.395  3.989  -28.859 0.0000000000
59324  27.896  0.691  -28.699 0.0000000000
120278  24.990  4.127  -29.250 0.0000000000
64788  28.764  6.496  -29.509 0.0000000000
71195  25.483  14.791  -32.998 0.0000000000
71985  28.969  15.186  -32.544 0.0000000000
53914  24.945  -5.900  -27.870 0.0000000000
104937  26.443  11.188  -30.657 0.0000000000
69569  26.606  12.388  -31.280 0.0000000000
60366  24.001  1.295  -28.857 0.0000000000
58362  23.656  -0.417  -28.379 0.0000000000
59326  25.713  0.591  -28.215 0.0000000000
113595  22.337  -7.992  -26.815 0.0000000000
63973  25.084  5.843  -29.473 0.0000000000
63972  26.892  5.460  -28.588 0.0000000000
64790  26.980  7.017  -28.828 0.0000000000
109124  29.868  10.397  -31.923 0.0000000000
107423  29.503  8.862  -31.555 0.0000000000
72015  23.311  15.450  -35.062 0.0000000000
71197  23.809  14.227  -33.947 0.0000000000
115348  25.497  15.849  -33.833 0.0000000000
74446  30.109  18.441  -36.344 0.0000000000
120756  30.609  17.459  -35.206 0.0000000000
72789  29.036  16.353  -33.358 0.0000000000
122871  30.962  16.341  -34.316 0.0000000000
71193  30.459  14.865  -32.958 0.0000000000
55625  25.082  -3.237  -27.569 0.0000000000
54772  24.382  -4.256  -27.278 0.0000000000
50266  20.825  -9.487  -26.538 0.0000000000
104790  26.553  8.519  -29.473 0.0000000000
104969  26.918  9.854  -29.889 0.0000000000
118451  28.222  10.761  -30.481 0.0000000000
122713  29.897  12.219  -31.776 0.0000000000
56527  22.109  -2.605  -28.950 0.0000000000
120667  22.756  -0.922  -28.841 0.0000000000
57418  24.515  -1.542  -27.763 0.0000000000
110777  25.429  -1.970  -27.785 0.0000000000
61298  26.314  2.568  -28.400 0.0000000000
60362  27.223  1.368  -28.399 0.0000000000
61321  28.346  2.282  -28.899 0.0000000000
60381  24.168  2.045  -29.083 0.0000000000
62217  23.930  3.414  -29.580 0.0000000000
61323  25.152  3.041  -28.843 0.0000000000
62214  26.274  3.855  -28.542 0.0000000000
63116  28.516  4.904  -29.048 0.0000000000
118149  29.467  6.008  -31.520 0.0000000000
111178  28.684  7.890  -29.832 0.0000000000
65634  29.342  7.346  -30.961 0.0000000000
69581  24.808  13.056  -32.413 0.0000000000
73580  26.807  17.347  -34.499 0.0000000000
72791  27.087  16.281  -33.479 0.0000000000
71987  27.204  15.094  -32.675 0.0000000000
70392  26.431  13.665  -32.125 0.0000000000
70390  28.331  13.857  -31.868 0.0000000000
70388  30.499  13.176  -32.512 0.0000000000
113520  22.779  -5.825  -26.979 0.0000000000
55640  22.485  -3.697  -28.221 0.0000000000
58359  26.476  -0.235  -28.225 0.0000000000
111172  26.788  -1.064  -28.361 0.0000000000
119647  25.706  11.258  -31.142 0.0000000000
104810  25.682  12.087  -31.533 0.0000000000
59327  24.750  0.975  -28.480 0.0000000000
60364  25.498  1.538  -28.431 0.0000000000
48353  20.785  -10.989  -26.051 0.0000000000
49318  21.256  -10.390  -26.395 0.0000000000
115107  23.343  -8.071  -27.012 0.0000000000
64791  26.125  6.273  -28.951 0.0000000000
64803  26.043  7.263  -29.263 0.0000000000
68078  30.246  10.930  -32.444 0.0000000000
68085  30.078  10.111  -32.739 0.0000000000
72808  23.904  16.195  -34.828 0.0000000000
72014  24.160  15.439  -34.352 0.0000000000
72013  24.799  16.005  -34.269 0.0000000000
72802  30.820  16.943  -34.696 0.0000000000
72011  31.367  15.653  -34.355 0.0000000000
55639  25.823  -3.815  -28.158 0.0000000000
54771  25.172  -4.076  -27.627 0.0000000000
52157  21.747  -7.275  -26.972 0.0000000000
104791  26.329  9.243  -29.793 0.0000000000
104928  26.128  9.908  -30.227 0.0000000000
69562  27.121  11.751  -30.768 0.0000000000
68806  27.762  11.229  -30.529 0.0000000000
119300  28.675  11.874  -31.012 0.0000000000
68811  29.085  11.429  -31.115 0.0000000000
69566  29.235  12.260  -31.406 0.0000000000
73594  24.113  17.422  -35.506 0.0000000000
117470  24.429  -0.767  -27.937 0.0000000000
57417  25.263  -1.131  -27.822 0.0000000000
50282  21.430  -8.963  -26.739 0.0000000000
50265  21.817  -9.820  -26.667 0.0000000000
61322  27.899  3.150  -28.518 0.0000000000
61297  27.380  2.290  -28.419 0.0000000000
109702  28.529  3.135  -29.121 0.0000000000
60382  23.439  1.684  -29.353 0.0000000000
63120  24.864  4.879  -29.439 0.0000000000
63121  24.308  4.153  -29.577 0.0000000000
62216  24.708  3.543  -29.249 0.0000000000
62215  25.411  3.705  -28.855 0.0000000000
63119  25.611  4.419  -28.864 0.0000000000
116442  28.176  6.149  -28.828 0.0000000000
63971  27.934  5.531  -28.659 0.0000000000
63970  28.648  5.637  -29.263 0.0000000000
63969  29.265  5.689  -30.000 0.0000000000
64802  29.329  6.432  -30.678 0.0000000000
66440  27.963  8.878  -29.643 0.0000000000
66434  27.421  8.338  -29.359 0.0000000000
108752  28.590  8.559  -29.982 0.0000000000
114808  29.378  8.131  -31.215 0.0000000000
64815  29.457  6.677  -31.702 0.0000000000
71196  24.668  14.358  -33.352 0.0000000000
70404  24.011  13.602  -33.419 0.0000000000
105039  24.124  12.923  -32.828 0.0000000000
71182  25.264  14.124  -32.780 0.0000000000
73589  29.100  17.980  -35.205 0.0000000000
74447  29.271  18.434  -35.912 0.0000000000
73579  27.803  17.461  -34.481 0.0000000000
72805  27.460  16.854  -33.984 0.0000000000
72000  28.588  15.797  -32.886 0.0000000000
72001  27.623  15.775  -32.970 0.0000000000
71986  28.137  15.171  -32.583 0.0000000000
71180  26.814  14.377  -32.415 0.0000000000
71179  27.746  14.467  -32.317 0.0000000000
70391  27.360  13.790  -31.971 0.0000000000
71178  28.702  14.535  -32.265 0.0000000000
71192  31.046  14.147  -33.324 0.0000000000
71177  30.515  14.003  -32.706 0.0000000000
124298  31.300  13.523  -33.697 0.0000000000
70403  31.022  13.349  -33.148 0.0000000000
53902  21.711  -5.858  -27.547 0.0000000000
116069  22.971  -2.010  -28.444 0.0000000000
55654  22.101  -3.268  -28.716 0.0000000000
56510  22.784  -2.964  -28.279 0.0000000000
54773  23.598  -4.433  -27.250 0.0000000000
109325  24.281  -5.107  -27.194 0.0000000000
53899  24.047  -6.039  -26.970 0.0000000000
59325  26.926  0.575  -28.332 0.0000000000
104916  25.866  10.561  -30.679 0.0000000000
105049  26.299  11.763  -31.045 0.0000000000
69568  27.520  12.493  -31.137 0.0000000000
58370  22.979  0.064  -28.887 0.0000000000
59328  23.950  0.439  -28.545 0.0000000000
113729  24.810  0.319  -28.249 0.0000000000
50281  22.407  -9.281  -26.850 0.0000000000
51243  22.928  -8.694  -26.956 0.0000000000
50279  24.199  -9.066  -27.467 0.0000000000
62237  29.324  4.136  -30.483 0.0000000000
62238  29.013  3.581  -29.722 0.0000000000
63139  23.906  4.857  -29.929 0.0000000000
106020  25.814  5.268  -28.881 0.0000000000
106122  27.349  6.218  -28.683 0.0000000000
64789  27.952  6.838  -28.850 0.0000000000
68067  28.846  9.794  -30.594 0.0000000000
67261  29.069  8.965  -30.668 0.0000000000
67269  29.384  9.873  -31.222 0.0000000000
67275  29.753  9.432  -32.200 0.0000000000
71207  24.245  14.843  -33.922 0.0000000000
72003  24.974  15.264  -33.681 0.0000000000
73588  30.001  17.991  -35.478 0.0000000000
73577  29.907  17.425  -34.657 0.0000000000
72804  28.447  16.945  -33.903 0.0000000000
72788  29.936  16.226  -33.492 0.0000000000
71999  29.613  15.576  -32.902 0.0000000000
71998  30.385  15.558  -33.317 0.0000000000
112792  31.104  15.016  -33.699 0.0000000000
124590  24.450  -2.915  -27.521 0.0000000000
55626  24.374  -3.439  -27.420 0.0000000000
51245  20.336  -8.548  -26.787 0.0000000000
115892  21.212  -8.047  -26.947 0.0000000000
52156  22.781  -7.314  -26.748 0.0000000000
65636  25.231  7.703  -29.760 0.0000000000
65629  26.030  7.977  -29.468 0.0000000000
119682  27.172  9.101  -29.575 0.0000000000
67263  27.734  9.642  -29.913 0.0000000000
119644  26.648  10.532  -30.297 0.0000000000
68069  27.540  10.471  -30.227 0.0000000000
68068  28.307  10.109  -30.334 0.0000000000
68074  28.870  10.609  -30.777 0.0000000000
117932  29.922  11.118  -31.833 0.0000000000
68818  30.564  11.601  -32.835 0.0000000000
72817  22.930  16.244  -35.761 0.0000000000
72816  23.721  16.805  -35.337 0.0000000000
119557  23.646  -1.243  -28.147 0.0000000000
112628  23.851  -1.936  -27.842 0.0000000000
56508  24.645  -2.403  -27.615 0.0000000000
56507  25.701  -2.891  -27.916 0.0000000000
114326  25.756  2.187  -28.469 0.0000000000
60363  26.413  1.866  -28.349 0.0000000000
60380  27.977  1.584  -28.648 0.0000000000
61333  28.838  2.616  -29.918 0.0000000000
117743  28.585  1.835  -29.629 0.0000000000
60379  28.345  1.324  -29.084 0.0000000000
59337  23.213  0.895  -29.114 0.0000000000
61325  23.556  2.551  -29.589 0.0000000000
61324  24.416  2.813  -29.193 0.0000000000
61300  25.009  2.283  -28.728 0.0000000000
62186  25.923  3.180  -28.541 0.0000000000
62185  26.896  3.178  -28.357 0.0000000000
62213  27.325  3.940  -28.431 0.0000000000
63118  26.574  4.636  -28.547 0.0000000000
63117  27.642  4.754  -28.532 0.0000000000
63138  29.360  4.929  -30.262 0.0000000000
65628  26.790  7.791  -29.192 0.0000000000
65627  27.638  7.600  -29.105 0.0000000000
65626  28.412  7.388  -29.405 0.0000000000
66439  29.047  8.048  -30.401 0.0000000000
65635  29.045  7.285  -30.063 0.0000000000
104803  24.586  12.397  -32.348 0.0000000000
73581  25.780  17.162  -34.528 0.0000000000
73591  27.072  18.025  -34.988 0.0000000000
72807  25.588  16.425  -34.210 0.0000000000
72792  26.217  16.065  -33.677 0.0000000000
111442  25.854  15.465  -33.296 0.0000000000
72790  28.046  16.380  -33.383 0.0000000000
72002  26.703  15.649  -33.099 0.0000000000
71194  26.306  14.982  -32.782 0.0000000000
71181  25.943  14.269  -32.541 0.0000000000
70393  25.489  13.492  -32.343 0.0000000000
70378  26.064  12.937  -31.786 0.0000000000
70377  26.975  13.117  -31.573 0.0000000000
70376  27.922  13.187  -31.465 0.0000000000
70375  28.877  13.136  -31.541 0.0000000000
119306  29.693  14.576  -32.447 0.0000000000
70389  29.287  13.843  -31.963 0.0000000000
69580  29.816  13.011  -31.847 0.0000000000
69579  30.364  12.382  -32.312 0.0000000000
53056  22.256  -6.564  -26.946 0.0000000000
53055  23.312  -6.687  -26.796 0.0000000000
54787  22.097  -4.277  -28.202 0.0000000000
55627  23.408  -3.635  -27.585 0.0000000000
54774  22.793  -4.313  -27.636 0.0000000000
53900  23.259  -5.077  -27.121 0.0000000000
117387  26.351  1.192  -28.296 0.0000000000
118148  27.422  -0.143  -28.586 0.0000000000
126366  27.127  -0.610  -28.470 0.0000000000
113345  25.965  -0.835  -28.012 0.0000000000
57416  26.154  -1.582  -28.086 0.0000000000
58361  24.413  -0.131  -28.171 0.0000000000
61299  25.615  2.657  -28.582 0.0000000000
62211  29.072  4.424  -29.615 0.0000000000
63115  29.086  5.110  -29.626 0.0000000000
63995  29.410  5.526  -30.931 0.0000000000
66433  28.182  8.126  -29.481 0.0000000000
68805  28.467  11.313  -30.739 0.0000000000
68810  29.642  11.618  -31.571 0.0000000000
68819  30.173  11.663  -32.073 0.0000000000
69561  28.020  11.892  -30.799 0.0000000000
69590  30.902  12.428  -33.189 0.0000000000
70394  24.717  13.616  -32.806 0.0000000000
72012  30.716  15.951  -33.813 0.0000000000
105042  25.265  12.681  -32.046 0.0000000000
106113  25.669  9.336  -30.252 0.0000000000
106818  27.105  11.063  -30.438 0.0000000000
114787  30.312  16.678  -34.095 0.0000000000
116581  29.468  10.869  -31.373 0.0000000000
125492  30.000  13.751  -32.243 0.0000000000
