#!ascii label  , from subject sub-p014 vox2ras=TkReg
352
92232  26.924  11.774  -32.508 0.0000000000
83970  25.505  3.465  -31.644 0.0000000000
96697  26.081  17.458  -30.293 0.0000000000
104620  24.394  27.955  -33.188 0.0000000000
140056  24.733  0.963  -30.415 0.0000000000
99239  29.279  20.639  -29.734 0.0000000000
101606  28.405  23.267  -30.613 0.0000000000
130612  22.883  8.656  -32.927 0.0000000000
86813  22.195  6.775  -32.570 0.0000000000
89711  27.569  9.627  -33.072 0.0000000000
94833  30.901  15.824  -29.241 0.0000000000
93044  31.770  13.504  -29.651 0.0000000000
93953  26.536  14.681  -31.319 0.0000000000
96696  30.333  18.167  -29.208 0.0000000000
103208  24.683  25.587  -31.588 0.0000000000
103232  27.909  25.327  -33.780 0.0000000000
85830  26.708  5.587  -32.404 0.0000000000
100873  27.258  22.035  -29.854 0.0000000000
128850  27.420  23.462  -30.294 0.0000000000
152743  25.343  10.803  -33.534 0.0000000000
89721  25.401  9.636  -33.622 0.0000000000
91390  27.603  11.031  -32.463 0.0000000000
83063  24.828  2.208  -31.016 0.0000000000
95802  26.329  16.050  -30.746 0.0000000000
142242  28.447  16.776  -29.307 0.0000000000
96681  27.764  17.373  -29.503 0.0000000000
100100  29.669  21.703  -32.157 0.0000000000
99274  30.408  20.427  -32.191 0.0000000000
104622  22.690  27.214  -32.842 0.0000000000
102441  23.154  24.489  -32.384 0.0000000000
103955  24.598  26.731  -32.371 0.0000000000
105332  26.294  28.718  -37.570 0.0000000000
103993  26.983  27.250  -36.839 0.0000000000
103976  27.420  26.611  -34.313 0.0000000000
103253  27.397  25.683  -36.027 0.0000000000
102461  27.771  24.388  -35.077 0.0000000000
86809  26.466  7.572  -33.058 0.0000000000
86812  23.832  6.500  -32.679 0.0000000000
153552  23.960  0.019  -30.019 0.0000000000
97598  28.019  19.198  -29.390 0.0000000000
99241  27.565  20.679  -29.558 0.0000000000
100081  28.995  21.942  -30.142 0.0000000000
100919  28.853  22.615  -33.483 0.0000000000
86826  19.917  6.492  -33.760 0.0000000000
87748  21.093  7.364  -32.124 0.0000000000
88728  24.663  8.128  -33.387 0.0000000000
88714  29.030  9.037  -31.844 0.0000000000
93064  28.562  13.642  -30.821 0.0000000000
93077  28.981  12.855  -31.078 0.0000000000
93935  30.667  14.241  -29.712 0.0000000000
146198  24.556  11.571  -33.437 0.0000000000
92235  24.896  13.009  -32.976 0.0000000000
93080  26.763  13.355  -31.881 0.0000000000
94857  28.422  15.054  -29.972 0.0000000000
96679  30.850  17.479  -29.220 0.0000000000
96695  31.579  18.339  -30.345 0.0000000000
98398  29.833  19.907  -29.759 0.0000000000
98428  31.206  19.423  -31.332 0.0000000000
102420  25.129  24.685  -30.864 0.0000000000
105299  25.409  28.490  -34.123 0.0000000000
103966  26.701  27.037  -33.170 0.0000000000
103219  26.840  26.199  -31.905 0.0000000000
102430  27.511  24.844  -31.119 0.0000000000
102439  28.289  24.380  -32.215 0.0000000000
101644  28.443  23.654  -33.885 0.0000000000
84921  23.638  4.311  -32.460 0.0000000000
85850  20.637  5.560  -33.174 0.0000000000
91375  29.757  11.204  -31.367 0.0000000000
90524  30.322  10.321  -30.951 0.0000000000
100886  26.655  22.528  -30.044 0.0000000000
101607  26.356  23.478  -30.302 0.0000000000
91401  25.949  10.994  -33.330 0.0000000000
91391  26.763  11.079  -33.017 0.0000000000
92219  27.636  11.898  -31.998 0.0000000000
78418  23.919  -1.899  -29.018 0.0000000000
79350  24.171  -1.168  -29.320 0.0000000000
83971  24.881  2.954  -31.492 0.0000000000
95803  25.772  16.667  -30.758 0.0000000000
95777  26.584  16.721  -30.322 0.0000000000
96682  26.964  17.431  -29.819 0.0000000000
100109  29.145  21.361  -33.780 0.0000000000
140126  29.535  20.783  -33.529 0.0000000000
104621  23.306  27.738  -33.148 0.0000000000
103967  23.026  26.353  -32.787 0.0000000000
103956  23.746  26.471  -32.551 0.0000000000
104604  25.010  27.455  -32.693 0.0000000000
103992  27.382  26.778  -36.005 0.0000000000
103254  26.926  25.344  -36.822 0.0000000000
87734  27.736  7.546  -32.646 0.0000000000
87735  27.123  7.025  -32.715 0.0000000000
83973  23.478  3.356  -31.801 0.0000000000
98401  26.905  19.988  -29.610 0.0000000000
142798  26.221  20.178  -29.886 0.0000000000
100885  27.760  22.701  -29.967 0.0000000000
100884  28.482  22.426  -30.087 0.0000000000
100883  29.012  22.550  -30.673 0.0000000000
100908  29.324  22.441  -32.151 0.0000000000
100897  28.964  23.052  -31.551 0.0000000000
105287  22.387  28.350  -33.586 0.0000000000
87764  19.644  7.327  -34.106 0.0000000000
88730  22.122  7.988  -32.287 0.0000000000
151320  26.929  9.924  -33.283 0.0000000000
130063  25.080  8.817  -33.642 0.0000000000
140866  26.858  9.281  -33.345 0.0000000000
88726  27.515  8.789  -33.103 0.0000000000
88715  28.298  9.153  -32.541 0.0000000000
81157  24.529  0.243  -30.106 0.0000000000
80244  25.069  -0.181  -29.663 0.0000000000
94855  30.241  14.951  -29.439 0.0000000000
93949  29.798  14.201  -29.954 0.0000000000
142062  31.041  14.965  -29.379 0.0000000000
134075  23.395  10.086  -33.106 0.0000000000
93965  25.624  14.617  -31.793 0.0000000000
93081  26.121  13.850  -31.884 0.0000000000
93092  26.273  13.032  -32.251 0.0000000000
93964  26.840  13.871  -31.545 0.0000000000
93951  27.997  14.396  -30.630 0.0000000000
144725  27.293  14.789  -30.853 0.0000000000
145212  29.365  17.532  -28.966 0.0000000000
95775  29.490  16.604  -29.028 0.0000000000
141505  30.113  17.296  -28.963 0.0000000000
144867  31.108  18.132  -29.586 0.0000000000
97596  30.862  18.760  -29.857 0.0000000000
98399  28.845  19.808  -29.410 0.0000000000
99251  29.822  20.608  -30.182 0.0000000000
98429  30.850  19.885  -31.727 0.0000000000
98439  31.229  19.316  -32.124 0.0000000000
103209  23.875  25.033  -31.991 0.0000000000
102433  23.527  24.114  -31.992 0.0000000000
147310  23.951  24.485  -31.394 0.0000000000
101610  23.757  23.826  -31.160 0.0000000000
149274  25.136  25.233  -31.179 0.0000000000
129436  26.663  28.176  -36.700 0.0000000000
105320  26.052  29.084  -36.530 0.0000000000
105298  26.128  28.448  -34.826 0.0000000000
104631  26.626  27.815  -34.596 0.0000000000
103965  27.549  26.079  -33.654 0.0000000000
103952  27.130  26.336  -32.817 0.0000000000
150355  27.356  25.856  -32.128 0.0000000000
103205  27.172  25.543  -31.480 0.0000000000
102440  27.796  25.133  -32.001 0.0000000000
102429  28.021  24.497  -31.502 0.0000000000
102450  28.157  24.876  -33.011 0.0000000000
134164  27.316  24.043  -35.904 0.0000000000
101645  28.097  23.568  -34.632 0.0000000000
101649  27.606  23.390  -35.406 0.0000000000
100928  27.951  22.724  -35.003 0.0000000000
84934  22.434  4.289  -32.362 0.0000000000
86815  20.564  6.405  -33.172 0.0000000000
149066  19.954  5.871  -33.664 0.0000000000
144726  21.109  6.040  -32.940 0.0000000000
139908  26.237  6.055  -32.595 0.0000000000
86796  23.684  5.742  -32.556 0.0000000000
85832  25.013  5.332  -32.463 0.0000000000
85833  24.102  5.131  -32.504 0.0000000000
92205  29.828  12.691  -30.779 0.0000000000
92217  29.406  12.007  -31.313 0.0000000000
138501  30.536  12.563  -30.550 0.0000000000
99252  25.940  20.851  -30.069 0.0000000000
100082  26.580  21.547  -29.910 0.0000000000
89723  23.622  9.377  -33.302 0.0000000000
130178  23.729  8.776  -33.379 0.0000000000
90554  25.734  10.344  -33.523 0.0000000000
90553  26.509  10.439  -33.313 0.0000000000
90544  27.304  10.392  -33.029 0.0000000000
82091  25.414  1.239  -30.328 0.0000000000
83047  25.497  1.952  -30.660 0.0000000000
82090  26.063  1.656  -30.131 0.0000000000
96678  32.045  16.939  -29.670 0.0000000000
95773  31.690  16.279  -29.398 0.0000000000
94872  25.817  15.193  -31.449 0.0000000000
94871  26.245  15.466  -31.109 0.0000000000
95801  27.398  15.877  -30.299 0.0000000000
136023  26.939  16.147  -30.422 0.0000000000
95776  27.422  16.589  -29.910 0.0000000000
96680  28.518  17.873  -29.194 0.0000000000
100090  29.728  21.553  -31.161 0.0000000000
99262  30.063  20.896  -30.808 0.0000000000
99275  30.093  21.019  -31.684 0.0000000000
99284  30.074  20.281  -33.174 0.0000000000
103220  24.185  25.943  -32.173 0.0000000000
103941  25.079  26.263  -31.879 0.0000000000
104645  27.017  27.668  -35.929 0.0000000000
104630  27.136  27.211  -35.040 0.0000000000
103985  27.568  26.280  -35.185 0.0000000000
103240  27.735  25.819  -34.450 0.0000000000
128499  27.904  25.085  -34.516 0.0000000000
146229  27.430  24.839  -35.699 0.0000000000
102467  27.057  24.709  -36.364 0.0000000000
137523  24.939  7.501  -33.174 0.0000000000
86811  24.733  6.803  -32.835 0.0000000000
136241  26.739  6.305  -32.610 0.0000000000
80246  23.587  -0.551  -29.523 0.0000000000
129721  23.937  0.775  -30.432 0.0000000000
82104  24.181  2.228  -30.948 0.0000000000
142184  24.393  2.671  -31.306 0.0000000000
83972  24.223  3.285  -31.747 0.0000000000
83992  24.373  3.896  -32.216 0.0000000000
97583  26.544  18.293  -29.815 0.0000000000
98414  27.149  19.143  -29.589 0.0000000000
98400  27.819  19.914  -29.440 0.0000000000
99240  28.451  20.638  -29.519 0.0000000000
100070  27.368  21.398  -29.704 0.0000000000
100069  28.142  21.336  -29.603 0.0000000000
100068  28.859  21.325  -29.740 0.0000000000
100896  29.391  22.243  -31.377 0.0000000000
100108  29.275  22.095  -33.071 0.0000000000
137345  28.800  22.030  -34.003 0.0000000000
133910  22.148  27.926  -32.960 0.0000000000
154800  22.611  27.820  -33.112 0.0000000000
105286  23.645  28.526  -33.761 0.0000000000
87749  21.068  6.986  -32.463 0.0000000000
129459  21.400  7.055  -32.294 0.0000000000
88729  22.973  8.172  -33.061 0.0000000000
130006  23.836  8.170  -33.316 0.0000000000
87746  23.161  7.622  -33.011 0.0000000000
87745  25.638  8.074  -33.391 0.0000000000
148553  28.010  8.244  -32.710 0.0000000000
144459  28.649  8.363  -32.189 0.0000000000
93078  28.194  13.074  -31.334 0.0000000000
93063  29.401  13.514  -30.529 0.0000000000
93062  30.345  13.382  -30.221 0.0000000000
93045  31.074  13.656  -29.802 0.0000000000
94832  31.800  15.468  -29.410 0.0000000000
142387  32.341  14.909  -29.486 0.0000000000
93933  32.438  14.162  -29.497 0.0000000000
135106  24.203  10.208  -33.537 0.0000000000
90555  24.739  10.908  -33.560 0.0000000000
91392  26.061  11.776  -32.970 0.0000000000
92244  24.717  12.221  -33.276 0.0000000000
139353  25.733  12.604  -32.676 0.0000000000
92220  27.054  12.642  -32.100 0.0000000000
93065  27.915  13.734  -31.123 0.0000000000
93950  28.917  14.299  -30.281 0.0000000000
94856  29.315  14.960  -29.630 0.0000000000
95800  28.016  15.880  -29.872 0.0000000000
94835  28.886  15.801  -29.422 0.0000000000
95774  30.423  16.625  -29.073 0.0000000000
150616  31.587  17.605  -29.691 0.0000000000
96715  32.071  18.119  -31.093 0.0000000000
97582  27.630  18.290  -29.477 0.0000000000
97581  28.661  18.837  -29.276 0.0000000000
97597  30.143  19.060  -29.515 0.0000000000
98397  30.326  20.221  -30.463 0.0000000000
98413  30.563  19.503  -30.139 0.0000000000
97595  31.181  19.146  -30.620 0.0000000000
97616  31.630  18.772  -31.404 0.0000000000
148483  25.024  24.039  -30.672 0.0000000000
105300  24.508  28.869  -34.266 0.0000000000
106026  25.244  29.015  -34.815 0.0000000000
105285  24.712  28.408  -33.689 0.0000000000
104619  25.468  27.994  -33.340 0.0000000000
104603  25.925  27.331  -32.844 0.0000000000
103953  26.376  26.705  -32.456 0.0000000000
150966  27.211  26.719  -33.584 0.0000000000
103940  26.011  26.333  -31.808 0.0000000000
103194  25.843  25.154  -30.986 0.0000000000
102419  25.946  24.337  -30.605 0.0000000000
101608  25.356  23.436  -30.479 0.0000000000
102418  27.041  24.288  -30.572 0.0000000000
101618  27.904  24.111  -30.872 0.0000000000
143328  28.431  23.868  -31.480 0.0000000000
102456  28.224  24.454  -34.046 0.0000000000
102449  28.444  24.069  -33.123 0.0000000000
101627  28.651  23.622  -32.344 0.0000000000
100927  28.489  22.842  -34.196 0.0000000000
100119  28.290  22.030  -34.740 0.0000000000
85849  21.173  5.239  -32.690 0.0000000000
85847  22.837  6.036  -32.597 0.0000000000
85848  22.073  5.158  -32.571 0.0000000000
85834  23.111  5.025  -32.662 0.0000000000
84920  24.622  4.538  -32.386 0.0000000000
91377  28.137  11.355  -31.873 0.0000000000
91376  28.871  11.166  -31.633 0.0000000000
90534  28.695  10.412  -31.842 0.0000000000
92204  30.987  12.086  -30.567 0.0000000000
91374  30.375  11.076  -31.081 0.0000000000
89701  28.961  9.800  -31.853 0.0000000000
90532  29.708  10.066  -31.403 0.0000000000
82079  26.482  1.297  -29.672 0.0000000000
82092  24.349  1.610  -30.664 0.0000000000
83048  24.967  1.561  -30.660 0.0000000000
85831  25.890  5.455  -32.469 0.0000000000
86793  26.291  6.716  -32.794 0.0000000000
86794  25.485  6.225  -32.659 0.0000000000
86795  24.483  5.972  -32.551 0.0000000000
86810  25.611  7.151  -33.007 0.0000000000
86814  21.200  6.543  -32.541 0.0000000000
87733  28.310  7.584  -32.318 0.0000000000
87744  27.279  7.955  -32.936 0.0000000000
87747  22.180  7.507  -32.473 0.0000000000
87762  20.693  7.610  -32.507 0.0000000000
87763  20.193  6.948  -33.531 0.0000000000
88705  29.214  8.380  -31.608 0.0000000000
88727  26.659  8.450  -33.284 0.0000000000
88731  21.013  7.849  -32.416 0.0000000000
89720  26.250  9.797  -33.462 0.0000000000
89722  24.478  9.419  -33.644 0.0000000000
90533  29.357  10.502  -31.557 0.0000000000
90543  28.087  10.127  -32.428 0.0000000000
91360  30.782  11.497  -30.760 0.0000000000
91389  28.239  10.750  -31.977 0.0000000000
91402  25.262  11.494  -33.372 0.0000000000
92216  30.293  11.880  -30.999 0.0000000000
92218  28.437  12.143  -31.573 0.0000000000
92233  26.411  12.352  -32.503 0.0000000000
92234  25.334  12.200  -33.076 0.0000000000
93061  31.143  12.843  -30.065 0.0000000000
93079  27.424  13.357  -31.564 0.0000000000
93093  25.510  13.413  -32.436 0.0000000000
93934  31.596  14.421  -29.502 0.0000000000
93952  27.342  14.142  -31.174 0.0000000000
94834  29.853  15.762  -29.237 0.0000000000
94858  27.655  15.233  -30.381 0.0000000000
94859  26.918  15.468  -30.739 0.0000000000
95772  32.315  16.223  -29.629 0.0000000000
97580  29.441  18.496  -29.163 0.0000000000
99242  26.746  20.769  -29.767 0.0000000000
99261  30.485  20.407  -31.270 0.0000000000
100080  29.496  21.311  -30.301 0.0000000000
100871  28.504  21.826  -29.812 0.0000000000
100872  27.950  21.995  -29.738 0.0000000000
100887  25.650  22.677  -30.278 0.0000000000
100909  28.969  22.880  -32.635 0.0000000000
101635  28.681  23.285  -33.288 0.0000000000
102421  24.384  24.277  -30.897 0.0000000000
102431  26.713  25.043  -30.912 0.0000000000
102432  24.477  24.941  -31.212 0.0000000000
103206  26.403  25.696  -31.380 0.0000000000
103207  25.541  25.731  -31.435 0.0000000000
103218  27.645  25.592  -32.905 0.0000000000
103247  27.683  25.377  -35.164 0.0000000000
103954  25.504  26.834  -32.318 0.0000000000
103977  26.925  27.380  -33.977 0.0000000000
128835  23.151  6.964  -32.738 0.0000000000
129776  29.450  19.261  -29.387 0.0000000000
130949  29.881  20.935  -32.630 0.0000000000
133834  25.987  9.025  -33.456 0.0000000000
135253  21.733  5.986  -32.695 0.0000000000
135953  24.982  10.241  -33.635 0.0000000000
137218  30.832  19.802  -30.891 0.0000000000
138800  26.109  19.282  -29.920 0.0000000000
143992  23.371  27.021  -32.778 0.0000000000
144491  24.040  7.393  -33.086 0.0000000000
145403  29.941  10.627  -31.315 0.0000000000
145482  31.292  16.826  -29.285 0.0000000000
147821  29.526  21.369  -33.053 0.0000000000
148703  27.752  12.618  -31.702 0.0000000000
149321  24.366  8.690  -33.550 0.0000000000
151953  29.349  21.943  -30.713 0.0000000000
152330  24.818  3.535  -31.888 0.0000000000
154587  22.712  7.267  -32.703 0.0000000000
