#!ascii label  , from subject sub-p021 vox2ras=TkReg
424
114792  -20.996  7.389  -34.143 0.0000000000
67182  -18.316  3.433  -30.443 0.0000000000
66380  -24.286  2.118  -32.968 0.0000000000
63075  -20.587  -1.551  -30.439 0.0000000000
80281  -24.318  20.174  -33.799 0.0000000000
77996  -24.541  16.912  -33.499 0.0000000000
74668  -18.020  12.977  -32.445 0.0000000000
59698  -19.277  -5.349  -27.677 0.0000000000
65533  -19.096  0.865  -30.802 0.0000000000
63877  -17.712  -0.658  -28.580 0.0000000000
123013  -24.014  18.171  -33.550 0.0000000000
77992  -22.104  16.689  -34.429 0.0000000000
71398  -17.698  8.142  -32.013 0.0000000000
73020  -16.196  10.270  -30.571 0.0000000000
73045  -19.816  10.188  -33.811 0.0000000000
115791  -22.133  12.153  -34.556 0.0000000000
72224  -23.824  9.141  -33.900 0.0000000000
70577  -24.668  7.820  -33.558 0.0000000000
68861  -17.229  5.373  -30.204 0.0000000000
68884  -19.351  5.544  -31.867 0.0000000000
107317  -22.731  5.292  -33.300 0.0000000000
66377  -20.949  2.924  -31.947 0.0000000000
63916  -22.296  -0.065  -31.642 0.0000000000
62274  -23.367  -2.378  -30.087 0.0000000000
77191  -17.382  15.556  -32.162 0.0000000000
76368  -21.553  14.592  -34.758 0.0000000000
76364  -24.909  14.866  -33.488 0.0000000000
62224  -17.974  -2.352  -27.499 0.0000000000
60623  -20.039  -3.926  -29.090 0.0000000000
64695  -17.094  0.007  -28.620 0.0000000000
106449  -16.922  -0.235  -28.000 0.0000000000
78763  -21.383  17.544  -33.702 0.0000000000
78761  -19.695  16.959  -33.599 0.0000000000
70557  -19.611  7.419  -33.467 0.0000000000
112777  -18.392  8.994  -32.776 0.0000000000
71417  -20.281  8.511  -34.208 0.0000000000
73059  -22.275  9.782  -34.330 0.0000000000
71436  -22.260  8.675  -34.154 0.0000000000
111284  -24.268  8.648  -33.706 0.0000000000
71419  -23.436  7.944  -33.692 0.0000000000
68019  -17.718  4.319  -30.155 0.0000000000
69698  -17.966  5.849  -31.172 0.0000000000
68030  -19.191  4.768  -31.329 0.0000000000
68032  -20.515  4.327  -31.993 0.0000000000
67189  -19.726  3.404  -31.381 0.0000000000
63905  -19.675  -0.457  -30.572 0.0000000000
64719  -20.974  0.701  -31.447 0.0000000000
63090  -21.621  -0.563  -31.200 0.0000000000
63092  -23.424  -1.144  -31.315 0.0000000000
110122  -21.844  -2.070  -30.590 0.0000000000
122554  -22.904  19.685  -33.390 0.0000000000
81617  -22.576  20.782  -32.869 0.0000000000
81619  -23.711  21.072  -33.987 0.0000000000
81628  -23.830  21.886  -34.411 0.0000000000
80972  -25.318  20.637  -33.807 0.0000000000
78766  -24.071  17.462  -33.595 0.0000000000
118599  -17.311  11.804  -31.685 0.0000000000
75481  -16.392  13.389  -30.725 0.0000000000
76351  -17.489  14.756  -32.229 0.0000000000
76361  -19.959  14.685  -34.280 0.0000000000
75517  -19.681  13.812  -33.890 0.0000000000
116921  -24.104  12.235  -33.767 0.0000000000
74679  -23.771  13.083  -34.107 0.0000000000
74669  -25.372  13.156  -33.111 0.0000000000
67203  -23.497  3.716  -33.075 0.0000000000
107658  -24.570  5.601  -33.523 0.0000000000
59697  -18.477  -5.019  -27.495 0.0000000000
61418  -18.288  -3.061  -27.825 0.0000000000
61429  -18.672  -2.913  -28.315 0.0000000000
60607  -19.506  -4.261  -28.544 0.0000000000
66362  -17.571  2.403  -29.761 0.0000000000
66370  -18.813  2.493  -30.766 0.0000000000
65525  -17.444  1.586  -29.583 0.0000000000
64703  -18.342  0.015  -29.892 0.0000000000
63061  -19.282  -1.603  -29.549 0.0000000000
116071  -23.059  18.812  -33.437 0.0000000000
118557  -24.382  18.992  -33.540 0.0000000000
79554  -23.106  18.000  -33.532 0.0000000000
78765  -23.216  17.022  -33.896 0.0000000000
110484  -23.051  16.806  -34.627 0.0000000000
125721  -16.701  7.635  -30.618 0.0000000000
72205  -16.949  9.463  -31.491 0.0000000000
73036  -17.891  10.472  -32.384 0.0000000000
73873  -19.004  11.486  -33.013 0.0000000000
118411  -20.586  12.210  -34.084 0.0000000000
73885  -20.981  11.376  -34.213 0.0000000000
117724  -23.003  10.457  -34.311 0.0000000000
116169  -24.095  10.634  -33.870 0.0000000000
114475  -25.507  9.547  -33.631 0.0000000000
58829  -20.329  -6.505  -26.873 0.0000000000
58844  -20.951  -5.965  -26.860 0.0000000000
70525  -17.171  7.129  -30.997 0.0000000000
69721  -18.709  6.860  -32.469 0.0000000000
69723  -20.632  6.215  -33.133 0.0000000000
107148  -22.048  6.710  -33.685 0.0000000000
68895  -21.466  5.365  -33.005 0.0000000000
111029  -21.840  3.969  -32.676 0.0000000000
122581  -22.691  2.297  -32.436 0.0000000000
108448  -19.847  1.912  -31.486 0.0000000000
65547  -21.977  1.698  -32.085 0.0000000000
65549  -23.560  1.543  -32.540 0.0000000000
63917  -23.778  -0.485  -31.972 0.0000000000
63079  -24.790  -1.536  -30.423 0.0000000000
80282  -25.231  19.663  -33.533 0.0000000000
117360  -19.464  16.235  -34.046 0.0000000000
114686  -21.388  15.384  -34.693 0.0000000000
77220  -23.068  15.388  -35.169 0.0000000000
74687  -21.690  12.950  -34.683 0.0000000000
76362  -23.820  14.541  -34.633 0.0000000000
77215  -24.290  15.518  -33.915 0.0000000000
107676  -24.064  6.413  -33.497 0.0000000000
69737  -25.727  6.566  -33.569 0.0000000000
63031  -17.247  -1.223  -26.927 0.0000000000
63045  -17.823  -1.278  -28.115 0.0000000000
62253  -18.865  -1.952  -28.896 0.0000000000
62255  -20.332  -2.772  -29.755 0.0000000000
59713  -20.991  -4.970  -28.133 0.0000000000
61431  -21.681  -3.970  -29.111 0.0000000000
61451  -22.150  -3.407  -29.565 0.0000000000
78744  -18.785  16.792  -32.958 0.0000000000
70572  -20.203  7.677  -33.996 0.0000000000
71416  -19.556  8.125  -33.623 0.0000000000
125089  -20.879  7.986  -34.367 0.0000000000
71435  -21.318  8.617  -34.344 0.0000000000
70573  -21.736  8.010  -34.259 0.0000000000
71418  -22.697  8.115  -33.953 0.0000000000
70574  -21.929  7.396  -33.964 0.0000000000
119442  -17.635  3.289  -29.920 0.0000000000
67174  -16.984  3.947  -29.512 0.0000000000
68020  -18.652  4.165  -30.771 0.0000000000
112201  -19.310  3.958  -31.182 0.0000000000
67188  -18.980  3.278  -30.913 0.0000000000
63906  -20.345  -0.883  -30.609 0.0000000000
111003  -20.630  -0.138  -31.029 0.0000000000
63089  -21.056  -1.020  -30.777 0.0000000000
63076  -21.804  -1.324  -30.918 0.0000000000
123896  -21.257  -1.693  -30.627 0.0000000000
80971  -23.368  20.286  -33.676 0.0000000000
81620  -24.489  21.250  -34.162 0.0000000000
78767  -24.973  17.538  -33.313 0.0000000000
77980  -25.246  16.658  -32.897 0.0000000000
126645  -17.529  12.551  -31.965 0.0000000000
74657  -16.523  12.667  -30.840 0.0000000000
75496  -17.389  13.260  -31.887 0.0000000000
76341  -17.176  14.079  -31.771 0.0000000000
75508  -17.712  13.910  -32.338 0.0000000000
75516  -18.986  13.786  -33.392 0.0000000000
74677  -19.443  13.020  -33.546 0.0000000000
110323  -24.927  12.213  -33.432 0.0000000000
74680  -24.467  13.128  -33.634 0.0000000000
66386  -23.920  2.967  -33.039 0.0000000000
67204  -24.363  3.769  -33.287 0.0000000000
66387  -24.816  2.802  -33.292 0.0000000000
58843  -19.669  -5.984  -27.331 0.0000000000
60591  -18.216  -4.002  -27.654 0.0000000000
60592  -18.973  -4.574  -28.006 0.0000000000
60606  -18.757  -3.708  -28.229 0.0000000000
59711  -19.761  -5.009  -28.177 0.0000000000
121507  -17.059  2.182  -29.355 0.0000000000
65524  -16.837  1.535  -29.141 0.0000000000
64702  -17.714  0.011  -29.235 0.0000000000
63891  -18.233  -0.640  -29.165 0.0000000000
63892  -18.910  -0.778  -29.913 0.0000000000
79553  -22.573  18.114  -33.416 0.0000000000
107591  -22.326  17.132  -34.181 0.0000000000
123480  -22.739  16.937  -34.497 0.0000000000
77993  -22.797  16.862  -34.831 0.0000000000
71384  -17.033  8.030  -31.273 0.0000000000
71397  -17.265  8.797  -31.766 0.0000000000
72222  -19.348  9.448  -33.558 0.0000000000
72214  -18.139  9.572  -32.602 0.0000000000
73044  -19.103  10.143  -33.242 0.0000000000
73865  -18.317  11.395  -32.556 0.0000000000
117928  -19.393  10.833  -33.324 0.0000000000
73874  -19.601  11.537  -33.473 0.0000000000
73046  -20.498  10.704  -34.043 0.0000000000
73060  -22.872  9.727  -34.275 0.0000000000
115792  -22.379  10.462  -34.371 0.0000000000
73061  -23.397  9.723  -34.125 0.0000000000
118416  -23.545  10.521  -34.095 0.0000000000
73047  -24.008  9.838  -33.914 0.0000000000
73048  -24.826  10.262  -33.707 0.0000000000
72225  -24.646  9.176  -33.737 0.0000000000
71421  -24.791  8.207  -33.586 0.0000000000
113176  -24.912  8.530  -33.612 0.0000000000
70578  -25.390  7.749  -33.595 0.0000000000
119005  -20.810  -7.364  -26.551 0.0000000000
121787  -21.593  -7.271  -26.513 0.0000000000
69679  -16.722  6.171  -29.971 0.0000000000
69696  -16.758  6.949  -30.322 0.0000000000
69697  -17.260  6.224  -30.702 0.0000000000
68883  -18.670  5.492  -31.373 0.0000000000
69712  -18.524  6.178  -31.848 0.0000000000
69713  -19.339  6.234  -32.429 0.0000000000
121897  -19.947  6.367  -32.905 0.0000000000
68893  -20.152  5.672  -32.507 0.0000000000
68894  -20.883  5.626  -32.888 0.0000000000
128625  -20.978  3.529  -32.106 0.0000000000
67193  -21.066  4.055  -32.345 0.0000000000
67194  -21.431  3.402  -32.324 0.0000000000
67195  -22.225  3.208  -32.549 0.0000000000
66378  -21.741  2.625  -32.229 0.0000000000
114185  -18.540  1.861  -30.514 0.0000000000
65539  -19.135  1.724  -30.976 0.0000000000
65540  -19.684  1.109  -31.226 0.0000000000
63915  -21.478  0.140  -31.422 0.0000000000
65542  -21.187  1.467  -31.730 0.0000000000
64720  -21.843  0.785  -31.777 0.0000000000
65548  -22.738  1.490  -32.278 0.0000000000
64727  -23.053  0.849  -32.245 0.0000000000
64728  -23.987  0.414  -32.430 0.0000000000
64722  -23.111  0.108  -32.016 0.0000000000
63078  -23.406  -1.855  -30.661 0.0000000000
63093  -24.214  -1.500  -30.945 0.0000000000
62275  -24.082  -1.935  -30.247 0.0000000000
62258  -24.639  -1.706  -29.567 0.0000000000
123959  -25.138  18.879  -33.351 0.0000000000
77961  -16.648  17.025  -30.883 0.0000000000
77962  -17.479  16.115  -32.192 0.0000000000
120542  -18.596  16.522  -32.891 0.0000000000
77979  -18.467  15.863  -32.936 0.0000000000
76367  -20.710  15.077  -34.587 0.0000000000
108436  -22.167  15.358  -34.870 0.0000000000
117725  -21.349  12.163  -34.417 0.0000000000
74686  -20.881  12.971  -34.436 0.0000000000
74688  -22.486  12.972  -34.684 0.0000000000
75519  -24.056  13.930  -34.084 0.0000000000
75529  -23.539  13.845  -34.545 0.0000000000
76363  -24.213  14.745  -34.046 0.0000000000
110439  -24.985  15.471  -33.383 0.0000000000
76353  -25.495  14.909  -32.836 0.0000000000
68903  -22.211  5.915  -33.401 0.0000000000
127764  -22.762  6.733  -33.567 0.0000000000
69736  -23.158  6.206  -33.465 0.0000000000
68904  -25.506  5.636  -33.540 0.0000000000
62215  -17.628  -2.644  -26.945 0.0000000000
62223  -17.539  -1.929  -26.970 0.0000000000
128251  -17.555  -1.497  -27.332 0.0000000000
63044  -17.492  -1.201  -27.634 0.0000000000
63036  -17.781  -1.666  -27.597 0.0000000000
61430  -19.276  -3.441  -28.718 0.0000000000
62238  -18.526  -2.222  -28.369 0.0000000000
62239  -19.100  -2.664  -28.786 0.0000000000
62254  -19.564  -2.363  -29.351 0.0000000000
61448  -19.785  -3.149  -29.251 0.0000000000
59700  -21.167  -5.411  -27.405 0.0000000000
61450  -21.347  -3.568  -29.699 0.0000000000
121795  -16.728  0.844  -28.821 0.0000000000
65512  -16.421  0.498  -28.274 0.0000000000
63876  -17.351  -0.728  -28.078 0.0000000000
112337  -22.388  17.400  -33.842 0.0000000000
78762  -20.416  16.848  -33.809 0.0000000000
70556  -18.924  7.661  -32.993 0.0000000000
71406  -18.345  8.319  -32.594 0.0000000000
71415  -18.958  8.696  -33.214 0.0000000000
112127  -19.583  8.824  -33.795 0.0000000000
72223  -20.019  9.337  -34.130 0.0000000000
118014  -20.685  9.858  -34.234 0.0000000000
72237  -20.782  9.137  -34.308 0.0000000000
72238  -22.639  9.201  -34.171 0.0000000000
72239  -23.253  9.164  -34.034 0.0000000000
121435  -23.638  8.736  -33.826 0.0000000000
71420  -24.037  8.283  -33.653 0.0000000000
70576  -24.044  7.784  -33.568 0.0000000000
68008  -16.889  4.727  -29.711 0.0000000000
125876  -17.651  5.634  -30.695 0.0000000000
68875  -18.222  5.114  -30.733 0.0000000000
68037  -20.030  4.899  -31.930 0.0000000000
68031  -19.913  4.168  -31.568 0.0000000000
66372  -20.179  2.779  -31.583 0.0000000000
64711  -19.666  0.325  -30.967 0.0000000000
64718  -20.243  0.644  -31.291 0.0000000000
111430  -23.020  -0.497  -31.655 0.0000000000
63091  -22.452  -0.888  -31.311 0.0000000000
63077  -22.597  -1.605  -30.870 0.0000000000
62273  -22.627  -2.326  -30.435 0.0000000000
80279  -22.439  19.130  -33.002 0.0000000000
121052  -22.785  20.386  -33.291 0.0000000000
81627  -23.394  21.670  -34.049 0.0000000000
117232  -25.294  21.590  -34.032 0.0000000000
79556  -24.694  18.229  -33.434 0.0000000000
79537  -25.375  18.324  -33.096 0.0000000000
75480  -16.050  13.160  -30.350 0.0000000000
76324  -16.376  13.951  -30.762 0.0000000000
119822  -17.002  14.872  -31.718 0.0000000000
77209  -18.758  15.396  -33.501 0.0000000000
76359  -18.589  14.553  -33.216 0.0000000000
76360  -19.183  14.633  -33.731 0.0000000000
119353  -20.744  14.352  -34.581 0.0000000000
118414  -23.439  12.214  -34.128 0.0000000000
74689  -23.173  13.020  -34.489 0.0000000000
75520  -24.735  14.030  -33.543 0.0000000000
68046  -23.213  4.537  -33.230 0.0000000000
107659  -23.621  5.457  -33.437 0.0000000000
68047  -24.096  4.705  -33.384 0.0000000000
68048  -25.061  4.645  -33.529 0.0000000000
60590  -17.711  -3.877  -27.099 0.0000000000
61417  -17.896  -3.167  -27.314 0.0000000000
62225  -18.307  -2.446  -27.966 0.0000000000
66357  -16.976  3.009  -29.299 0.0000000000
124639  -18.588  2.943  -30.615 0.0000000000
65531  -18.034  1.771  -30.038 0.0000000000
126876  -18.348  1.302  -30.292 0.0000000000
64701  -17.233  0.780  -29.267 0.0000000000
65526  -17.922  0.867  -29.854 0.0000000000
65532  -18.553  0.730  -30.351 0.0000000000
64710  -19.000  0.094  -30.465 0.0000000000
63074  -19.801  -1.212  -30.165 0.0000000000
80280  -23.626  19.399  -33.577 0.0000000000
122493  -23.591  18.474  -33.525 0.0000000000
79555  -23.421  17.676  -33.617 0.0000000000
78764  -22.811  17.123  -33.909 0.0000000000
77995  -23.746  16.701  -33.869 0.0000000000
73029  -16.723  10.174  -31.239 0.0000000000
71405  -17.844  8.880  -32.361 0.0000000000
73030  -17.266  10.101  -31.788 0.0000000000
73857  -17.238  10.893  -31.651 0.0000000000
73864  -17.715  11.330  -32.153 0.0000000000
118603  -17.900  12.056  -32.271 0.0000000000
118598  -18.550  12.201  -32.733 0.0000000000
74676  -18.753  12.996  -33.058 0.0000000000
117927  -19.191  12.243  -33.275 0.0000000000
73875  -20.245  11.500  -33.841 0.0000000000
73886  -21.814  11.310  -34.407 0.0000000000
73058  -21.472  10.399  -34.314 0.0000000000
73887  -22.573  11.309  -34.393 0.0000000000
73888  -23.175  11.336  -34.226 0.0000000000
73877  -24.506  11.330  -33.710 0.0000000000
73878  -25.398  11.253  -33.514 0.0000000000
117415  -25.825  10.367  -33.554 0.0000000000
65550  -24.622  1.175  -32.878 0.0000000000
59699  -20.409  -5.785  -27.339 0.0000000000
70541  -17.656  7.374  -31.666 0.0000000000
119065  -18.121  6.876  -31.988 0.0000000000
70542  -18.225  7.527  -32.294 0.0000000000
69722  -19.387  6.855  -33.043 0.0000000000
69734  -20.233  6.904  -33.548 0.0000000000
69735  -21.184  6.732  -33.724 0.0000000000
68902  -21.394  6.077  -33.317 0.0000000000
68045  -22.030  5.137  -33.128 0.0000000000
68038  -20.800  4.911  -32.513 0.0000000000
68039  -21.561  4.661  -32.780 0.0000000000
68040  -22.306  4.574  -33.019 0.0000000000
67202  -22.661  3.863  -32.907 0.0000000000
67196  -23.082  3.071  -32.776 0.0000000000
66379  -23.510  2.404  -32.730 0.0000000000
66371  -19.425  2.593  -31.216 0.0000000000
65541  -20.397  1.312  -31.526 0.0000000000
66373  -20.612  2.120  -31.726 0.0000000000
124849  -21.273  2.196  -31.928 0.0000000000
63926  -24.722  -0.385  -32.266 0.0000000000
63918  -24.435  -0.989  -31.627 0.0000000000
80272  -25.764  19.203  -33.015 0.0000000000
78760  -19.084  16.863  -33.563 0.0000000000
77990  -19.434  16.770  -33.833 0.0000000000
77991  -20.188  16.367  -34.081 0.0000000000
77210  -19.310  15.540  -33.982 0.0000000000
77219  -20.847  15.847  -34.425 0.0000000000
77212  -21.733  16.020  -34.564 0.0000000000
77213  -22.579  16.180  -35.004 0.0000000000
108006  -23.276  16.239  -35.041 0.0000000000
77994  -23.705  16.145  -34.377 0.0000000000
74678  -20.154  13.014  -33.985 0.0000000000
75518  -20.427  13.757  -34.346 0.0000000000
75527  -22.083  13.760  -34.773 0.0000000000
75528  -22.905  13.796  -34.759 0.0000000000
76369  -22.578  14.567  -34.938 0.0000000000
77214  -23.782  15.318  -34.820 0.0000000000
115793  -24.578  16.185  -33.606 0.0000000000
108113  -22.763  7.408  -33.717 0.0000000000
70575  -23.543  7.184  -33.529 0.0000000000
113177  -24.437  7.235  -33.495 0.0000000000
107675  -24.949  6.507  -33.510 0.0000000000
113188  -25.210  7.246  -33.532 0.0000000000
63864  -17.131  -0.684  -27.524 0.0000000000
62237  -18.147  -1.881  -27.954 0.0000000000
63046  -18.315  -1.608  -28.455 0.0000000000
63059  -18.120  -1.101  -28.607 0.0000000000
63060  -18.607  -1.276  -29.047 0.0000000000
62271  -20.095  -1.980  -29.913 0.0000000000
59712  -20.443  -5.234  -27.922 0.0000000000
60608  -20.417  -4.650  -28.618 0.0000000000
60609  -21.267  -4.511  -28.606 0.0000000000
60624  -20.867  -4.137  -29.263 0.0000000000
61449  -20.552  -3.502  -29.573 0.0000000000
61464  -21.007  -3.116  -30.027 0.0000000000
62272  -20.977  -2.376  -30.338 0.0000000000
61465  -21.808  -2.909  -30.196 0.0000000000
64721  -22.547  0.541  -31.965 0.0000000000
66356  -16.523  2.384  -28.922 0.0000000000
66363  -18.222  2.596  -30.305 0.0000000000
67190  -20.525  3.625  -31.795 0.0000000000
69711  -17.749  6.588  -31.425 0.0000000000
71437  -23.029  8.729  -33.962 0.0000000000
72213  -17.525  9.536  -32.109 0.0000000000
72221  -18.751  9.500  -33.035 0.0000000000
73037  -18.540  10.094  -32.823 0.0000000000
73876  -23.769  11.374  -33.937 0.0000000000
74658  -17.045  12.589  -31.456 0.0000000000
75495  -16.838  13.376  -31.323 0.0000000000
75509  -18.355  13.799  -32.840 0.0000000000
75526  -21.217  13.717  -34.674 0.0000000000
76340  -16.678  14.130  -31.226 0.0000000000
76352  -18.074  14.588  -32.677 0.0000000000
76370  -23.411  14.579  -34.988 0.0000000000
77202  -17.933  15.370  -32.562 0.0000000000
77203  -18.398  15.151  -32.950 0.0000000000
77211  -20.025  15.635  -34.295 0.0000000000
77989  -18.910  16.366  -33.680 0.0000000000
78000  -21.143  16.527  -34.185 0.0000000000
115742  -21.683  9.364  -34.297 0.0000000000
117154  -22.833  12.176  -34.431 0.0000000000
117929  -19.870  12.265  -33.687 0.0000000000
117933  -19.907  10.944  -33.698 0.0000000000
118382  -16.610  10.937  -31.057 0.0000000000
118520  -18.759  10.739  -32.850 0.0000000000
119823  -16.662  14.728  -31.315 0.0000000000
120286  -17.924  16.126  -32.493 0.0000000000
121520  -18.724  1.293  -30.603 0.0000000000
121908  -21.499  17.075  -34.025 0.0000000000
122188  -22.427  1.065  -32.085 0.0000000000
126588  -23.791  4.156  -33.221 0.0000000000
127889  -19.913  -5.525  -27.742 0.0000000000
128863  -23.396  8.419  -33.799 0.0000000000
