#!ascii label  , from subject sub-p021 vox2ras=TkReg
374
62242  -25.600  -1.613  -27.871 0.0000000000
66380  -24.286  2.118  -32.968 0.0000000000
77996  -24.541  16.912  -33.499 0.0000000000
74681  -25.897  12.103  -33.197 0.0000000000
70558  -27.498  7.453  -33.345 0.0000000000
66358  -29.693  2.133  -29.836 0.0000000000
123013  -24.014  18.171  -33.550 0.0000000000
73050  -26.736  10.197  -33.501 0.0000000000
70577  -24.668  7.820  -33.558 0.0000000000
63907  -25.829  -1.022  -31.232 0.0000000000
65554  -27.943  1.628  -32.282 0.0000000000
63064  -28.487  -0.894  -29.328 0.0000000000
59683  -22.627  -5.762  -26.599 0.0000000000
62274  -23.367  -2.378  -30.087 0.0000000000
83509  -23.116  24.315  -34.780 0.0000000000
82251  -24.438  22.956  -34.965 0.0000000000
80973  -26.048  21.101  -33.484 0.0000000000
80273  -26.242  19.265  -32.331 0.0000000000
78732  -26.660  17.463  -31.317 0.0000000000
76364  -24.909  14.866  -33.488 0.0000000000
115424  -27.752  14.541  -31.318 0.0000000000
75502  -28.609  13.021  -31.745 0.0000000000
72207  -29.329  10.035  -31.841 0.0000000000
112330  -29.222  8.080  -30.176 0.0000000000
68049  -26.158  5.027  -33.480 0.0000000000
68021  -28.599  4.619  -31.032 0.0000000000
111284  -24.268  8.648  -33.706 0.0000000000
71419  -23.436  7.944  -33.692 0.0000000000
110654  -26.033  -1.130  -29.634 0.0000000000
63893  -26.895  -0.595  -29.983 0.0000000000
63048  -27.392  -1.329  -28.395 0.0000000000
55166  -23.464  -10.832  -26.563 0.0000000000
55184  -23.052  -10.998  -27.797 0.0000000000
55213  -23.300  -10.369  -28.709 0.0000000000
63092  -23.424  -1.144  -31.315 0.0000000000
110122  -21.844  -2.070  -30.590 0.0000000000
82240  -25.241  22.473  -34.239 0.0000000000
78766  -24.071  17.462  -33.595 0.0000000000
80272  -25.764  19.203  -33.015 0.0000000000
78746  -25.556  17.596  -32.650 0.0000000000
79528  -26.519  18.560  -31.577 0.0000000000
77980  -25.246  16.658  -32.897 0.0000000000
74669  -25.372  13.156  -33.111 0.0000000000
76354  -26.165  14.841  -32.149 0.0000000000
75511  -26.728  13.450  -32.230 0.0000000000
75501  -28.144  13.785  -31.518 0.0000000000
74671  -27.277  12.662  -32.429 0.0000000000
71425  -27.635  8.691  -33.509 0.0000000000
73052  -28.550  10.457  -33.036 0.0000000000
71407  -28.488  8.957  -33.008 0.0000000000
71400  -29.110  9.206  -31.469 0.0000000000
70543  -28.571  7.547  -31.653 0.0000000000
67203  -23.497  3.716  -33.075 0.0000000000
107658  -24.570  5.601  -33.523 0.0000000000
67205  -25.346  3.572  -33.458 0.0000000000
66364  -28.851  2.012  -30.994 0.0000000000
67191  -28.277  3.085  -32.168 0.0000000000
67184  -29.169  3.319  -30.344 0.0000000000
111493  -28.879  5.011  -30.223 0.0000000000
67175  -29.959  3.209  -29.144 0.0000000000
120309  -24.514  -7.634  -26.769 0.0000000000
60579  -22.892  -4.912  -26.713 0.0000000000
59685  -24.595  -5.927  -26.478 0.0000000000
60596  -24.060  -3.998  -26.717 0.0000000000
116169  -24.095  10.634  -33.870 0.0000000000
73879  -26.360  11.161  -33.310 0.0000000000
114475  -25.507  9.547  -33.631 0.0000000000
113184  -26.086  8.496  -33.639 0.0000000000
70579  -26.440  7.211  -33.651 0.0000000000
64729  -25.120  0.320  -32.755 0.0000000000
65559  -26.159  1.975  -33.336 0.0000000000
64731  -26.983  0.188  -32.841 0.0000000000
64724  -28.346  0.692  -31.115 0.0000000000
64704  -29.128  0.284  -30.007 0.0000000000
57095  -23.840  -9.119  -27.432 0.0000000000
65549  -23.560  1.543  -32.540 0.0000000000
63917  -23.778  -0.485  -31.972 0.0000000000
63079  -24.790  -1.536  -30.423 0.0000000000
62241  -24.515  -1.932  -28.447 0.0000000000
84169  -23.151  25.276  -34.337 0.0000000000
122412  -23.125  22.593  -33.789 0.0000000000
82874  -23.659  23.497  -35.303 0.0000000000
82866  -25.300  23.342  -34.356 0.0000000000
82241  -25.985  22.903  -33.522 0.0000000000
82220  -26.759  22.058  -31.953 0.0000000000
80282  -25.231  19.663  -33.533 0.0000000000
80964  -26.420  20.793  -32.653 0.0000000000
81598  -27.084  21.537  -31.370 0.0000000000
80955  -27.191  20.127  -30.860 0.0000000000
80263  -27.154  19.202  -30.849 0.0000000000
78733  -27.486  17.087  -30.703 0.0000000000
77215  -24.290  15.518  -33.915 0.0000000000
77204  -25.451  15.630  -32.721 0.0000000000
77964  -27.213  15.682  -31.185 0.0000000000
77965  -27.810  15.979  -30.715 0.0000000000
76331  -28.465  14.743  -30.852 0.0000000000
75503  -29.349  13.291  -31.401 0.0000000000
73881  -28.089  11.017  -33.098 0.0000000000
73869  -29.324  11.656  -32.313 0.0000000000
107676  -24.064  6.413  -33.497 0.0000000000
69737  -25.727  6.566  -33.569 0.0000000000
68906  -26.877  5.977  -33.527 0.0000000000
67197  -27.275  3.616  -33.049 0.0000000000
68042  -27.638  5.035  -32.744 0.0000000000
69725  -27.953  6.410  -32.467 0.0000000000
119664  -28.727  6.840  -30.760 0.0000000000
110259  -29.489  6.142  -29.190 0.0000000000
61452  -22.878  -3.041  -29.130 0.0000000000
61434  -23.974  -2.649  -27.746 0.0000000000
61421  -25.501  -2.984  -26.590 0.0000000000
63047  -26.306  -1.281  -28.563 0.0000000000
106577  -26.826  -1.019  -29.147 0.0000000000
62243  -26.696  -1.624  -27.638 0.0000000000
127915  -27.585  -1.763  -27.589 0.0000000000
62227  -27.169  -2.217  -26.940 0.0000000000
54248  -25.335  -11.396  -26.247 0.0000000000
54263  -24.383  -10.997  -26.911 0.0000000000
54264  -25.310  -11.332  -27.286 0.0000000000
78767  -24.973  17.538  -33.313 0.0000000000
110323  -24.927  12.213  -33.432 0.0000000000
74680  -24.467  13.128  -33.634 0.0000000000
75510  -25.981  13.560  -32.610 0.0000000000
74670  -26.344  12.813  -32.713 0.0000000000
116891  -27.394  8.016  -33.500 0.0000000000
70580  -28.019  8.099  -33.200 0.0000000000
117554  -28.491  8.197  -32.428 0.0000000000
70559  -28.139  7.307  -32.632 0.0000000000
66386  -23.920  2.967  -33.039 0.0000000000
67204  -24.363  3.769  -33.287 0.0000000000
66387  -24.816  2.802  -33.292 0.0000000000
65535  -29.342  1.675  -30.282 0.0000000000
67183  -28.718  2.969  -31.172 0.0000000000
66365  -29.246  2.490  -30.386 0.0000000000
108024  -29.534  3.677  -29.685 0.0000000000
111103  -29.656  2.850  -29.755 0.0000000000
66359  -30.199  2.331  -29.209 0.0000000000
111576  -24.034  -6.392  -26.541 0.0000000000
73047  -24.008  9.838  -33.914 0.0000000000
73048  -24.826  10.262  -33.707 0.0000000000
72225  -24.646  9.176  -33.737 0.0000000000
71421  -24.791  8.207  -33.586 0.0000000000
113176  -24.912  8.530  -33.612 0.0000000000
71422  -25.579  8.164  -33.624 0.0000000000
71423  -26.368  8.082  -33.668 0.0000000000
70578  -25.390  7.749  -33.595 0.0000000000
63927  -25.672  -0.276  -32.458 0.0000000000
64730  -26.178  0.320  -33.027 0.0000000000
63928  -26.423  -0.136  -32.513 0.0000000000
63894  -27.894  -0.305  -29.890 0.0000000000
63909  -27.476  -0.321  -30.886 0.0000000000
63910  -28.345  0.130  -30.516 0.0000000000
64712  -28.821  0.602  -30.513 0.0000000000
63895  -28.821  -0.258  -29.748 0.0000000000
123666  -29.510  -0.121  -29.571 0.0000000000
55164  -21.980  -10.625  -25.772 0.0000000000
55148  -22.733  -10.882  -25.080 0.0000000000
55225  -24.606  -10.088  -30.028 0.0000000000
64728  -23.987  0.414  -32.430 0.0000000000
63078  -23.406  -1.855  -30.661 0.0000000000
63093  -24.214  -1.500  -30.945 0.0000000000
62275  -24.082  -1.935  -30.247 0.0000000000
62258  -24.639  -1.706  -29.567 0.0000000000
62257  -23.932  -2.227  -29.469 0.0000000000
83499  -23.079  23.999  -33.355 0.0000000000
84160  -23.140  24.991  -33.107 0.0000000000
84181  -23.575  24.981  -35.148 0.0000000000
82250  -23.728  22.636  -34.925 0.0000000000
82875  -24.465  23.809  -35.086 0.0000000000
83510  -25.419  24.189  -34.341 0.0000000000
81621  -25.975  22.011  -33.545 0.0000000000
82230  -26.459  22.485  -32.700 0.0000000000
81609  -26.411  21.630  -32.752 0.0000000000
123959  -25.138  18.879  -33.351 0.0000000000
127831  -26.146  19.654  -32.830 0.0000000000
118417  -26.378  20.021  -32.386 0.0000000000
81597  -26.665  21.335  -32.050 0.0000000000
80954  -26.775  20.640  -31.621 0.0000000000
81591  -27.394  20.971  -30.846 0.0000000000
80262  -26.679  19.642  -31.536 0.0000000000
79529  -27.271  18.161  -30.787 0.0000000000
75519  -24.056  13.930  -34.084 0.0000000000
76363  -24.213  14.745  -34.046 0.0000000000
110439  -24.985  15.471  -33.383 0.0000000000
76353  -25.495  14.909  -32.836 0.0000000000
76346  -26.849  14.801  -31.663 0.0000000000
77205  -26.231  15.359  -31.907 0.0000000000
77194  -27.063  15.201  -31.434 0.0000000000
77195  -27.790  15.175  -30.988 0.0000000000
77196  -28.363  15.315  -30.707 0.0000000000
126755  -28.748  13.534  -31.403 0.0000000000
74663  -29.376  12.524  -31.955 0.0000000000
73880  -27.325  11.085  -33.211 0.0000000000
73051  -27.751  10.297  -33.377 0.0000000000
72215  -29.070  10.236  -32.552 0.0000000000
73038  -29.063  10.912  -32.623 0.0000000000
73039  -29.394  10.823  -32.097 0.0000000000
117045  -29.767  12.126  -31.927 0.0000000000
73859  -29.729  11.442  -31.703 0.0000000000
71390  -29.112  8.577  -30.725 0.0000000000
70517  -29.470  7.909  -29.490 0.0000000000
127764  -22.762  6.733  -33.567 0.0000000000
128633  -25.670  4.917  -33.519 0.0000000000
68904  -25.506  5.636  -33.540 0.0000000000
68905  -26.259  5.874  -33.537 0.0000000000
69738  -26.389  6.638  -33.603 0.0000000000
68050  -26.775  5.171  -33.451 0.0000000000
65560  -26.953  1.645  -33.272 0.0000000000
66389  -26.570  2.583  -33.389 0.0000000000
66390  -27.352  2.608  -33.128 0.0000000000
68033  -28.439  3.860  -31.646 0.0000000000
67198  -27.866  3.995  -32.528 0.0000000000
109055  -28.243  4.749  -32.017 0.0000000000
68896  -27.997  5.604  -32.310 0.0000000000
68885  -28.395  5.402  -31.529 0.0000000000
112199  -28.513  6.038  -31.151 0.0000000000
68876  -28.627  5.390  -30.833 0.0000000000
67999  -29.638  4.829  -29.061 0.0000000000
68868  -29.287  5.481  -29.573 0.0000000000
60581  -24.586  -4.903  -26.453 0.0000000000
61420  -24.460  -3.103  -26.875 0.0000000000
61409  -25.052  -3.884  -26.499 0.0000000000
61435  -24.974  -2.317  -27.326 0.0000000000
60582  -25.779  -4.691  -26.295 0.0000000000
72224  -23.824  9.141  -33.900 0.0000000000
71420  -24.037  8.283  -33.653 0.0000000000
70576  -24.044  7.784  -33.568 0.0000000000
63908  -26.606  -0.660  -31.105 0.0000000000
63081  -26.182  -0.939  -30.495 0.0000000000
63063  -27.599  -0.924  -29.265 0.0000000000
119808  -28.223  -1.374  -28.833 0.0000000000
62228  -28.092  -2.226  -27.163 0.0000000000
54247  -24.717  -11.182  -25.585 0.0000000000
55199  -22.505  -10.898  -28.438 0.0000000000
55200  -23.018  -10.651  -28.555 0.0000000000
117712  -24.159  -10.732  -29.172 0.0000000000
111430  -23.020  -0.497  -31.655 0.0000000000
63091  -22.452  -0.888  -31.311 0.0000000000
63077  -22.597  -1.605  -30.870 0.0000000000
62273  -22.627  -2.326  -30.435 0.0000000000
82857  -23.048  23.153  -33.139 0.0000000000
81629  -24.475  22.130  -34.576 0.0000000000
117232  -25.294  21.590  -34.032 0.0000000000
79556  -24.694  18.229  -33.434 0.0000000000
79537  -25.375  18.324  -33.096 0.0000000000
79538  -25.920  18.456  -32.496 0.0000000000
119898  -26.068  17.770  -31.977 0.0000000000
119826  -25.997  16.795  -31.916 0.0000000000
75520  -24.735  14.030  -33.543 0.0000000000
75521  -25.442  14.151  -32.978 0.0000000000
118335  -26.116  14.194  -32.334 0.0000000000
76355  -27.033  14.126  -31.737 0.0000000000
75512  -27.668  13.290  -31.892 0.0000000000
112464  -28.044  12.586  -32.137 0.0000000000
72228  -27.272  9.417  -33.576 0.0000000000
72229  -28.156  9.587  -33.347 0.0000000000
125669  -28.698  9.744  -32.936 0.0000000000
72206  -28.938  9.514  -32.388 0.0000000000
71399  -28.769  8.861  -32.199 0.0000000000
71389  -28.783  8.382  -31.529 0.0000000000
70529  -28.854  7.817  -30.777 0.0000000000
107659  -23.621  5.457  -33.437 0.0000000000
68047  -24.096  4.705  -33.384 0.0000000000
68048  -25.061  4.645  -33.529 0.0000000000
114387  -25.868  4.268  -33.515 0.0000000000
65544  -28.364  1.457  -31.470 0.0000000000
66382  -27.978  2.400  -32.609 0.0000000000
66374  -28.379  2.261  -31.813 0.0000000000
116199  -28.749  3.783  -30.863 0.0000000000
68022  -29.049  4.157  -30.273 0.0000000000
68012  -29.379  4.526  -29.622 0.0000000000
67165  -29.860  4.012  -28.979 0.0000000000
68000  -30.006  4.685  -28.450 0.0000000000
121168  -30.153  3.489  -28.749 0.0000000000
58832  -23.258  -6.495  -26.544 0.0000000000
113471  -23.915  -7.175  -26.626 0.0000000000
59684  -23.650  -5.556  -26.539 0.0000000000
60580  -23.661  -4.690  -26.618 0.0000000000
60595  -23.186  -4.160  -26.998 0.0000000000
73877  -24.506  11.330  -33.710 0.0000000000
73878  -25.398  11.253  -33.514 0.0000000000
117415  -25.825  10.367  -33.554 0.0000000000
73049  -26.101  9.824  -33.596 0.0000000000
72226  -25.479  8.769  -33.627 0.0000000000
72227  -26.280  9.214  -33.623 0.0000000000
113913  -26.764  8.629  -33.650 0.0000000000
71424  -26.967  8.192  -33.643 0.0000000000
116476  -26.804  7.632  -33.647 0.0000000000
65550  -24.622  1.175  -32.878 0.0000000000
66381  -25.322  1.823  -33.226 0.0000000000
65551  -26.186  1.191  -33.264 0.0000000000
65552  -26.827  0.751  -33.168 0.0000000000
65553  -27.413  0.963  -32.807 0.0000000000
63921  -26.945  -0.138  -31.845 0.0000000000
64732  -27.366  0.415  -32.160 0.0000000000
65543  -27.821  0.909  -31.857 0.0000000000
65534  -28.844  1.216  -30.748 0.0000000000
64713  -29.358  0.900  -30.164 0.0000000000
65527  -29.949  1.360  -29.612 0.0000000000
64705  -29.772  0.455  -29.615 0.0000000000
63049  -28.970  -1.484  -28.796 0.0000000000
55147  -21.950  -10.926  -24.816 0.0000000000
58831  -22.248  -6.724  -26.513 0.0000000000
124395  -23.147  -9.164  -27.057 0.0000000000
113765  -23.764  -8.226  -26.836 0.0000000000
57110  -24.513  -9.070  -27.886 0.0000000000
56183  -24.630  -9.357  -28.837 0.0000000000
63926  -24.722  -0.385  -32.266 0.0000000000
63919  -25.324  -0.827  -31.831 0.0000000000
63918  -24.435  -0.989  -31.627 0.0000000000
63094  -25.044  -1.295  -31.176 0.0000000000
63080  -25.518  -1.250  -30.509 0.0000000000
62259  -25.353  -1.437  -28.958 0.0000000000
82865  -23.163  23.195  -34.439 0.0000000000
83518  -23.835  24.346  -35.363 0.0000000000
82867  -26.116  23.750  -33.529 0.0000000000
82858  -26.581  23.337  -32.668 0.0000000000
82231  -26.916  22.893  -31.896 0.0000000000
80972  -25.318  20.637  -33.807 0.0000000000
80283  -26.039  20.130  -33.238 0.0000000000
82221  -27.361  22.354  -31.335 0.0000000000
82215  -27.736  21.793  -30.775 0.0000000000
80944  -27.835  20.476  -30.546 0.0000000000
115793  -24.578  16.185  -33.606 0.0000000000
77981  -25.767  16.025  -32.152 0.0000000000
119538  -26.896  16.459  -31.198 0.0000000000
120041  -28.432  16.800  -30.440 0.0000000000
76347  -28.739  14.026  -31.101 0.0000000000
75488  -29.510  13.934  -30.871 0.0000000000
73866  -26.880  11.953  -32.964 0.0000000000
73867  -27.881  11.824  -32.699 0.0000000000
73868  -28.643  11.359  -32.738 0.0000000000
74672  -28.719  12.199  -32.344 0.0000000000
72199  -29.464  9.858  -30.957 0.0000000000
70575  -23.543  7.184  -33.529 0.0000000000
113177  -24.437  7.235  -33.495 0.0000000000
107675  -24.949  6.507  -33.510 0.0000000000
113188  -25.210  7.246  -33.532 0.0000000000
115641  -25.898  7.214  -33.633 0.0000000000
69739  -27.017  6.815  -33.556 0.0000000000
69724  -27.584  6.807  -33.089 0.0000000000
66388  -25.734  2.682  -33.423 0.0000000000
67206  -26.202  3.418  -33.485 0.0000000000
125243  -26.654  4.200  -33.387 0.0000000000
114481  -27.794  3.127  -32.742 0.0000000000
68041  -27.215  4.557  -33.117 0.0000000000
111570  -27.179  5.344  -33.279 0.0000000000
117025  -27.424  5.999  -33.077 0.0000000000
69714  -28.393  6.694  -31.761 0.0000000000
109868  -28.811  5.878  -30.352 0.0000000000
69701  -29.150  6.458  -29.833 0.0000000000
70530  -29.153  7.358  -30.026 0.0000000000
62256  -22.684  -2.831  -29.887 0.0000000000
128311  -23.295  -2.638  -29.495 0.0000000000
61419  -23.557  -3.413  -27.324 0.0000000000
62240  -23.615  -2.596  -28.747 0.0000000000
62226  -26.091  -2.207  -26.994 0.0000000000
56181  -22.969  -9.896  -27.811 0.0000000000
56182  -23.751  -9.655  -28.487 0.0000000000
57096  -24.746  -8.375  -27.177 0.0000000000
57979  -23.051  -7.485  -26.571 0.0000000000
61410  -25.938  -3.745  -26.363 0.0000000000
61433  -23.184  -3.159  -28.232 0.0000000000
63062  -25.259  -1.410  -29.826 0.0000000000
63920  -26.154  -0.592  -31.895 0.0000000000
64723  -27.714  0.235  -31.414 0.0000000000
68851  -29.698  5.479  -28.796 0.0000000000
77963  -26.476  15.874  -31.602 0.0000000000
108615  -25.247  -6.285  -26.452 0.0000000000
111765  -27.612  1.803  -32.930 0.0000000000
112895  -25.506  0.914  -33.110 0.0000000000
112987  -28.234  6.031  -31.830 0.0000000000
115182  -26.836  3.275  -33.348 0.0000000000
121223  -26.085  7.669  -33.674 0.0000000000
128863  -23.396  8.419  -33.799 0.0000000000
