#!ascii label  , from subject sub-p021 vox2ras=TkReg
284
22606  38.181  -47.033  -13.978 0.0000000000
20958  39.736  -49.806  -20.358 0.0000000000
22601  44.869  -48.337  -13.798 0.0000000000
25069  40.706  -44.215  -18.602 0.0000000000
21806  47.024  -48.487  -19.533 0.0000000000
110967  45.951  -47.797  -17.052 0.0000000000
20916  48.602  -49.604  -16.543 0.0000000000
22692  40.659  -46.963  -20.375 0.0000000000
24268  37.215  -45.354  -18.406 0.0000000000
109682  41.091  -48.051  -13.686 0.0000000000
23430  42.564  -46.397  -17.108 0.0000000000
23481  43.810  -46.648  -19.303 0.0000000000
21833  43.673  -48.447  -21.073 0.0000000000
19156  46.833  -51.478  -21.019 0.0000000000
22538  36.672  -47.249  -11.251 0.0000000000
22514  40.574  -47.670  -10.934 0.0000000000
21695  43.795  -48.163  -11.285 0.0000000000
26779  38.229  -42.601  -17.641 0.0000000000
20890  48.513  -49.444  -14.982 0.0000000000
113808  40.315  -48.328  -20.289 0.0000000000
22682  38.242  -47.601  -19.578 0.0000000000
109285  42.710  -48.261  -13.827 0.0000000000
22619  43.717  -47.849  -15.682 0.0000000000
22666  46.655  -48.041  -18.526 0.0000000000
23445  45.219  -47.343  -18.633 0.0000000000
22679  45.594  -47.739  -19.440 0.0000000000
120557  43.687  -46.993  -20.043 0.0000000000
21818  45.829  -48.420  -20.495 0.0000000000
19158  45.560  -51.350  -21.431 0.0000000000
22496  42.208  -47.879  -9.797 0.0000000000
113623  42.449  -47.999  -11.186 0.0000000000
107558  43.504  -48.250  -9.818 0.0000000000
24229  40.479  -45.231  -17.471 0.0000000000
25884  39.524  -43.088  -18.166 0.0000000000
24245  35.538  -45.269  -17.514 0.0000000000
25050  36.286  -44.027  -17.606 0.0000000000
21734  46.537  -48.404  -14.172 0.0000000000
122515  45.628  -48.245  -15.415 0.0000000000
129888  47.360  -48.503  -15.534 0.0000000000
21788  47.720  -48.564  -17.211 0.0000000000
21794  48.415  -49.204  -17.788 0.0000000000
23493  40.681  -45.389  -20.049 0.0000000000
25079  39.113  -43.812  -19.177 0.0000000000
23483  39.054  -45.931  -19.651 0.0000000000
118942  36.532  -46.373  -18.377 0.0000000000
19147  39.534  -51.740  -20.625 0.0000000000
107424  39.858  -47.509  -14.184 0.0000000000
23432  40.925  -46.118  -16.731 0.0000000000
24241  41.891  -45.230  -18.370 0.0000000000
115244  44.267  -47.499  -16.553 0.0000000000
23447  43.651  -46.309  -18.192 0.0000000000
25067  41.914  -45.253  -19.078 0.0000000000
23491  41.769  -46.156  -20.316 0.0000000000
21822  41.860  -47.763  -20.946 0.0000000000
20956  42.357  -49.723  -20.899 0.0000000000
20075  47.259  -50.073  -20.675 0.0000000000
20092  45.258  -50.328  -21.304 0.0000000000
20093  43.864  -50.561  -21.080 0.0000000000
20077  42.179  -50.788  -20.699 0.0000000000
110880  36.452  -46.878  -12.704 0.0000000000
22560  37.686  -47.411  -12.350 0.0000000000
113985  38.775  -47.535  -10.851 0.0000000000
22558  39.550  -47.722  -12.710 0.0000000000
108477  41.184  -48.160  -12.895 0.0000000000
22580  42.665  -48.318  -12.813 0.0000000000
22553  44.103  -48.358  -12.389 0.0000000000
108301  45.361  -48.384  -11.243 0.0000000000
21707  46.031  -48.406  -12.504 0.0000000000
25072  37.961  -43.321  -18.569 0.0000000000
23392  37.382  -46.816  -13.709 0.0000000000
23408  36.848  -46.228  -14.202 0.0000000000
23407  37.629  -46.471  -14.482 0.0000000000
126230  40.240  -49.059  -20.383 0.0000000000
113630  38.930  -48.671  -19.950 0.0000000000
22602  43.835  -48.323  -13.805 0.0000000000
115125  43.242  -48.132  -14.754 0.0000000000
118721  44.302  -48.266  -14.717 0.0000000000
21796  47.254  -48.395  -18.830 0.0000000000
22667  45.829  -47.715  -18.889 0.0000000000
22688  46.230  -48.090  -19.851 0.0000000000
22689  45.345  -47.799  -20.023 0.0000000000
21817  46.768  -48.826  -20.243 0.0000000000
17389  45.109  -53.829  -21.641 0.0000000000
21684  42.914  -47.913  -10.082 0.0000000000
116719  41.088  -44.749  -18.251 0.0000000000
25047  39.858  -43.577  -17.829 0.0000000000
117100  40.069  -43.637  -18.631 0.0000000000
25051  35.020  -44.358  -17.131 0.0000000000
21751  47.421  -48.564  -14.654 0.0000000000
21733  48.081  -48.912  -14.196 0.0000000000
20902  48.539  -49.517  -15.765 0.0000000000
21764  48.223  -48.964  -16.260 0.0000000000
21763  48.465  -49.282  -16.337 0.0000000000
129855  48.072  -48.821  -17.714 0.0000000000
20931  48.664  -49.744  -17.412 0.0000000000
109109  40.301  -46.265  -20.219 0.0000000000
114273  39.904  -45.479  -19.989 0.0000000000
23482  39.641  -46.424  -19.950 0.0000000000
23484  37.811  -46.991  -19.221 0.0000000000
22668  36.989  -47.248  -18.922 0.0000000000
23474  35.563  -46.883  -18.194 0.0000000000
22604  40.591  -47.674  -14.362 0.0000000000
23450  41.392  -45.571  -17.559 0.0000000000
23449  42.095  -45.861  -17.594 0.0000000000
22617  45.795  -48.078  -16.048 0.0000000000
22632  45.140  -47.697  -16.538 0.0000000000
23469  44.456  -46.912  -18.963 0.0000000000
23446  44.551  -46.837  -18.277 0.0000000000
23470  43.802  -46.408  -18.850 0.0000000000
24264  42.455  -45.494  -18.846 0.0000000000
24263  43.097  -46.043  -19.217 0.0000000000
24282  42.003  -45.772  -19.791 0.0000000000
23489  43.265  -46.448  -19.727 0.0000000000
21820  44.262  -47.985  -20.829 0.0000000000
128053  42.714  -47.360  -20.809 0.0000000000
21821  42.812  -48.158  -21.049 0.0000000000
20975  42.070  -48.883  -21.013 0.0000000000
20974  42.958  -49.129  -21.096 0.0000000000
15610  46.302  -55.364  -19.128 0.0000000000
125136  46.805  -52.209  -20.884 0.0000000000
17376  46.933  -53.166  -20.362 0.0000000000
19142  47.381  -51.566  -20.415 0.0000000000
20090  46.772  -50.689  -21.088 0.0000000000
20970  46.556  -49.906  -21.045 0.0000000000
20091  46.102  -50.552  -21.318 0.0000000000
19159  44.710  -52.240  -21.283 0.0000000000
108565  44.673  -51.017  -21.195 0.0000000000
20076  43.211  -51.252  -20.808 0.0000000000
19144  42.556  -52.085  -20.705 0.0000000000
23379  36.016  -46.881  -11.930 0.0000000000
22561  36.873  -47.239  -12.149 0.0000000000
22535  39.624  -47.593  -10.906 0.0000000000
116038  39.140  -47.623  -11.737 0.0000000000
113979  40.051  -47.805  -11.733 0.0000000000
22557  40.541  -47.998  -12.417 0.0000000000
126784  40.789  -47.910  -11.697 0.0000000000
22532  43.002  -48.189  -11.649 0.0000000000
22555  42.611  -48.284  -12.182 0.0000000000
22531  43.749  -48.300  -11.891 0.0000000000
22554  43.272  -48.335  -12.302 0.0000000000
20848  46.685  -49.503  -10.883 0.0000000000
21680  46.193  -48.642  -11.124 0.0000000000
115735  45.787  -48.414  -11.835 0.0000000000
119371  38.334  -44.077  -18.954 0.0000000000
25071  38.701  -43.070  -18.850 0.0000000000
25073  37.172  -44.238  -18.158 0.0000000000
25888  36.771  -42.524  -17.540 0.0000000000
111408  40.335  -47.666  -20.194 0.0000000000
22693  39.869  -47.214  -19.989 0.0000000000
22603  41.592  -47.932  -14.415 0.0000000000
123265  42.374  -47.942  -14.843 0.0000000000
22633  43.213  -47.115  -16.597 0.0000000000
22651  46.883  -48.090  -17.861 0.0000000000
22652  45.549  -47.396  -17.950 0.0000000000
107299  46.083  -47.720  -18.297 0.0000000000
23468  45.010  -47.408  -19.155 0.0000000000
125499  44.392  -47.088  -19.320 0.0000000000
23488  44.056  -46.999  -19.631 0.0000000000
22680  44.804  -47.409  -19.595 0.0000000000
21819  44.986  -48.126  -20.690 0.0000000000
21832  44.514  -48.671  -21.102 0.0000000000
19157  46.296  -51.477  -21.346 0.0000000000
108028  45.677  -52.546  -21.489 0.0000000000
18260  44.885  -53.277  -21.572 0.0000000000
22513  41.385  -47.713  -10.630 0.0000000000
22534  41.358  -47.892  -11.369 0.0000000000
22512  42.203  -47.830  -10.492 0.0000000000
22511  43.024  -47.992  -10.873 0.0000000000
21683  43.761  -48.112  -10.454 0.0000000000
25048  39.102  -43.194  -17.571 0.0000000000
25885  38.819  -42.710  -17.874 0.0000000000
24244  36.444  -45.267  -17.912 0.0000000000
21735  45.766  -48.358  -13.750 0.0000000000
119883  45.471  -48.333  -14.665 0.0000000000
21752  46.442  -48.359  -15.247 0.0000000000
21766  46.745  -48.267  -16.251 0.0000000000
21765  47.616  -48.550  -16.284 0.0000000000
22631  46.938  -48.150  -17.115 0.0000000000
21795  47.962  -48.812  -18.384 0.0000000000
24275  41.027  -44.887  -19.430 0.0000000000
25078  39.920  -43.839  -19.126 0.0000000000
24276  40.351  -44.583  -19.581 0.0000000000
24266  38.674  -44.963  -19.275 0.0000000000
24267  37.938  -45.249  -18.831 0.0000000000
127170  38.483  -46.776  -19.472 0.0000000000
23473  37.464  -46.280  -18.777 0.0000000000
23451  35.842  -46.042  -17.885 0.0000000000
23452  35.064  -46.215  -17.642 0.0000000000
20079  40.072  -50.775  -20.496 0.0000000000
22583  39.502  -47.566  -13.630 0.0000000000
23406  38.344  -46.697  -14.692 0.0000000000
22605  39.044  -47.227  -14.361 0.0000000000
24265  41.317  -44.758  -18.732 0.0000000000
108263  44.918  -47.292  -17.335 0.0000000000
22653  43.982  -46.861  -17.409 0.0000000000
23429  43.250  -46.477  -17.470 0.0000000000
23448  42.788  -45.862  -18.075 0.0000000000
111728  41.747  -45.046  -18.869 0.0000000000
25068  41.287  -44.764  -18.990 0.0000000000
24274  41.602  -45.278  -19.382 0.0000000000
24283  41.369  -45.556  -19.915 0.0000000000
23492  41.026  -46.151  -20.377 0.0000000000
108368  43.023  -46.810  -20.354 0.0000000000
113900  42.217  -46.769  -20.630 0.0000000000
112110  41.395  -46.859  -20.665 0.0000000000
21823  40.912  -47.707  -20.605 0.0000000000
20957  41.043  -48.744  -20.665 0.0000000000
109704  40.597  -49.788  -20.537 0.0000000000
20943  48.335  -49.682  -18.947 0.0000000000
16507  46.994  -53.810  -19.877 0.0000000000
110160  47.737  -49.872  -20.088 0.0000000000
20954  47.407  -49.472  -20.184 0.0000000000
20955  46.222  -49.137  -20.876 0.0000000000
21831  45.367  -48.843  -21.044 0.0000000000
20972  44.861  -49.482  -21.231 0.0000000000
110544  44.487  -50.134  -21.223 0.0000000000
20973  43.887  -49.485  -21.182 0.0000000000
20094  43.057  -50.137  -20.957 0.0000000000
125812  41.537  -49.770  -20.739 0.0000000000
20078  41.045  -50.772  -20.597 0.0000000000
19146  40.465  -51.786  -20.599 0.0000000000
24183  34.959  -45.779  -12.775 0.0000000000
119970  35.223  -46.293  -12.085 0.0000000000
23394  35.755  -46.336  -12.947 0.0000000000
23393  36.587  -46.583  -13.418 0.0000000000
22586  37.118  -47.146  -12.961 0.0000000000
22585  37.941  -47.285  -13.178 0.0000000000
22515  39.169  -47.472  -9.983 0.0000000000
22537  37.450  -47.427  -11.470 0.0000000000
22536  38.262  -47.537  -11.631 0.0000000000
22559  38.558  -47.523  -12.523 0.0000000000
22584  38.785  -47.439  -13.415 0.0000000000
22582  40.331  -47.842  -13.412 0.0000000000
22533  42.095  -48.132  -11.722 0.0000000000
108410  41.969  -48.254  -12.487 0.0000000000
22581  41.863  -48.222  -13.335 0.0000000000
22579  43.506  -48.360  -12.985 0.0000000000
22578  44.461  -48.357  -13.045 0.0000000000
21694  44.629  -48.301  -11.727 0.0000000000
21708  45.061  -48.340  -12.431 0.0000000000
21720  45.442  -48.357  -13.093 0.0000000000
25070  39.401  -43.218  -18.704 0.0000000000
25907  38.922  -42.751  -18.349 0.0000000000
26796  38.411  -42.604  -18.025 0.0000000000
25049  37.365  -43.114  -17.930 0.0000000000
25887  37.567  -42.510  -17.662 0.0000000000
15598  46.711  -54.788  -19.094 0.0000000000
17388  46.440  -53.067  -20.970 0.0000000000
18258  46.988  -52.520  -20.577 0.0000000000
20038  48.668  -49.947  -16.099 0.0000000000
20089  47.216  -50.808  -20.746 0.0000000000
20971  45.734  -49.676  -21.174 0.0000000000
21749  48.424  -49.236  -15.519 0.0000000000
21786  48.525  -49.328  -17.004 0.0000000000
21787  48.340  -49.061  -17.047 0.0000000000
21816  47.458  -48.990  -19.767 0.0000000000
22497  41.525  -47.725  -9.885 0.0000000000
22556  41.331  -48.119  -12.083 0.0000000000
22650  47.462  -48.426  -18.097 0.0000000000
22678  46.436  -48.037  -19.182 0.0000000000
22681  39.079  -47.022  -19.716 0.0000000000
22690  44.421  -47.498  -20.176 0.0000000000
22691  43.549  -47.540  -20.659 0.0000000000
23471  43.194  -45.953  -18.723 0.0000000000
23472  38.251  -46.090  -19.158 0.0000000000
23490  42.522  -46.220  -20.100 0.0000000000
24242  40.503  -44.068  -18.000 0.0000000000
24273  42.410  -45.676  -19.202 0.0000000000
24277  39.522  -44.636  -19.589 0.0000000000
24281  42.585  -45.971  -19.588 0.0000000000
25046  40.150  -43.639  -18.254 0.0000000000
25077  40.622  -44.208  -19.044 0.0000000000
25886  37.976  -42.670  -18.115 0.0000000000
25908  38.401  -42.743  -18.458 0.0000000000
107871  36.205  -47.236  -18.639 0.0000000000
114300  46.320  -47.814  -17.719 0.0000000000
114333  39.635  -48.902  -20.150 0.0000000000
115810  41.901  -47.893  -11.097 0.0000000000
118180  37.712  -44.441  -18.609 0.0000000000
123060  44.025  -51.503  -20.997 0.0000000000
123136  46.884  -49.486  -20.662 0.0000000000
123529  46.747  -54.420  -19.672 0.0000000000
126961  42.073  -45.611  -19.384 0.0000000000
128083  46.778  -49.033  -11.113 0.0000000000
