#!ascii label  , from subject sub-p021 vox2ras=TkReg
286
69057  23.551  5.075  -36.731 0.0000000000
126559  21.740  -3.124  -33.107 0.0000000000
111384  22.772  10.893  -33.700 0.0000000000
80977  22.705  20.246  -36.278 0.0000000000
60624  20.524  -5.182  -32.385 0.0000000000
74582  26.184  12.919  -34.286 0.0000000000
77127  25.787  15.525  -33.578 0.0000000000
67273  21.746  3.050  -34.074 0.0000000000
64727  21.982  0.006  -35.490 0.0000000000
66374  24.033  2.067  -37.673 0.0000000000
70613  24.479  7.211  -38.579 0.0000000000
68215  25.093  4.067  -39.188 0.0000000000
70572  23.872  7.636  -34.022 0.0000000000
72122  25.051  9.848  -36.540 0.0000000000
78760  22.856  18.066  -35.185 0.0000000000
79495  26.213  18.632  -34.070 0.0000000000
63124  22.354  -1.885  -33.998 0.0000000000
76290  24.580  14.410  -33.437 0.0000000000
77129  24.038  15.766  -33.937 0.0000000000
68195  22.901  3.814  -35.329 0.0000000000
66360  22.740  2.358  -35.807 0.0000000000
67291  23.466  3.176  -37.595 0.0000000000
61483  20.595  -3.873  -32.877 0.0000000000
71335  23.866  9.226  -33.752 0.0000000000
72123  24.895  8.950  -35.371 0.0000000000
72884  25.338  10.526  -34.552 0.0000000000
76317  26.893  13.839  -35.912 0.0000000000
74614  26.136  12.357  -36.458 0.0000000000
80989  20.749  20.796  -36.433 0.0000000000
79507  20.866  18.509  -35.916 0.0000000000
80253  22.421  19.592  -35.836 0.0000000000
110228  27.825  22.508  -35.895 0.0000000000
81694  28.134  21.200  -35.257 0.0000000000
80967  26.880  20.159  -34.827 0.0000000000
80965  28.402  19.546  -34.646 0.0000000000
78747  28.493  17.738  -34.655 0.0000000000
64734  23.089  -0.252  -36.299 0.0000000000
63937  22.689  -0.996  -35.650 0.0000000000
59730  20.012  -5.856  -32.190 0.0000000000
123443  24.994  12.047  -33.609 0.0000000000
120087  24.456  12.888  -33.358 0.0000000000
75434  26.423  13.699  -34.030 0.0000000000
115042  27.763  15.281  -34.966 0.0000000000
65529  20.841  0.957  -34.077 0.0000000000
65527  22.107  1.386  -35.076 0.0000000000
64735  23.142  0.534  -36.607 0.0000000000
116551  23.915  0.999  -36.322 0.0000000000
126234  24.101  5.830  -38.181 0.0000000000
68212  23.935  4.395  -38.780 0.0000000000
69073  23.953  5.092  -38.852 0.0000000000
69032  22.799  5.176  -34.154 0.0000000000
69819  22.573  6.867  -33.644 0.0000000000
112145  23.702  6.262  -34.731 0.0000000000
70596  24.426  7.297  -36.087 0.0000000000
71375  24.674  9.071  -37.340 0.0000000000
72926  24.475  9.908  -39.026 0.0000000000
73775  25.729  11.364  -34.973 0.0000000000
73802  25.339  11.234  -37.329 0.0000000000
78753  22.494  17.143  -34.913 0.0000000000
118471  24.893  20.521  -36.415 0.0000000000
80252  24.577  19.273  -35.362 0.0000000000
116520  24.477  18.674  -34.723 0.0000000000
77944  23.899  17.224  -34.107 0.0000000000
77943  26.914  16.776  -33.798 0.0000000000
77954  28.073  16.021  -34.694 0.0000000000
110305  20.699  -2.206  -33.595 0.0000000000
64728  21.473  -0.067  -34.598 0.0000000000
67298  24.692  3.255  -38.661 0.0000000000
66366  24.665  2.068  -37.411 0.0000000000
76277  23.479  15.472  -33.910 0.0000000000
77141  23.422  16.075  -34.178 0.0000000000
68194  23.222  4.419  -35.954 0.0000000000
67282  23.178  3.523  -36.583 0.0000000000
68204  23.520  4.205  -37.554 0.0000000000
59718  18.650  -6.148  -30.855 0.0000000000
58842  19.600  -6.492  -31.552 0.0000000000
61482  21.353  -3.833  -32.800 0.0000000000
116030  23.485  9.747  -33.627 0.0000000000
72869  24.249  9.957  -33.702 0.0000000000
117728  24.193  10.699  -33.569 0.0000000000
76316  27.312  14.504  -36.430 0.0000000000
76325  26.793  13.878  -36.979 0.0000000000
80260  21.706  20.195  -36.385 0.0000000000
80978  20.908  19.915  -36.263 0.0000000000
120450  23.154  19.826  -35.768 0.0000000000
80971  28.578  20.327  -34.874 0.0000000000
120455  29.076  19.432  -34.919 0.0000000000
64726  23.317  -0.282  -35.678 0.0000000000
62312  19.519  -2.763  -32.632 0.0000000000
124337  23.951  13.828  -33.286 0.0000000000
76275  25.305  14.852  -33.494 0.0000000000
124789  25.365  14.115  -33.419 0.0000000000
76274  26.167  14.838  -33.560 0.0000000000
76289  26.646  14.431  -33.926 0.0000000000
77140  26.759  15.300  -33.754 0.0000000000
81709  21.783  21.535  -36.876 0.0000000000
124791  21.672  2.259  -34.323 0.0000000000
66351  22.243  2.338  -34.932 0.0000000000
67292  23.055  2.564  -36.844 0.0000000000
65544  22.942  1.499  -36.771 0.0000000000
65543  23.660  1.341  -37.150 0.0000000000
65536  23.492  0.682  -36.628 0.0000000000
65535  24.132  1.290  -37.052 0.0000000000
60625  19.697  -4.885  -32.179 0.0000000000
110070  24.265  6.180  -38.370 0.0000000000
69065  23.933  5.445  -38.783 0.0000000000
69859  24.318  5.865  -38.726 0.0000000000
69033  22.056  5.448  -33.653 0.0000000000
71337  22.635  8.396  -33.647 0.0000000000
69818  23.117  7.571  -33.682 0.0000000000
110614  23.333  6.818  -33.952 0.0000000000
69829  23.878  7.014  -34.445 0.0000000000
69843  24.176  6.708  -35.490 0.0000000000
70585  24.301  7.482  -34.922 0.0000000000
72107  25.196  9.721  -35.256 0.0000000000
115142  24.682  8.580  -36.376 0.0000000000
72135  24.589  9.271  -38.440 0.0000000000
72915  24.739  9.896  -37.762 0.0000000000
117659  25.732  12.073  -34.205 0.0000000000
73760  25.318  11.269  -34.007 0.0000000000
74599  26.156  12.233  -35.002 0.0000000000
74625  25.545  11.900  -37.621 0.0000000000
123915  24.981  11.263  -38.238 0.0000000000
122448  21.553  18.420  -35.687 0.0000000000
109565  20.419  17.855  -35.793 0.0000000000
118650  21.199  17.779  -35.681 0.0000000000
77955  21.573  17.082  -35.428 0.0000000000
119904  26.996  22.100  -35.942 0.0000000000
118297  27.025  22.768  -36.532 0.0000000000
80974  25.476  20.288  -35.771 0.0000000000
80244  26.816  19.370  -34.483 0.0000000000
80245  25.773  19.273  -34.615 0.0000000000
79496  25.269  18.749  -34.170 0.0000000000
78751  24.079  17.972  -34.199 0.0000000000
78750  25.579  17.979  -33.807 0.0000000000
78735  25.924  17.025  -33.759 0.0000000000
78749  26.604  17.724  -33.816 0.0000000000
78759  29.009  17.998  -35.092 0.0000000000
77941  28.248  16.860  -34.621 0.0000000000
118860  28.824  17.187  -35.299 0.0000000000
77953  28.452  16.447  -35.151 0.0000000000
65528  21.739  0.690  -34.795 0.0000000000
63136  22.479  -1.376  -34.930 0.0000000000
63146  22.269  -1.359  -35.103 0.0000000000
63137  22.065  -1.881  -34.573 0.0000000000
62321  21.880  -2.450  -33.840 0.0000000000
68216  24.186  4.409  -39.167 0.0000000000
67307  24.290  3.849  -38.893 0.0000000000
67297  25.100  3.471  -38.866 0.0000000000
75437  22.914  14.139  -33.410 0.0000000000
76291  23.634  14.734  -33.533 0.0000000000
76276  24.302  15.178  -33.666 0.0000000000
77128  24.811  15.689  -33.688 0.0000000000
68182  22.524  4.047  -34.474 0.0000000000
67272  22.479  3.246  -34.823 0.0000000000
67283  22.950  3.074  -35.811 0.0000000000
60634  21.001  -4.553  -32.646 0.0000000000
60623  21.250  -5.138  -32.209 0.0000000000
126585  21.865  -4.991  -31.782 0.0000000000
69872  24.675  7.008  -39.021 0.0000000000
72090  23.075  9.161  -33.614 0.0000000000
71336  23.607  8.414  -33.742 0.0000000000
71353  24.303  8.176  -34.324 0.0000000000
72089  24.535  9.287  -34.029 0.0000000000
72108  24.939  9.284  -34.629 0.0000000000
72900  25.405  10.541  -35.699 0.0000000000
75453  26.452  13.031  -35.395 0.0000000000
127299  26.208  12.366  -35.655 0.0000000000
75464  26.464  13.180  -36.609 0.0000000000
75474  26.324  13.251  -37.625 0.0000000000
80254  21.451  19.230  -35.982 0.0000000000
79505  23.208  18.977  -35.494 0.0000000000
81704  27.750  21.840  -35.581 0.0000000000
81695  27.159  21.339  -35.542 0.0000000000
80250  26.079  19.940  -35.047 0.0000000000
80966  27.707  19.875  -34.627 0.0000000000
80243  27.842  19.098  -34.443 0.0000000000
79494  27.251  18.448  -34.131 0.0000000000
80242  28.495  19.004  -34.624 0.0000000000
79502  29.318  18.651  -35.316 0.0000000000
64736  22.725  -0.207  -36.171 0.0000000000
63949  22.566  -0.741  -35.870 0.0000000000
63936  23.006  -0.859  -36.080 0.0000000000
63926  23.054  -1.029  -35.246 0.0000000000
118433  19.150  -5.444  -31.576 0.0000000000
127711  19.097  -4.783  -31.768 0.0000000000
60636  19.783  -4.063  -32.468 0.0000000000
61490  21.131  -3.419  -33.262 0.0000000000
129150  22.801  11.533  -33.689 0.0000000000
73742  24.551  11.311  -33.572 0.0000000000
74567  24.013  12.091  -33.386 0.0000000000
74583  25.461  12.787  -33.616 0.0000000000
75435  25.837  13.510  -33.586 0.0000000000
127095  26.493  13.391  -34.598 0.0000000000
76306  26.859  13.925  -34.762 0.0000000000
76305  27.354  14.553  -35.374 0.0000000000
77154  27.777  15.183  -35.882 0.0000000000
81710  21.002  21.608  -36.550 0.0000000000
122789  21.498  20.966  -36.676 0.0000000000
80987  23.166  20.676  -37.098 0.0000000000
66352  21.283  1.676  -34.172 0.0000000000
65538  22.252  0.400  -35.690 0.0000000000
115259  22.512  1.586  -35.873 0.0000000000
65537  22.582  0.762  -36.242 0.0000000000
65526  23.455  0.282  -36.237 0.0000000000
65525  23.816  0.744  -35.388 0.0000000000
69853  23.924  5.589  -37.630 0.0000000000
69066  23.842  4.971  -38.300 0.0000000000
69074  23.958  4.903  -39.049 0.0000000000
69080  24.328  4.570  -39.203 0.0000000000
69866  24.779  6.213  -39.109 0.0000000000
113553  24.504  5.314  -39.083 0.0000000000
69079  25.086  4.869  -39.186 0.0000000000
68167  22.293  4.632  -33.973 0.0000000000
68181  22.929  4.555  -34.732 0.0000000000
69046  23.408  5.317  -35.075 0.0000000000
69830  22.959  5.988  -33.950 0.0000000000
69844  23.842  5.902  -36.050 0.0000000000
69852  24.172  6.402  -37.029 0.0000000000
70603  24.395  7.192  -37.380 0.0000000000
71364  24.564  8.171  -35.430 0.0000000000
127792  24.512  7.889  -36.528 0.0000000000
111364  24.471  8.080  -37.485 0.0000000000
71378  24.527  8.432  -38.500 0.0000000000
72142  24.664  9.055  -39.203 0.0000000000
74615  25.943  11.880  -35.812 0.0000000000
73791  25.570  11.236  -36.216 0.0000000000
72914  25.207  10.559  -36.979 0.0000000000
72925  24.747  10.624  -38.255 0.0000000000
77946  21.841  16.397  -34.993 0.0000000000
80986  24.120  20.498  -36.879 0.0000000000
80976  23.573  20.273  -36.098 0.0000000000
79504  23.883  19.557  -35.666 0.0000000000
126060  24.021  18.887  -35.346 0.0000000000
80251  25.268  19.630  -35.307 0.0000000000
80246  25.071  19.099  -34.906 0.0000000000
79497  23.683  18.336  -34.964 0.0000000000
78752  23.368  17.587  -34.588 0.0000000000
77945  23.306  16.790  -34.333 0.0000000000
77929  24.197  16.431  -33.945 0.0000000000
77928  25.299  16.339  -33.714 0.0000000000
77927  26.342  16.138  -33.675 0.0000000000
78748  27.647  17.467  -34.165 0.0000000000
77942  27.604  16.439  -34.183 0.0000000000
77126  27.084  16.021  -33.811 0.0000000000
77153  28.225  15.831  -35.446 0.0000000000
62322  21.289  -2.799  -33.600 0.0000000000
63939  21.230  -0.838  -34.307 0.0000000000
63938  21.976  -1.073  -35.379 0.0000000000
63147  21.762  -1.633  -34.689 0.0000000000
124697  20.965  -1.540  -33.977 0.0000000000
63138  21.533  -2.198  -34.125 0.0000000000
111633  23.820  3.708  -38.332 0.0000000000
66373  24.528  2.483  -37.942 0.0000000000
66365  24.985  2.785  -38.234 0.0000000000
65542  24.233  1.798  -37.452 0.0000000000
66359  24.510  1.718  -36.443 0.0000000000
60635  20.335  -4.539  -32.558 0.0000000000
63948  22.927  -0.811  -36.124 0.0000000000
66367  23.544  2.213  -37.408 0.0000000000
67299  24.089  2.916  -38.218 0.0000000000
67306  24.589  3.925  -39.142 0.0000000000
71352  24.618  8.761  -34.578 0.0000000000
72868  24.863  10.571  -33.816 0.0000000000
72870  23.502  10.425  -33.585 0.0000000000
72885  25.003  9.839  -34.186 0.0000000000
73743  23.574  11.285  -33.527 0.0000000000
73811  24.318  10.961  -39.118 0.0000000000
74624  26.094  12.606  -37.368 0.0000000000
75418  26.054  14.210  -33.516 0.0000000000
75436  24.950  13.597  -33.391 0.0000000000
76288  27.231  14.793  -34.449 0.0000000000
77139  27.472  15.609  -34.259 0.0000000000
78736  24.791  17.310  -33.842 0.0000000000
78761  21.994  17.858  -35.395 0.0000000000
79493  28.130  18.378  -34.428 0.0000000000
79503  28.790  18.553  -34.793 0.0000000000
79506  22.250  18.711  -35.552 0.0000000000
80988  22.239  20.798  -36.788 0.0000000000
116043  24.936  9.244  -36.171 0.0000000000
123078  24.225  8.760  -33.979 0.0000000000
123227  19.924  -3.420  -32.695 0.0000000000
126000  24.778  18.228  -33.943 0.0000000000
126344  23.554  7.268  -33.930 0.0000000000
127995  25.735  11.730  -36.685 0.0000000000
128949  22.156  6.255  -33.570 0.0000000000
