#!ascii label  , from subject sub-p013 vox2ras=TkReg
312
55617  -26.687  2.837  -32.513 0.0000000000
52675  -24.056  -1.742  -30.282 0.0000000000
52664  -28.608  -1.207  -29.685 0.0000000000
49269  -26.409  -5.905  -29.828 0.0000000000
102582  -27.681  16.243  -34.750 0.0000000000
89755  -29.239  12.597  -34.298 0.0000000000
58880  -24.465  6.983  -33.245 0.0000000000
46168  -24.377  -9.406  -27.894 0.0000000000
50993  -25.701  -3.666  -30.507 0.0000000000
49262  -24.279  -5.502  -29.140 0.0000000000
89754  -29.224  14.774  -35.506 0.0000000000
90182  -27.485  11.074  -34.887 0.0000000000
55596  -23.318  2.411  -31.458 0.0000000000
57204  -21.647  4.581  -31.100 0.0000000000
57218  -25.375  4.378  -32.603 0.0000000000
90623  -28.178  7.831  -33.718 0.0000000000
58046  -28.727  5.473  -33.059 0.0000000000
56325  -28.773  2.996  -31.465 0.0000000000
54173  -22.218  -0.007  -30.410 0.0000000000
54193  -25.457  0.771  -31.443 0.0000000000
54196  -27.825  1.228  -31.503 0.0000000000
52677  -26.808  -1.444  -30.988 0.0000000000
50985  -27.808  -3.651  -29.969 0.0000000000
49264  -28.333  -5.213  -28.723 0.0000000000
90024  -25.073  9.005  -34.023 0.0000000000
102800  -27.355  9.438  -34.412 0.0000000000
102776  -29.374  9.685  -33.298 0.0000000000
48435  -23.352  -6.762  -28.126 0.0000000000
47682  -25.485  -7.818  -28.693 0.0000000000
50137  -23.970  -4.676  -29.162 0.0000000000
49261  -23.516  -5.138  -28.519 0.0000000000
102780  -26.983  11.704  -35.147 0.0000000000
102854  -26.637  10.895  -34.814 0.0000000000
55615  -24.967  2.732  -32.203 0.0000000000
56352  -23.723  3.669  -32.045 0.0000000000
56355  -26.510  3.838  -32.683 0.0000000000
104486  -27.830  4.710  -33.179 0.0000000000
101674  -27.986  3.885  -33.054 0.0000000000
57207  -28.933  3.918  -32.378 0.0000000000
55619  -28.189  3.002  -32.531 0.0000000000
53429  -23.042  -0.660  -30.275 0.0000000000
54174  -23.693  0.227  -30.742 0.0000000000
53430  -24.339  -0.539  -30.604 0.0000000000
53432  -26.469  -0.707  -30.990 0.0000000000
52676  -25.938  -1.492  -30.759 0.0000000000
49278  -25.844  -4.913  -30.275 0.0000000000
50994  -26.623  -3.474  -30.590 0.0000000000
103881  -27.013  -4.766  -30.278 0.0000000000
50145  -28.376  -4.558  -29.134 0.0000000000
49263  -27.735  -5.885  -29.115 0.0000000000
89749  -26.548  15.203  -35.313 0.0000000000
90069  -25.621  16.598  -34.658 0.0000000000
89784  -26.847  16.698  -34.715 0.0000000000
98321  -26.946  19.688  -35.283 0.0000000000
102571  -28.212  16.413  -34.630 0.0000000000
102886  -28.909  13.662  -34.727 0.0000000000
107129  -23.591  5.873  -32.530 0.0000000000
99202  -22.656  7.183  -32.126 0.0000000000
102748  -25.501  8.396  -33.972 0.0000000000
89776  -26.849  9.370  -34.538 0.0000000000
102696  -26.276  8.368  -34.092 0.0000000000
102778  -29.056  7.999  -33.150 0.0000000000
89713  -29.089  8.652  -33.377 0.0000000000
90033  -29.555  8.971  -32.958 0.0000000000
53434  -28.158  -0.195  -30.730 0.0000000000
54882  -28.374  1.265  -30.961 0.0000000000
46167  -23.619  -9.348  -27.929 0.0000000000
89951  -24.091  -8.117  -28.458 0.0000000000
47681  -24.715  -7.647  -28.717 0.0000000000
103657  -25.390  -8.596  -28.187 0.0000000000
51850  -24.234  -2.626  -30.176 0.0000000000
51858  -25.304  -2.814  -30.499 0.0000000000
109604  -24.615  -3.859  -30.040 0.0000000000
50143  -25.163  -4.890  -30.056 0.0000000000
49267  -24.975  -5.662  -29.667 0.0000000000
89916  -28.349  14.724  -36.113 0.0000000000
102621  -29.354  15.277  -36.108 0.0000000000
102631  -28.384  14.156  -35.849 0.0000000000
90019  -28.327  12.580  -34.905 0.0000000000
90180  -28.594  12.123  -34.610 0.0000000000
55577  -21.526  2.166  -30.674 0.0000000000
56337  -21.955  3.724  -31.158 0.0000000000
57206  -23.368  4.430  -32.060 0.0000000000
58043  -25.544  5.768  -32.991 0.0000000000
58889  -26.608  7.687  -33.854 0.0000000000
100286  -26.494  6.038  -33.263 0.0000000000
58060  -28.321  6.427  -33.378 0.0000000000
102788  -29.464  6.461  -32.458 0.0000000000
58036  -29.402  5.425  -32.164 0.0000000000
45399  -25.132  -9.865  -27.078 0.0000000000
89690  -25.916  -9.050  -27.295 0.0000000000
54880  -22.816  0.876  -30.742 0.0000000000
54897  -24.736  1.383  -31.598 0.0000000000
54898  -25.862  1.415  -31.861 0.0000000000
54900  -27.502  1.739  -31.853 0.0000000000
54194  -26.428  0.799  -31.578 0.0000000000
54177  -27.003  0.013  -31.307 0.0000000000
52678  -27.485  -1.384  -30.824 0.0000000000
51859  -26.200  -2.839  -30.689 0.0000000000
51861  -27.565  -2.301  -30.492 0.0000000000
51852  -28.308  -2.236  -29.764 0.0000000000
50986  -28.414  -3.155  -29.425 0.0000000000
50138  -29.271  -3.937  -27.959 0.0000000000
102774  -29.526  15.611  -35.492 0.0000000000
90279  -25.833  9.767  -34.559 0.0000000000
102724  -27.559  10.486  -34.662 0.0000000000
89714  -28.584  10.726  -34.229 0.0000000000
93716  -27.651  8.867  -34.078 0.0000000000
90028  -28.512  9.851  -34.023 0.0000000000
90136  -29.241  11.158  -33.919 0.0000000000
54901  -28.057  1.914  -31.667 0.0000000000
55580  -29.049  2.720  -30.515 0.0000000000
49256  -22.894  -5.678  -27.820 0.0000000000
91542  -23.812  -6.044  -28.604 0.0000000000
48451  -24.659  -6.390  -29.154 0.0000000000
48453  -26.528  -6.622  -29.437 0.0000000000
99295  -25.962  -8.563  -27.837 0.0000000000
47684  -27.090  -7.193  -28.325 0.0000000000
94875  -27.226  -6.659  -29.068 0.0000000000
103402  -24.874  10.490  -34.286 0.0000000000
55616  -25.794  2.563  -32.308 0.0000000000
56354  -25.657  3.281  -32.444 0.0000000000
56356  -27.476  3.426  -32.796 0.0000000000
101660  -28.015  3.299  -32.813 0.0000000000
55618  -27.649  2.841  -32.575 0.0000000000
52674  -23.156  -1.360  -30.052 0.0000000000
100816  -23.884  -1.112  -30.364 0.0000000000
91245  -24.817  -1.261  -30.564 0.0000000000
49279  -26.440  -5.187  -30.198 0.0000000000
49270  -27.214  -5.421  -29.840 0.0000000000
89942  -27.367  15.762  -35.106 0.0000000000
67202  -26.980  17.849  -34.700 0.0000000000
102649  -27.530  17.225  -34.512 0.0000000000
89939  -28.472  15.831  -35.245 0.0000000000
102958  -29.639  13.073  -34.198 0.0000000000
102775  -29.833  12.441  -33.934 0.0000000000
58879  -23.773  6.709  -32.807 0.0000000000
58041  -22.951  6.385  -32.181 0.0000000000
94991  -23.236  7.344  -32.559 0.0000000000
58887  -24.954  7.686  -33.633 0.0000000000
58888  -25.835  7.687  -33.787 0.0000000000
90210  -29.477  8.180  -32.736 0.0000000000
53410  -28.554  -0.303  -30.088 0.0000000000
54160  -28.476  0.418  -30.529 0.0000000000
89693  -23.446  -8.570  -28.066 0.0000000000
90286  -24.199  -8.819  -28.226 0.0000000000
98730  -24.788  -8.355  -28.478 0.0000000000
104549  -24.795  -8.925  -28.149 0.0000000000
107943  -23.527  -3.333  -29.357 0.0000000000
50984  -24.097  -3.464  -29.796 0.0000000000
50142  -24.465  -4.304  -29.772 0.0000000000
98702  -24.574  -5.035  -29.627 0.0000000000
89743  -27.316  14.048  -35.999 0.0000000000
102678  -27.586  13.379  -35.578 0.0000000000
89971  -27.792  12.540  -35.265 0.0000000000
102676  -27.994  11.860  -34.983 0.0000000000
102828  -28.650  12.893  -34.706 0.0000000000
55595  -22.348  2.827  -31.152 0.0000000000
99405  -23.269  3.124  -31.651 0.0000000000
57217  -24.255  4.334  -32.406 0.0000000000
101586  -23.871  5.133  -32.487 0.0000000000
58045  -28.041  5.519  -33.303 0.0000000000
102779  -28.987  6.386  -33.059 0.0000000000
58047  -29.142  5.653  -32.698 0.0000000000
56341  -29.023  3.750  -31.694 0.0000000000
57208  -29.276  4.520  -31.952 0.0000000000
56326  -29.124  3.570  -30.720 0.0000000000
45386  -24.743  -10.435  -26.763 0.0000000000
45387  -25.600  -10.098  -26.459 0.0000000000
54879  -21.439  0.685  -30.495 0.0000000000
54192  -24.572  0.722  -31.204 0.0000000000
54881  -23.903  0.986  -31.099 0.0000000000
94853  -27.110  -0.827  -31.132 0.0000000000
53433  -27.640  -0.497  -31.006 0.0000000000
50995  -27.342  -3.197  -30.446 0.0000000000
51860  -26.905  -2.668  -30.743 0.0000000000
51851  -27.879  -2.920  -30.038 0.0000000000
50978  -28.839  -3.773  -28.763 0.0000000000
50128  -28.839  -4.550  -28.344 0.0000000000
50129  -29.330  -4.491  -27.506 0.0000000000
102620  -29.543  15.391  -35.961 0.0000000000
89925  -29.509  15.623  -35.887 0.0000000000
56336  -21.134  3.821  -30.574 0.0000000000
89780  -24.187  9.043  -33.593 0.0000000000
90209  -24.510  9.605  -33.928 0.0000000000
102695  -25.414  9.429  -34.346 0.0000000000
90052  -27.064  9.906  -34.707 0.0000000000
105670  -27.565  9.924  -34.513 0.0000000000
90122  -28.042  10.280  -34.446 0.0000000000
90118  -27.266  7.693  -33.866 0.0000000000
90624  -27.713  8.153  -33.897 0.0000000000
90252  -29.039  9.365  -33.580 0.0000000000
102758  -28.549  9.105  -33.782 0.0000000000
89720  -29.040  10.196  -33.740 0.0000000000
96924  -29.535  10.404  -33.278 0.0000000000
54883  -29.031  1.792  -30.224 0.0000000000
90335  -23.377  -7.714  -28.101 0.0000000000
91956  -22.437  -6.474  -27.408 0.0000000000
106629  -24.591  -7.048  -28.837 0.0000000000
48442  -25.217  -7.093  -29.046 0.0000000000
48452  -25.630  -6.394  -29.572 0.0000000000
47691  -25.988  -7.173  -29.173 0.0000000000
50141  -23.689  -3.875  -29.273 0.0000000000
50136  -23.144  -4.183  -28.483 0.0000000000
90076  -26.712  12.609  -35.361 0.0000000000
102844  -25.973  11.410  -34.802 0.0000000000
56339  -24.055  2.925  -31.989 0.0000000000
56353  -24.653  3.524  -32.328 0.0000000000
57219  -26.445  5.018  -32.880 0.0000000000
57220  -27.314  4.361  -32.995 0.0000000000
57221  -28.405  4.564  -33.082 0.0000000000
57222  -28.968  4.670  -32.644 0.0000000000
56357  -28.491  3.704  -32.785 0.0000000000
56340  -28.663  3.272  -32.276 0.0000000000
52673  -22.352  -1.110  -30.026 0.0000000000
54175  -24.977  0.145  -30.940 0.0000000000
54176  -26.029  0.102  -31.132 0.0000000000
53431  -25.491  -0.604  -30.775 0.0000000000
50150  -25.611  -4.426  -30.343 0.0000000000
50151  -26.347  -4.379  -30.444 0.0000000000
50152  -27.170  -4.034  -30.361 0.0000000000
96160  -28.264  -3.956  -29.462 0.0000000000
50144  -27.695  -4.528  -29.828 0.0000000000
49271  -27.906  -5.156  -29.366 0.0000000000
90318  -25.577  14.535  -34.903 0.0000000000
89772  -26.104  15.891  -34.888 0.0000000000
67197  -26.595  18.350  -34.842 0.0000000000
102596  -28.006  17.202  -34.324 0.0000000000
102957  -29.434  15.057  -35.190 0.0000000000
102612  -29.237  14.077  -34.537 0.0000000000
58874  -21.676  6.862  -31.295 0.0000000000
59673  -24.033  7.677  -33.193 0.0000000000
89775  -24.637  8.419  -33.662 0.0000000000
89986  -25.888  8.893  -34.351 0.0000000000
89762  -26.661  8.849  -34.358 0.0000000000
89757  -27.146  9.027  -34.347 0.0000000000
102835  -28.624  7.890  -33.489 0.0000000000
90963  -28.625  8.487  -33.613 0.0000000000
54178  -27.876  0.411  -31.195 0.0000000000
54867  -28.799  1.011  -30.192 0.0000000000
90205  -24.030  -7.361  -28.563 0.0000000000
52663  -23.298  -1.991  -29.786 0.0000000000
100550  -25.047  -2.036  -30.514 0.0000000000
50992  -24.810  -3.438  -30.264 0.0000000000
50149  -25.050  -4.134  -30.229 0.0000000000
49268  -25.728  -5.512  -29.982 0.0000000000
92518  -26.143  13.995  -35.221 0.0000000000
90384  -26.939  14.666  -35.915 0.0000000000
102677  -28.167  15.324  -35.852 0.0000000000
102880  -29.267  14.848  -36.055 0.0000000000
102753  -28.405  13.374  -35.206 0.0000000000
107004  -28.803  14.322  -35.424 0.0000000000
56338  -22.868  3.724  -31.615 0.0000000000
57205  -22.509  4.542  -31.612 0.0000000000
58035  -23.061  5.293  -32.082 0.0000000000
58042  -24.423  6.042  -32.924 0.0000000000
58881  -25.216  6.832  -33.415 0.0000000000
58057  -26.143  6.836  -33.555 0.0000000000
58058  -26.937  6.801  -33.646 0.0000000000
58059  -27.598  6.597  -33.576 0.0000000000
58044  -27.259  5.583  -33.269 0.0000000000
89727  -28.543  7.203  -33.418 0.0000000000
90037  -29.093  7.241  -33.053 0.0000000000
102657  -29.502  7.431  -32.561 0.0000000000
90230  -29.795  6.989  -31.683 0.0000000000
58869  -29.640  6.134  -31.441 0.0000000000
45398  -24.568  -9.897  -27.402 0.0000000000
90320  -25.177  -9.307  -27.656 0.0000000000
55578  -22.281  1.715  -30.844 0.0000000000
54896  -23.581  1.601  -31.265 0.0000000000
94240  -24.344  2.177  -31.819 0.0000000000
92885  -25.335  2.034  -32.067 0.0000000000
55597  -26.304  2.078  -32.185 0.0000000000
55598  -27.204  2.223  -32.259 0.0000000000
54899  -26.793  1.521  -31.926 0.0000000000
54195  -27.254  0.944  -31.585 0.0000000000
52679  -28.125  -0.896  -30.516 0.0000000000
99338  -25.875  -2.260  -30.684 0.0000000000
96997  -26.531  -2.123  -30.820 0.0000000000
99824  -27.081  -2.004  -30.902 0.0000000000
106045  -28.038  -1.623  -30.310 0.0000000000
52652  -28.857  -1.865  -29.132 0.0000000000
51839  -28.767  -2.492  -29.106 0.0000000000
102895  -29.153  16.039  -35.008 0.0000000000
102711  -25.465  10.222  -34.506 0.0000000000
102853  -26.343  10.197  -34.717 0.0000000000
102664  -27.082  10.465  -34.791 0.0000000000
102761  -26.230  9.317  -34.533 0.0000000000
89758  -28.165  11.176  -34.678 0.0000000000
89760  -28.701  11.487  -34.377 0.0000000000
104771  -29.089  11.900  -34.288 0.0000000000
89756  -27.214  8.522  -34.126 0.0000000000
89751  -28.168  8.877  -33.872 0.0000000000
89982  -27.960  9.477  -34.194 0.0000000000
90109  -29.604  11.924  -33.892 0.0000000000
90032  -29.868  12.028  -33.303 0.0000000000
55599  -27.844  2.413  -32.212 0.0000000000
55600  -28.359  2.606  -32.013 0.0000000000
55579  -28.573  2.201  -31.188 0.0000000000
48441  -24.114  -6.729  -28.669 0.0000000000
109071  -25.595  -8.885  -27.771 0.0000000000
46924  -25.954  -8.162  -28.319 0.0000000000
47675  -26.524  -7.957  -27.817 0.0000000000
47683  -26.307  -7.620  -28.648 0.0000000000
48443  -26.679  -7.136  -29.034 0.0000000000
48454  -27.060  -6.148  -29.531 0.0000000000
89742  -28.159  8.372  -33.797 0.0000000000
89750  -27.917  7.360  -33.734 0.0000000000
89785  -24.868  10.021  -34.249 0.0000000000
90151  -26.837  8.289  -34.083 0.0000000000
101686  -24.676  5.092  -32.655 0.0000000000
106239  -26.515  9.680  -34.646 0.0000000000
