#!ascii label  , from subject sub-p013 vox2ras=TkReg
382
16844  -28.742  -46.486  -23.516 0.6999999881
17578  -28.925  -45.777  -23.084 0.6000000238
17579  -29.345  -45.436  -22.394 0.6000000238
18389  -30.581  -44.705  -21.573 0.4000000060
16132  -23.645  -47.006  -24.283 0.6999999881
16862  -23.166  -46.233  -24.546 0.6999999881
16863  -24.306  -46.419  -24.585 0.6999999881
16133  -24.445  -47.273  -24.500 0.6999999881
16134  -25.136  -47.166  -25.121 0.6000000238
93916  -25.344  -46.375  -25.279 0.6000000238
16143  -26.650  -47.474  -26.322 0.6000000238
16864  -26.214  -46.321  -26.147 0.6000000238
17610  -26.544  -45.664  -26.314 0.5000000000
16868  -27.641  -46.247  -27.055 0.5000000000
17618  -27.338  -45.630  -27.095 0.5000000000
17620  -28.445  -45.217  -27.202 0.6000000238
17611  -28.744  -45.744  -25.985 0.6000000238
96568  -28.960  -45.095  -24.823 0.6000000238
107332  -29.227  -44.272  -23.458 0.6000000238
92471  -22.750  -45.668  -24.812 0.6000000238
106186  -23.361  -44.753  -24.704 0.6000000238
94840  -24.180  -44.824  -24.624 0.6000000238
17608  -24.701  -45.601  -24.813 0.6000000238
18422  -25.209  -44.894  -24.836 0.6000000238
17609  -25.696  -45.654  -25.405 0.6000000238
18424  -26.923  -45.109  -26.564 0.6000000238
18433  -27.676  -44.926  -27.282 0.6000000238
17619  -27.998  -45.456  -27.429 0.6000000238
18434  -28.111  -44.809  -27.566 0.6999999881
18435  -28.403  -44.273  -27.216 0.6000000238
18425  -28.952  -44.620  -26.185 0.6000000238
18399  -29.388  -44.152  -22.805 0.5000000000
95757  -29.489  -44.725  -22.393 0.5000000000
17607  -22.152  -45.480  -25.178 0.6000000238
94439  -22.734  -45.048  -24.901 0.6000000238
101953  -23.681  -44.077  -24.547 0.6000000238
97027  -24.713  -44.140  -24.533 0.6000000238
99446  -25.789  -44.175  -24.842 0.6000000238
18423  -26.187  -44.961  -25.535 0.6000000238
100735  -26.906  -44.244  -26.041 0.6000000238
19298  -27.974  -43.839  -27.313 0.6999999881
19287  -29.173  -43.699  -25.256 0.6000000238
18412  -29.118  -44.376  -24.414 0.6000000238
19255  -29.923  -44.156  -21.995 0.4000000060
18421  -22.002  -44.611  -25.155 0.6000000238
97028  -22.817  -44.339  -24.803 0.6000000238
106282  -24.292  -43.499  -24.381 0.6000000238
96999  -25.193  -43.393  -24.408 0.6000000238
19297  -27.204  -43.174  -26.034 0.6999999881
19299  -28.671  -43.349  -27.292 0.6000000238
93358  -29.033  -43.639  -26.742 0.6000000238
19288  -29.280  -43.011  -25.931 0.6000000238
103596  -29.548  -42.854  -23.430 0.6000000238
18413  -29.327  -43.646  -23.701 0.6000000238
106858  -30.248  -43.420  -21.922 0.4000000060
92419  -29.707  -43.309  -22.595 0.5000000000
18420  -21.048  -44.467  -25.112 0.5000000000
97029  -21.503  -43.760  -24.933 0.6000000238
103302  -22.335  -43.764  -24.850 0.6000000238
109387  -23.011  -43.712  -24.631 0.5000000000
96397  -22.773  -43.073  -24.525 0.5000000000
96396  -23.570  -43.244  -24.410 0.5000000000
20208  -25.566  -42.557  -24.332 0.6000000238
20994  -25.881  -41.705  -24.413 0.6000000238
20220  -27.397  -42.242  -26.000 0.6999999881
21011  -28.488  -41.190  -26.662 0.6000000238
98728  -27.832  -42.889  -26.994 0.6999999881
20229  -28.437  -42.247  -26.932 0.6000000238
20222  -28.787  -42.692  -27.093 0.6000000238
19300  -29.059  -43.049  -26.935 0.6000000238
20210  -29.431  -42.261  -25.236 0.6000000238
20190  -29.861  -42.405  -22.861 0.5000000000
19264  -30.252  -42.709  -22.131 0.4000000060
97474  -20.684  -43.719  -24.852 0.6000000238
96398  -21.926  -42.986  -24.660 0.5000000000
96358  -23.386  -42.426  -24.232 0.5000000000
20991  -23.149  -41.420  -24.066 0.5000000000
96357  -24.400  -42.678  -24.196 0.6000000238
104404  -23.997  -41.860  -24.060 0.5000000000
20993  -24.871  -41.789  -24.107 0.5000000000
100737  -26.154  -40.887  -24.631 0.5000000000
20995  -26.755  -41.600  -25.041 0.6000000238
21751  -26.465  -40.081  -24.927 0.5000000000
101025  -26.959  -40.828  -25.325 0.5000000000
21006  -27.354  -41.457  -25.813 0.6000000238
21752  -27.322  -40.083  -25.710 0.4000000060
101591  -27.878  -41.741  -26.632 0.6999999881
21757  -28.142  -40.233  -26.477 0.4000000060
21758  -28.780  -40.330  -26.622 0.5000000000
21012  -28.933  -41.735  -26.704 0.6000000238
21759  -29.056  -40.345  -26.514 0.5000000000
95174  -29.222  -40.809  -26.210 0.5000000000
21007  -29.325  -41.610  -25.834 0.6000000238
20996  -29.583  -41.588  -24.786 0.6000000238
20963  -30.008  -41.691  -23.136 0.6000000238
97424  -20.862  -42.878  -24.650 0.5000000000
96359  -22.482  -42.256  -24.330 0.5000000000
20992  -24.180  -41.003  -24.057 0.4000000060
99445  -25.200  -40.964  -24.257 0.5000000000
21743  -25.511  -40.159  -24.477 0.5000000000
23085  -27.434  -38.513  -25.871 0.4000000060
22422  -26.821  -39.179  -25.320 0.4000000060
22428  -27.766  -39.354  -26.185 0.4000000060
22429  -28.593  -39.518  -26.534 0.5000000000
23093  -29.025  -38.727  -26.503 0.5000000000
22430  -29.075  -39.689  -26.510 0.5000000000
21753  -29.294  -39.974  -26.153 0.5000000000
21726  -30.173  -40.318  -23.402 0.5000000000
98703  -29.536  -40.925  -25.118 0.6000000238
20976  -29.875  -41.111  -23.919 0.5000000000
94920  -24.608  -40.279  -24.225 0.4000000060
22412  -24.761  -39.385  -24.391 0.5000000000
22413  -25.825  -39.337  -24.719 0.5000000000
23080  -26.065  -38.545  -24.887 0.5000000000
23092  -28.274  -38.630  -26.418 0.4000000060
23086  -29.266  -38.414  -26.144 0.5000000000
22398  -30.053  -39.689  -23.704 0.5000000000
105493  -30.533  -40.292  -22.688 0.3000000119
23799  -29.077  -37.827  -26.288 0.5000000000
22414  -29.496  -39.577  -25.325 0.5000000000
21725  -29.750  -40.169  -24.446 0.5000000000
23079  -25.238  -38.633  -24.584 0.4000000060
108105  -26.717  -38.365  -25.330 0.4000000060
23084  -26.255  -37.815  -25.045 0.4000000060
23792  -27.494  -36.916  -25.957 0.4000000060
94605  -27.069  -37.751  -25.592 0.4000000060
24479  -28.747  -37.003  -26.242 0.4000000060
24478  -28.180  -36.430  -26.330 0.4000000060
24480  -29.094  -37.180  -26.054 0.5000000000
107502  -30.451  -39.055  -22.960 0.4000000060
22391  -30.428  -39.626  -22.966 0.4000000060
94972  -29.462  -38.590  -25.273 0.5000000000
104573  -30.164  -39.062  -23.479 0.5000000000
23793  -29.303  -37.769  -25.818 0.5000000000
23068  -29.805  -38.296  -24.002 0.5000000000
104281  -29.752  -39.240  -24.339 0.5000000000
25190  -28.167  -35.513  -26.256 0.4000000060
24473  -28.960  -36.378  -25.932 0.4000000060
23060  -30.428  -38.450  -22.966 0.4000000060
90978  -29.230  -37.011  -25.462 0.5000000000
23785  -29.451  -37.671  -24.860 0.5000000000
106880  -28.602  -35.709  -26.045 0.4000000060
23773  -30.134  -37.570  -23.317 0.4000000060
24454  -30.390  -36.852  -22.781 0.3000000119
91959  -29.435  -36.901  -24.552 0.5000000000
23772  -29.683  -37.439  -24.043 0.5000000000
94061  -28.282  -34.173  -25.881 0.4000000060
25170  -30.053  -36.029  -23.049 0.3000000119
25186  -28.814  -35.521  -25.593 0.4000000060
24453  -29.743  -36.728  -23.669 0.5000000000
25179  -29.052  -35.292  -24.767 0.4000000060
24464  -29.174  -36.181  -24.990 0.5000000000
25169  -29.441  -35.866  -23.962 0.5000000000
26633  -28.640  -33.882  -25.192 0.4000000060
25928  -30.375  -35.269  -22.503 0.3000000119
25162  -30.682  -36.156  -22.256 0.3000000119
25944  -28.695  -34.696  -25.410 0.4000000060
103236  -29.779  -35.267  -23.292 0.4000000060
25937  -29.048  -34.477  -24.521 0.4000000060
92490  -29.364  -35.072  -23.988 0.4000000060
26623  -28.423  -33.030  -24.915 0.5000000000
25151  -30.775  -34.751  -22.007 0.4000000060
26610  -31.697  -33.801  -21.638 0.4000000060
25915  -31.433  -34.610  -21.663 0.4000000060
26624  -29.090  -33.560  -24.104 0.4000000060
25927  -29.577  -34.451  -23.457 0.5000000000
25922  -30.220  -34.343  -22.543 0.4000000060
25921  -29.713  -33.600  -23.031 0.5000000000
26616  -30.361  -33.433  -22.285 0.4000000060
27362  -31.084  -33.181  -21.796 0.4000000060
103715  -28.867  -32.707  -24.103 0.5000000000
92586  -29.369  -32.838  -23.360 0.5000000000
28080  -31.773  -31.165  -21.742 0.4000000060
98091  -32.771  -31.178  -22.072 0.3000000119
28097  -28.331  -31.406  -24.000 0.5000000000
28079  -30.901  -31.617  -21.829 0.4000000060
27370  -30.479  -32.499  -22.107 0.4000000060
94471  -31.349  -32.350  -21.775 0.4000000060
28081  -32.251  -32.020  -21.868 0.4000000060
93958  -33.401  -31.173  -22.590 0.3000000119
95979  -28.390  -32.190  -24.429 0.5000000000
27369  -29.701  -32.242  -22.738 0.5000000000
99916  -29.898  -32.928  -22.658 0.5000000000
27375  -28.945  -31.995  -23.493 0.5000000000
28812  -31.504  -30.311  -21.769 0.4000000060
28813  -32.416  -30.367  -21.910 0.4000000060
28835  -28.219  -30.601  -23.705 0.5000000000
28088  -28.827  -31.019  -23.290 0.5000000000
28089  -29.506  -31.411  -22.736 0.5000000000
28824  -30.223  -30.899  -22.176 0.5000000000
28090  -30.168  -31.733  -22.278 0.5000000000
29587  -32.953  -29.524  -22.241 0.4000000060
29605  -28.118  -29.742  -23.567 0.5000000000
100207  -29.929  -29.265  -22.451 0.5000000000
29588  -33.572  -29.070  -22.975 0.3000000119
28825  -33.190  -30.438  -22.381 0.3000000119
28822  -28.695  -30.129  -23.114 0.5000000000
29585  -29.318  -29.625  -22.711 0.5000000000
28823  -29.394  -30.512  -22.692 0.5000000000
17592  -28.785  -45.766  -24.204 0.6000000238
18388  -29.902  -45.041  -21.844 0.5000000000
98107  -26.931  -46.173  -26.823 0.6000000238
19286  -26.283  -43.348  -24.851 0.6999999881
19276  -29.383  -42.905  -24.510 0.6000000238
20209  -26.580  -42.451  -24.911 0.6999999881
20199  -29.666  -42.100  -23.927 0.6000000238
20221  -27.961  -42.426  -26.991 0.6999999881
20223  -29.166  -42.415  -26.456 0.6000000238
101027  -27.692  -40.913  -26.248 0.4000000060
21744  -29.462  -40.290  -25.491 0.5000000000
104126  -28.214  -37.199  -26.336 0.4000000060
23798  -28.605  -37.866  -26.420 0.5000000000
26609  -30.863  -34.025  -21.878 0.4000000060
27363  -32.008  -32.954  -21.719 0.3000000119
29586  -29.993  -29.987  -22.316 0.5000000000
11975  -26.800  -53.352  -25.095 0.5000000000
11988  -27.438  -53.131  -25.840 0.5000000000
11976  -27.577  -52.512  -25.376 0.5000000000
12644  -29.576  -52.314  -24.744 0.5000000000
12658  -28.894  -52.134  -25.889 0.5000000000
12657  -28.315  -52.524  -26.070 0.4000000060
12641  -26.856  -52.578  -24.777 0.5000000000
12642  -28.423  -51.927  -25.475 0.6000000238
12643  -29.117  -51.654  -25.361 0.5000000000
12612  -30.764  -52.226  -22.739 0.4000000060
107853  -25.147  -52.538  -23.611 0.6999999881
12627  -25.628  -52.198  -24.043 0.6999999881
14057  -27.520  -51.001  -24.947 0.6999999881
104535  -28.502  -51.251  -25.217 0.5000000000
100320  -27.551  -51.795  -25.055 0.6999999881
13305  -29.623  -51.463  -23.726 0.5000000000
13320  -29.408  -51.537  -24.636 0.5000000000
13319  -29.113  -51.086  -25.084 0.5000000000
13270  -31.304  -50.763  -22.217 0.5000000000
12611  -30.059  -52.011  -23.025 0.5000000000
12639  -23.188  -52.370  -23.252 0.5000000000
12625  -23.705  -52.966  -23.240 0.6999999881
13303  -24.554  -51.222  -23.615 0.6999999881
104285  -24.602  -52.860  -23.387 0.6999999881
13304  -25.424  -51.311  -24.119 0.6999999881
13318  -26.536  -51.898  -24.571 0.6000000238
97582  -28.746  -50.599  -25.114 0.6999999881
13286  -29.799  -51.246  -22.937 0.5000000000
103147  -29.507  -50.822  -23.584 0.6000000238
14045  -29.286  -50.754  -24.515 0.6000000238
13268  -29.992  -50.937  -22.455 0.5000000000
14017  -31.572  -49.973  -22.007 0.5000000000
13316  -23.331  -51.685  -23.320 0.5000000000
13317  -24.025  -52.048  -23.309 0.6999999881
100916  -25.846  -50.477  -24.642 0.6999999881
14044  -24.975  -50.475  -24.156 0.6999999881
94809  -26.880  -50.336  -24.912 0.6999999881
14768  -29.111  -49.437  -24.243 0.6000000238
14059  -28.986  -49.899  -24.833 0.6999999881
14738  -29.571  -49.714  -22.431 0.6999999881
14753  -29.220  -49.599  -23.251 0.6000000238
14016  -30.777  -50.187  -21.925 0.6000000238
14015  -30.043  -50.338  -22.170 0.6000000238
15432  -31.192  -48.571  -21.513 0.6000000238
13315  -22.520  -51.682  -23.355 0.5000000000
102469  -22.906  -50.461  -23.453 0.6000000238
14055  -23.068  -51.072  -23.380 0.5000000000
14042  -23.438  -50.621  -23.449 0.6000000238
14043  -24.113  -50.342  -23.606 0.6000000238
100005  -25.755  -49.272  -25.227 0.6999999881
14767  -25.414  -49.785  -24.711 0.6000000238
14776  -26.248  -49.737  -25.117 0.6999999881
14058  -28.044  -50.109  -25.053 0.6999999881
108294  -29.255  -49.293  -22.676 0.6999999881
15431  -30.342  -48.799  -21.659 0.6999999881
15430  -29.490  -48.949  -22.153 0.6999999881
14041  -22.410  -49.887  -23.629 0.5000000000
14765  -23.870  -49.340  -23.650 0.6000000238
14766  -24.677  -49.611  -24.097 0.6000000238
14777  -27.331  -49.481  -25.206 0.8000000119
98709  -27.248  -48.811  -25.508 0.5000000000
15464  -25.727  -48.631  -25.471 0.6000000238
14779  -28.745  -49.118  -24.825 0.6999999881
15467  -28.546  -48.428  -25.134 0.6999999881
15429  -29.063  -48.098  -22.439 0.6999999881
96797  -28.734  -48.022  -23.522 0.6999999881
16101  -31.252  -47.727  -21.421 0.5000000000
93007  -30.576  -48.099  -21.502 0.6999999881
16100  -30.375  -47.284  -21.492 0.5000000000
14040  -21.447  -49.975  -23.994 0.5000000000
14764  -22.770  -49.049  -23.711 0.5000000000
15452  -22.662  -48.173  -23.986 0.6000000238
15453  -23.559  -48.414  -23.835 0.6000000238
15454  -24.442  -48.675  -24.066 0.6000000238
16121  -24.092  -47.801  -24.112 0.6000000238
15463  -24.943  -48.069  -24.837 0.6000000238
16136  -28.301  -47.823  -25.683 0.6000000238
15476  -27.519  -47.751  -26.163 0.5000000000
99614  -28.630  -47.241  -24.077 0.6000000238
107441  -28.593  -47.221  -24.919 0.6000000238
16109  -28.817  -47.249  -22.880 0.6000000238
17570  -29.872  -45.858  -21.799 0.5000000000
14763  -21.872  -49.190  -23.950 0.5000000000
15465  -26.675  -48.312  -25.907 0.5000000000
16142  -25.947  -47.027  -26.011 0.5000000000
99183  -28.438  -47.148  -25.685 0.4000000060
109483  -28.065  -47.333  -26.262 0.5000000000
98786  -27.498  -47.048  -26.618 0.5000000000
14775  -21.110  -48.832  -24.752 0.5000000000
15451  -21.913  -48.403  -24.204 0.6000000238
15462  -22.071  -47.523  -24.478 0.6000000238
16120  -23.106  -47.598  -24.094 0.6000000238
16865  -28.486  -46.473  -26.207 0.5000000000
16869  -28.359  -46.037  -27.044 0.4000000060
15461  -21.314  -47.849  -24.944 0.5000000000
107405  -21.442  -47.262  -25.007 0.6000000238
16131  -22.636  -46.844  -24.489 0.6000000238
14786  -20.318  -48.869  -25.739 0.5000000000
15460  -20.604  -48.069  -25.738 0.5000000000
16130  -20.954  -47.188  -25.580 0.6000000238
16861  -22.323  -46.139  -24.921 0.6000000238
15475  -20.104  -48.372  -26.191 0.5000000000
100330  -20.133  -47.680  -26.063 0.5000000000
103818  -21.158  -46.311  -25.548 0.6000000238
91935  -21.700  -46.698  -25.060 0.6000000238
16860  -20.339  -46.719  -25.622 0.5000000000
16141  -19.024  -47.690  -25.826 0.5000000000
105654  -21.757  -46.009  -25.358 0.5000000000
16129  -19.304  -46.998  -25.556 0.5000000000
104977  -18.353  -47.142  -25.400 0.5000000000
17605  -20.437  -45.793  -25.383 0.5000000000
17606  -21.345  -45.414  -25.351 0.4000000060
16858  -18.128  -46.499  -25.161 0.5000000000
16859  -19.124  -45.983  -25.211 0.5000000000
17604  -19.504  -45.052  -24.977 0.4000000060
17603  -18.095  -44.987  -24.725 0.4000000060
103056  -19.912  -44.168  -24.846 0.4000000060
16854  -28.639  -46.613  -24.985 0.6000000238
16845  -29.187  -46.370  -22.385 0.5000000000
92553  -30.610  -46.276  -21.464 0.4000000060
16135  -25.782  -47.812  -25.744 0.6000000238
93790  -20.508  -45.008  -25.164 0.4000000060
14056  -26.329  -51.130  -24.572 0.6999999881
14778  -28.078  -48.911  -25.285 0.6999999881
94709  -28.953  -48.869  -23.078 0.6999999881
94530  -26.443  -49.045  -25.492 0.6000000238
15455  -25.143  -49.035  -24.770 0.6000000238
90794  -29.793  -48.098  -21.737 0.6999999881
15456  -28.859  -48.718  -24.257 0.6999999881
16099  -29.419  -47.284  -21.984 0.6000000238
12626  -24.910  -52.016  -23.571 0.6999999881
12628  -29.808  -52.277  -23.801 0.5000000000
12640  -26.188  -52.760  -24.335 0.6000000238
13269  -30.579  -50.915  -22.223 0.5000000000
13287  -30.367  -51.524  -22.567 0.5000000000
13288  -31.051  -51.552  -22.413 0.4000000060
13302  -23.770  -51.175  -23.415 0.5000000000
14029  -29.299  -50.152  -23.936 0.6000000238
14054  -22.311  -50.699  -23.504 0.5000000000
14739  -30.177  -49.584  -21.897 0.6000000238
14740  -30.998  -49.408  -21.663 0.6000000238
15466  -27.759  -48.372  -25.684 0.5000000000
16122  -28.585  -47.809  -24.771 0.6000000238
16144  -28.165  -46.734  -26.654 0.5000000000
16836  -29.852  -46.609  -21.727 0.5000000000
16867  -26.822  -46.750  -26.641 0.6000000238
17571  -30.533  -45.481  -21.544 0.4000000060
19307  -28.309  -42.914  -27.286 0.6000000238
20977  -30.354  -41.029  -22.768 0.5000000000
22423  -29.304  -39.157  -26.138 0.5000000000
24472  -28.575  -36.194  -26.192 0.4000000060
25943  -28.398  -34.989  -25.994 0.4000000060
28091  -33.149  -31.924  -22.289 0.3000000119
92073  -27.853  -37.810  -26.253 0.4000000060
92641  -23.560  -45.488  -24.632 0.6999999881
93150  -33.495  -29.888  -22.747 0.3000000119
101321  -23.261  -49.964  -23.508 0.6000000238
102335  -29.107  -44.937  -23.358 0.6000000238
103873  -29.558  -50.437  -22.880 0.6999999881
105980  -29.097  -49.159  -23.761 0.6999999881
107281  -28.935  -40.892  -26.635 0.5000000000
107288  -30.963  -45.774  -21.396 0.4000000060
107360  -29.983  -34.836  -22.917 0.4000000060
107549  -29.425  -36.415  -24.277 0.5000000000
108023  -25.931  -51.653  -24.353 0.6999999881
108178  -28.348  -49.468  -25.061 0.6999999881
108246  -31.547  -31.795  -21.766 0.4000000060
