#!ascii label  , from subject sub-p013 vox2ras=TkReg
407
9034  -40.008  -57.907  -17.663 0.0000000000
11935  -37.297  -53.640  -21.476 0.0000000000
12572  -43.382  -52.925  -17.667 0.0000000000
10518  -39.672  -55.353  -20.712 0.0000000000
14735  -44.016  -50.403  -21.529 0.0000000000
9017  -41.457  -58.017  -13.712 0.0000000000
12560  -37.974  -52.660  -16.407 0.0000000000
13215  -31.898  -51.509  -15.509 0.0000000000
13257  -41.110  -51.104  -18.201 0.0000000000
13263  -43.715  -51.295  -19.382 0.0000000000
15411  -42.243  -48.471  -18.613 0.0000000000
102553  -39.719  -54.366  -14.499 0.0000000000
11176  -37.561  -54.432  -14.443 0.0000000000
14694  -31.239  -48.952  -16.169 0.0000000000
13982  -33.461  -49.315  -17.224 0.0000000000
8401  -35.898  -58.701  -20.045 0.0000000000
11229  -39.607  -54.835  -21.195 0.0000000000
9801  -37.183  -56.792  -22.962 0.0000000000
9810  -37.814  -56.653  -24.023 0.0000000000
10494  -43.701  -55.943  -17.429 0.0000000000
10502  -39.123  -55.665  -19.049 0.0000000000
97432  -43.412  -53.686  -22.085 0.0000000000
12616  -41.191  -51.995  -22.685 0.0000000000
10482  -43.084  -55.497  -15.574 0.0000000000
12562  -41.041  -53.046  -16.859 0.0000000000
13989  -38.275  -50.996  -18.208 0.0000000000
11173  -34.798  -54.388  -14.245 0.0000000000
12553  -36.047  -52.657  -15.895 0.0000000000
13987  -35.651  -50.181  -17.175 0.0000000000
16080  -37.163  -47.949  -18.873 0.0000000000
99242  -35.930  -57.011  -20.460 0.0000000000
15436  -37.502  -48.511  -21.882 0.0000000000
13291  -35.723  -52.099  -22.510 0.0000000000
12663  -37.653  -53.065  -25.916 0.0000000000
99843  -40.162  -49.936  -18.736 0.0000000000
14722  -40.968  -49.680  -18.591 0.0000000000
8398  -37.375  -58.861  -18.971 0.0000000000
11228  -39.051  -54.799  -21.725 0.0000000000
10537  -38.611  -55.836  -22.603 0.0000000000
11250  -38.296  -55.787  -23.200 0.0000000000
91219  -37.999  -56.156  -24.030 0.0000000000
109158  -37.074  -54.241  -23.199 0.0000000000
11913  -44.241  -53.912  -17.517 0.0000000000
103824  -44.215  -53.796  -18.287 0.0000000000
14012  -44.176  -50.588  -21.096 0.0000000000
12603  -44.453  -52.433  -21.947 0.0000000000
14037  -44.229  -51.413  -22.584 0.0000000000
12617  -42.279  -52.461  -22.860 0.0000000000
13295  -43.035  -51.747  -23.221 0.0000000000
9753  -43.278  -57.016  -15.372 0.0000000000
9747  -41.841  -56.608  -14.614 0.0000000000
11899  -39.128  -53.561  -15.247 0.0000000000
11900  -39.993  -53.758  -15.841 0.0000000000
98752  -38.747  -52.848  -16.656 0.0000000000
12568  -39.167  -52.436  -17.350 0.0000000000
12567  -38.277  -52.264  -17.161 0.0000000000
11878  -33.363  -53.326  -14.563 0.0000000000
11879  -35.226  -53.950  -14.929 0.0000000000
12551  -33.871  -52.185  -15.699 0.0000000000
15392  -34.694  -48.770  -17.487 0.0000000000
14704  -34.837  -50.023  -17.072 0.0000000000
100215  -35.568  -49.018  -17.631 0.0000000000
15394  -36.275  -48.859  -17.975 0.0000000000
10512  -39.875  -55.520  -19.873 0.0000000000
101367  -37.456  -56.338  -19.594 0.0000000000
9782  -37.424  -56.259  -20.625 0.0000000000
9065  -34.520  -57.528  -22.942 0.0000000000
16114  -37.296  -47.470  -22.452 0.0000000000
14019  -36.341  -50.445  -21.505 0.0000000000
13334  -37.012  -51.773  -25.409 0.0000000000
13244  -41.682  -51.752  -17.876 0.0000000000
12584  -43.638  -52.634  -18.335 0.0000000000
13259  -42.692  -51.013  -18.428 0.0000000000
14725  -43.181  -49.675  -19.019 0.0000000000
14731  -43.239  -48.817  -19.225 0.0000000000
10459  -40.994  -56.452  -14.363 0.0000000000
11177  -38.403  -54.330  -14.281 0.0000000000
11897  -37.532  -53.305  -15.248 0.0000000000
13964  -31.536  -50.780  -16.239 0.0000000000
13977  -32.918  -50.479  -16.965 0.0000000000
14696  -32.760  -49.480  -17.140 0.0000000000
16058  -33.041  -47.969  -17.251 0.0000000000
96842  -33.395  -47.180  -17.458 0.0000000000
10529  -39.303  -55.260  -21.365 0.0000000000
9794  -38.278  -56.021  -21.386 0.0000000000
10528  -38.708  -55.719  -22.014 0.0000000000
94823  -37.838  -56.509  -23.215 0.0000000000
9083  -36.979  -57.390  -24.320 0.0000000000
9096  -37.288  -57.459  -25.114 0.0000000000
9098  -38.418  -56.945  -25.430 0.0000000000
9833  -38.590  -56.363  -25.716 0.0000000000
9764  -40.982  -56.645  -17.662 0.0000000000
9042  -39.265  -57.197  -17.938 0.0000000000
10514  -41.597  -55.212  -19.380 0.0000000000
10520  -41.385  -55.128  -20.290 0.0000000000
94473  -44.285  -53.450  -20.074 0.0000000000
11232  -43.657  -54.008  -21.548 0.0000000000
11219  -41.104  -54.795  -20.744 0.0000000000
11939  -41.471  -53.657  -21.586 0.0000000000
11938  -40.471  -53.383  -21.367 0.0000000000
102096  -39.508  -53.058  -21.092 0.0000000000
9037  -42.613  -57.163  -17.044 0.0000000000
10489  -44.222  -55.534  -16.550 0.0000000000
11907  -43.499  -54.045  -16.623 0.0000000000
11180  -41.258  -55.162  -15.132 0.0000000000
11901  -41.760  -54.042  -16.107 0.0000000000
12563  -42.000  -53.007  -16.967 0.0000000000
13243  -40.696  -51.834  -17.843 0.0000000000
13255  -39.186  -51.168  -18.319 0.0000000000
14720  -38.485  -49.756  -18.869 0.0000000000
11155  -36.179  -55.122  -14.005 0.0000000000
11896  -36.620  -53.322  -15.421 0.0000000000
12554  -37.013  -52.902  -15.842 0.0000000000
13233  -34.692  -51.191  -16.537 0.0000000000
13234  -35.693  -51.419  -16.575 0.0000000000
13235  -36.647  -51.758  -16.609 0.0000000000
13988  -37.416  -50.672  -17.857 0.0000000000
13998  -37.925  -50.170  -18.504 0.0000000000
9776  -37.020  -56.922  -19.055 0.0000000000
9054  -35.382  -57.786  -20.529 0.0000000000
9800  -36.844  -56.628  -22.005 0.0000000000
9059  -34.364  -57.771  -22.028 0.0000000000
14034  -41.520  -50.664  -22.946 0.0000000000
13292  -40.220  -50.995  -22.514 0.0000000000
101948  -38.232  -52.089  -20.981 0.0000000000
14020  -37.063  -50.948  -21.102 0.0000000000
11934  -36.439  -53.363  -21.903 0.0000000000
11967  -36.897  -53.961  -24.017 0.0000000000
11276  -37.737  -54.438  -25.319 0.0000000000
14721  -39.370  -49.706  -18.943 0.0000000000
15409  -40.323  -49.220  -18.865 0.0000000000
8391  -38.113  -58.831  -18.525 0.0000000000
9041  -38.344  -57.675  -18.168 0.0000000000
11936  -38.544  -53.729  -21.128 0.0000000000
11239  -38.560  -55.397  -22.416 0.0000000000
11227  -38.038  -54.522  -21.959 0.0000000000
11238  -37.783  -54.904  -22.974 0.0000000000
11951  -37.065  -54.117  -22.313 0.0000000000
11912  -43.829  -53.658  -17.279 0.0000000000
11922  -44.259  -54.164  -18.196 0.0000000000
12573  -43.973  -53.415  -17.959 0.0000000000
14023  -44.355  -51.011  -21.904 0.0000000000
14036  -43.960  -50.654  -22.192 0.0000000000
97305  -43.620  -51.095  -22.889 0.0000000000
8358  -41.580  -58.661  -13.600 0.0000000000
9020  -42.102  -58.211  -14.175 0.0000000000
9021  -42.615  -57.576  -14.708 0.0000000000
9734  -42.054  -57.149  -14.461 0.0000000000
12556  -38.499  -53.150  -15.844 0.0000000000
109503  -31.752  -51.529  -15.377 0.0000000000
12538  -31.944  -51.997  -14.936 0.0000000000
12539  -32.713  -52.385  -15.003 0.0000000000
103684  -33.813  -52.818  -15.245 0.0000000000
12550  -32.986  -51.901  -15.564 0.0000000000
93650  -34.811  -48.006  -17.720 0.0000000000
15393  -35.550  -48.359  -17.846 0.0000000000
16064  -35.440  -47.462  -18.098 0.0000000000
10511  -39.010  -55.629  -20.098 0.0000000000
9783  -38.198  -55.869  -20.359 0.0000000000
14047  -35.629  -50.457  -22.729 0.0000000000
13322  -36.052  -51.316  -24.097 0.0000000000
13333  -36.575  -51.055  -24.943 0.0000000000
13245  -42.513  -51.691  -18.117 0.0000000000
13258  -42.005  -50.978  -18.209 0.0000000000
14723  -41.899  -49.357  -18.455 0.0000000000
14003  -42.477  -50.099  -18.491 0.0000000000
14724  -42.714  -49.059  -18.657 0.0000000000
11882  -37.975  -53.720  -14.710 0.0000000000
13963  -31.019  -50.454  -15.783 0.0000000000
13975  -31.285  -49.859  -16.322 0.0000000000
13976  -31.986  -50.172  -16.937 0.0000000000
14695  -31.866  -49.174  -16.731 0.0000000000
7800  -35.105  -59.705  -21.138 0.0000000000
10538  -38.993  -55.378  -21.961 0.0000000000
9811  -38.187  -56.155  -23.253 0.0000000000
9068  -37.437  -57.035  -23.764 0.0000000000
9084  -37.658  -57.170  -24.552 0.0000000000
10561  -37.903  -55.535  -24.599 0.0000000000
9825  -38.211  -56.370  -24.873 0.0000000000
10570  -38.204  -55.433  -25.397 0.0000000000
98737  -42.935  -56.448  -17.328 0.0000000000
10513  -40.733  -55.435  -19.674 0.0000000000
10521  -42.348  -54.835  -20.102 0.0000000000
13260  -43.901  -52.289  -19.129 0.0000000000
13264  -44.205  -51.983  -20.110 0.0000000000
11942  -44.257  -53.268  -21.709 0.0000000000
11231  -42.818  -54.161  -21.409 0.0000000000
11230  -41.813  -54.305  -21.223 0.0000000000
12601  -41.201  -52.769  -22.007 0.0000000000
109352  -40.703  -52.248  -22.137 0.0000000000
12600  -40.236  -52.531  -21.627 0.0000000000
9749  -43.378  -56.252  -15.563 0.0000000000
9754  -43.744  -56.599  -15.871 0.0000000000
10483  -43.883  -55.550  -16.005 0.0000000000
10484  -44.126  -55.058  -16.441 0.0000000000
11195  -43.542  -54.840  -16.105 0.0000000000
10476  -40.688  -55.605  -14.573 0.0000000000
11179  -40.357  -54.763  -14.806 0.0000000000
12561  -40.143  -53.243  -16.593 0.0000000000
11905  -40.892  -53.660  -16.268 0.0000000000
104666  -41.625  -53.464  -16.545 0.0000000000
12570  -41.344  -52.418  -17.389 0.0000000000
12569  -40.220  -52.570  -17.308 0.0000000000
13241  -38.710  -51.759  -17.815 0.0000000000
13242  -39.680  -51.865  -17.880 0.0000000000
13999  -38.783  -50.424  -18.650 0.0000000000
11154  -35.314  -54.959  -13.799 0.0000000000
104003  -35.633  -53.321  -15.406 0.0000000000
11880  -36.170  -53.999  -15.078 0.0000000000
13978  -33.604  -51.051  -16.470 0.0000000000
13983  -33.944  -50.225  -16.953 0.0000000000
13984  -35.167  -50.660  -16.846 0.0000000000
13985  -36.133  -50.919  -16.932 0.0000000000
13239  -37.015  -51.199  -17.180 0.0000000000
100605  -36.547  -50.360  -17.433 0.0000000000
15407  -37.022  -48.683  -18.514 0.0000000000
14710  -37.015  -49.624  -18.088 0.0000000000
14728  -37.808  -49.190  -18.791 0.0000000000
9771  -39.551  -56.208  -18.306 0.0000000000
9770  -38.601  -56.426  -18.444 0.0000000000
9777  -37.707  -56.707  -18.720 0.0000000000
9781  -36.583  -56.774  -19.864 0.0000000000
8406  -34.955  -58.629  -20.771 0.0000000000
101112  -34.831  -57.728  -21.342 0.0000000000
104710  -38.260  -56.151  -22.116 0.0000000000
9793  -37.587  -56.352  -21.626 0.0000000000
8413  -33.781  -57.888  -23.269 0.0000000000
14759  -42.097  -49.972  -22.619 0.0000000000
13275  -39.570  -51.142  -21.920 0.0000000000
13274  -38.706  -51.284  -21.326 0.0000000000
13271  -35.975  -51.159  -21.695 0.0000000000
109127  -36.403  -51.103  -21.400 0.0000000000
13272  -36.383  -51.812  -21.398 0.0000000000
12597  -36.734  -52.785  -21.346 0.0000000000
12615  -36.029  -52.547  -21.779 0.0000000000
11966  -36.494  -53.521  -22.988 0.0000000000
12632  -36.044  -52.656  -23.243 0.0000000000
12662  -37.207  -52.743  -25.407 0.0000000000
11982  -36.923  -53.331  -24.742 0.0000000000
11992  -37.444  -53.543  -25.372 0.0000000000
14001  -40.587  -50.454  -18.468 0.0000000000
14002  -41.526  -50.273  -18.383 0.0000000000
15410  -41.305  -48.796  -18.674 0.0000000000
15379  -31.741  -48.512  -16.668 0.0000000000
16051  -31.551  -47.840  -16.737 0.0000000000
7787  -36.621  -58.815  -19.496 0.0000000000
10550  -37.748  -55.337  -23.845 0.0000000000
103545  -37.347  -54.633  -23.720 0.0000000000
10507  -44.313  -54.985  -17.401 0.0000000000
11211  -44.227  -54.426  -18.047 0.0000000000
92465  -44.216  -54.097  -18.748 0.0000000000
11217  -44.192  -54.002  -19.781 0.0000000000
14008  -44.046  -50.965  -20.299 0.0000000000
106496  -44.446  -51.603  -21.273 0.0000000000
13277  -44.461  -51.692  -22.174 0.0000000000
103417  -44.016  -52.621  -22.923 0.0000000000
11953  -42.980  -53.193  -22.542 0.0000000000
12618  -43.453  -52.562  -23.006 0.0000000000
13294  -41.907  -51.518  -23.103 0.0000000000
9748  -42.651  -56.796  -14.922 0.0000000000
10478  -42.450  -56.088  -15.133 0.0000000000
11884  -39.343  -53.948  -14.662 0.0000000000
11191  -39.883  -54.074  -15.024 0.0000000000
11904  -39.297  -53.299  -16.181 0.0000000000
109079  -39.496  -52.945  -16.874 0.0000000000
13240  -37.833  -51.521  -17.554 0.0000000000
11172  -33.885  -54.096  -14.035 0.0000000000
95324  -34.297  -53.677  -14.709 0.0000000000
107199  -34.743  -53.316  -15.209 0.0000000000
12552  -34.847  -52.596  -15.692 0.0000000000
14703  -34.271  -49.465  -17.214 0.0000000000
14708  -35.169  -49.523  -17.326 0.0000000000
14709  -36.064  -49.558  -17.564 0.0000000000
15406  -36.334  -47.974  -18.391 0.0000000000
9778  -38.230  -55.889  -19.272 0.0000000000
9792  -36.580  -56.557  -20.948 0.0000000000
9066  -35.598  -57.195  -23.182 0.0000000000
15445  -36.570  -48.571  -22.309 0.0000000000
15434  -36.253  -49.190  -21.973 0.0000000000
14743  -36.585  -49.595  -21.585 0.0000000000
14742  -36.041  -49.832  -21.800 0.0000000000
103613  -35.646  -51.226  -22.232 0.0000000000
107992  -35.852  -51.934  -23.428 0.0000000000
12648  -36.673  -52.504  -24.750 0.0000000000
12571  -42.441  -52.438  -17.554 0.0000000000
105915  -43.058  -52.270  -18.045 0.0000000000
97859  -43.279  -51.673  -18.571 0.0000000000
14004  -43.178  -50.641  -18.849 0.0000000000
14007  -43.609  -50.340  -19.565 0.0000000000
14011  -43.859  -50.181  -20.322 0.0000000000
14734  -43.775  -49.703  -20.780 0.0000000000
9733  -41.283  -57.266  -14.131 0.0000000000
10475  -39.836  -55.044  -14.104 0.0000000000
11158  -38.913  -54.989  -13.859 0.0000000000
11178  -39.184  -54.326  -14.264 0.0000000000
11883  -38.729  -53.787  -14.647 0.0000000000
11898  -38.287  -53.311  -15.122 0.0000000000
12555  -37.776  -53.005  -15.758 0.0000000000
109825  -31.705  -51.184  -15.954 0.0000000000
13227  -32.345  -51.089  -16.272 0.0000000000
15380  -32.303  -48.721  -16.990 0.0000000000
15386  -32.910  -48.688  -17.139 0.0000000000
15387  -33.691  -48.722  -17.290 0.0000000000
95505  -33.980  -48.035  -17.450 0.0000000000
16063  -34.419  -47.291  -17.793 0.0000000000
10530  -40.162  -54.943  -20.871 0.0000000000
10517  -38.929  -55.622  -21.098 0.0000000000
96851  -37.765  -56.427  -22.477 0.0000000000
9082  -36.014  -57.362  -24.053 0.0000000000
9085  -38.061  -56.919  -24.760 0.0000000000
9097  -38.024  -57.303  -25.376 0.0000000000
97494  -37.591  -57.569  -25.747 0.0000000000
9113  -38.126  -57.618  -26.178 0.0000000000
9114  -38.562  -57.255  -26.034 0.0000000000
9035  -40.792  -57.610  -17.430 0.0000000000
9763  -40.130  -56.896  -17.799 0.0000000000
97096  -40.419  -56.050  -18.164 0.0000000000
10504  -40.930  -55.545  -18.670 0.0000000000
10503  -40.054  -55.611  -18.891 0.0000000000
10519  -40.506  -55.243  -20.455 0.0000000000
12585  -44.089  -53.202  -18.746 0.0000000000
11926  -44.207  -53.738  -19.052 0.0000000000
12592  -44.437  -52.815  -20.863 0.0000000000
11930  -44.233  -53.643  -20.866 0.0000000000
11221  -43.075  -54.377  -20.807 0.0000000000
11220  -42.084  -54.624  -20.788 0.0000000000
95579  -40.673  -54.314  -21.122 0.0000000000
11952  -42.082  -53.221  -22.257 0.0000000000
11937  -39.709  -54.022  -21.082 0.0000000000
12599  -38.651  -52.780  -20.907 0.0000000000
9036  -41.659  -57.361  -17.238 0.0000000000
9758  -43.585  -56.768  -16.814 0.0000000000
9026  -43.540  -57.047  -16.055 0.0000000000
9759  -43.959  -56.444  -16.441 0.0000000000
9760  -44.205  -56.130  -16.950 0.0000000000
104415  -44.365  -54.845  -17.023 0.0000000000
11908  -44.099  -54.102  -16.841 0.0000000000
12564  -42.993  -53.257  -17.074 0.0000000000
10477  -41.567  -55.934  -14.879 0.0000000000
11181  -42.195  -55.400  -15.290 0.0000000000
11192  -40.865  -54.326  -15.539 0.0000000000
11193  -41.956  -54.687  -15.590 0.0000000000
11194  -42.747  -54.939  -15.671 0.0000000000
11906  -42.464  -53.660  -16.537 0.0000000000
13256  -40.143  -51.177  -18.240 0.0000000000
14000  -39.678  -50.496  -18.587 0.0000000000
11174  -35.708  -54.539  -14.472 0.0000000000
11881  -37.125  -53.863  -14.926 0.0000000000
12559  -37.263  -52.480  -16.299 0.0000000000
13228  -33.425  -51.573  -15.941 0.0000000000
99182  -34.300  -51.766  -16.054 0.0000000000
13229  -35.304  -51.955  -16.207 0.0000000000
13230  -36.081  -52.038  -16.323 0.0000000000
13236  -37.483  -52.000  -16.876 0.0000000000
9046  -37.408  -57.694  -18.607 0.0000000000
9045  -36.648  -57.681  -19.122 0.0000000000
9048  -36.000  -57.666  -19.810 0.0000000000
9055  -35.733  -56.991  -21.397 0.0000000000
9060  -35.135  -57.261  -22.230 0.0000000000
101877  -40.616  -48.325  -18.950 0.0000000000
15412  -42.877  -48.359  -18.858 0.0000000000
15421  -43.455  -48.753  -20.047 0.0000000000
15425  -43.372  -48.992  -20.886 0.0000000000
14748  -43.634  -49.869  -21.550 0.0000000000
14760  -43.156  -50.119  -22.317 0.0000000000
14035  -42.591  -50.835  -23.004 0.0000000000
13293  -40.929  -51.244  -22.842 0.0000000000
14033  -40.619  -50.457  -22.719 0.0000000000
13276  -40.309  -51.726  -22.173 0.0000000000
94564  -39.336  -52.064  -21.330 0.0000000000
12598  -37.707  -52.889  -21.031 0.0000000000
101990  -36.963  -50.070  -21.317 0.0000000000
97751  -37.578  -50.115  -21.283 0.0000000000
14021  -38.119  -50.623  -21.223 0.0000000000
13273  -37.254  -52.036  -21.045 0.0000000000
11262  -37.497  -54.694  -24.473 0.0000000000
11275  -37.290  -53.979  -24.783 0.0000000000
11263  -37.782  -55.025  -24.976 0.0000000000
8393  -39.285  -58.309  -17.918 0.0000000000
9018  -41.914  -57.642  -14.186 0.0000000000
9031  -42.959  -57.511  -16.327 0.0000000000
9061  -36.163  -56.900  -22.562 0.0000000000
9765  -41.936  -56.326  -17.532 0.0000000000
10488  -44.084  -56.100  -16.118 0.0000000000
10495  -44.263  -55.573  -17.276 0.0000000000
10496  -44.378  -55.554  -16.969 0.0000000000
11198  -44.032  -54.583  -16.610 0.0000000000
11210  -44.050  -54.329  -18.813 0.0000000000
11902  -42.714  -54.361  -16.083 0.0000000000
11929  -44.077  -53.794  -21.518 0.0000000000
11954  -43.795  -53.157  -22.634 0.0000000000
12558  -36.625  -52.386  -16.224 0.0000000000
12589  -44.300  -52.973  -19.693 0.0000000000
12596  -35.801  -51.816  -21.830 0.0000000000
13296  -43.908  -51.947  -23.059 0.0000000000
13297  -44.291  -52.183  -22.642 0.0000000000
13323  -36.497  -51.774  -24.681 0.0000000000
14018  -35.756  -50.443  -21.952 0.0000000000
14732  -43.595  -49.502  -19.795 0.0000000000
15435  -36.828  -48.851  -21.799 0.0000000000
95545  -36.030  -52.910  -22.390 0.0000000000
103702  -37.856  -51.400  -21.016 0.0000000000
103811  -44.246  -55.979  -16.627 0.0000000000
105675  -44.265  -54.513  -17.624 0.0000000000
106784  -38.021  -56.586  -24.405 0.0000000000
107255  -35.406  -58.623  -20.395 0.0000000000
109465  -38.790  -56.907  -26.003 0.0000000000
