#!ascii label  , from subject sub-p013 vox2ras=TkReg
288
50109  -30.100  -4.722  -26.136 0.0000000000
52664  -28.608  -1.207  -29.685 0.0000000000
89755  -29.239  12.597  -34.298 0.0000000000
89732  -29.791  7.759  -31.887 0.0000000000
57189  -30.043  4.620  -29.306 0.0000000000
54120  -31.705  0.400  -25.937 0.0000000000
89754  -29.224  14.774  -35.506 0.0000000000
58870  -29.947  6.684  -30.585 0.0000000000
56325  -28.773  2.996  -31.465 0.0000000000
50979  -29.437  -3.133  -27.984 0.0000000000
53402  -30.172  -0.004  -27.881 0.0000000000
51823  -31.442  -2.233  -26.199 0.0000000000
89685  -26.530  -8.841  -26.678 0.0000000000
49264  -28.333  -5.213  -28.723 0.0000000000
71529  -26.271  25.522  -35.503 0.0000000000
100438  -27.670  19.551  -34.971 0.0000000000
102832  -28.470  16.801  -34.241 0.0000000000
102962  -29.205  14.935  -32.969 0.0000000000
102897  -29.564  12.475  -32.123 0.0000000000
102776  -29.374  9.685  -33.298 0.0000000000
105472  -30.421  10.704  -30.396 0.0000000000
106895  -30.731  8.778  -29.569 0.0000000000
90174  -31.073  6.998  -28.907 0.0000000000
57165  -31.946  4.844  -26.834 0.0000000000
98144  -29.467  1.812  -29.344 0.0000000000
55545  -30.996  2.292  -27.390 0.0000000000
57207  -28.933  3.918  -32.378 0.0000000000
55619  -28.189  3.002  -32.531 0.0000000000
50965  -29.852  -3.729  -27.204 0.0000000000
51831  -30.410  -2.110  -27.268 0.0000000000
50945  -30.918  -3.574  -26.000 0.0000000000
43790  -26.620  -12.010  -23.999 0.0000000000
44583  -27.101  -11.246  -24.061 0.0000000000
45360  -27.147  -10.444  -24.477 0.0000000000
50145  -28.376  -4.558  -29.134 0.0000000000
49263  -27.735  -5.885  -29.115 0.0000000000
89787  -27.907  18.024  -34.209 0.0000000000
102886  -28.909  13.662  -34.727 0.0000000000
102957  -29.434  15.057  -35.190 0.0000000000
102592  -29.554  13.503  -33.619 0.0000000000
102594  -29.293  14.148  -32.444 0.0000000000
102943  -29.826  12.701  -33.463 0.0000000000
90033  -29.555  8.971  -32.958 0.0000000000
89728  -29.720  10.588  -32.227 0.0000000000
90017  -30.019  9.518  -31.195 0.0000000000
90012  -30.422  9.974  -30.402 0.0000000000
102629  -30.018  8.251  -31.144 0.0000000000
58024  -29.657  4.995  -30.186 0.0000000000
58871  -30.368  6.784  -29.689 0.0000000000
58013  -30.884  5.500  -28.372 0.0000000000
58834  -31.577  5.923  -27.725 0.0000000000
57177  -30.944  4.666  -28.042 0.0000000000
53434  -28.158  -0.195  -30.730 0.0000000000
54882  -28.374  1.265  -30.961 0.0000000000
54161  -28.927  0.417  -29.742 0.0000000000
54131  -30.924  0.285  -27.027 0.0000000000
54858  -30.329  1.210  -27.995 0.0000000000
54846  -31.274  1.742  -26.851 0.0000000000
55533  -31.470  2.562  -26.753 0.0000000000
55522  -31.758  2.040  -26.109 0.0000000000
89682  -27.792  -8.561  -25.239 0.0000000000
47670  -26.863  -8.165  -26.897 0.0000000000
47672  -28.038  -7.412  -25.875 0.0000000000
103914  -28.297  -6.805  -26.074 0.0000000000
102788  -29.464  6.461  -32.458 0.0000000000
90230  -29.795  6.989  -31.683 0.0000000000
58036  -29.402  5.425  -32.164 0.0000000000
58029  -29.433  5.253  -31.177 0.0000000000
57188  -29.533  4.142  -29.993 0.0000000000
52652  -28.857  -1.865  -29.132 0.0000000000
53411  -29.091  -0.323  -29.264 0.0000000000
52646  -29.891  -1.639  -27.878 0.0000000000
52647  -30.518  -1.240  -27.320 0.0000000000
100225  -31.565  -0.474  -26.252 0.0000000000
102866  -27.263  -9.182  -25.350 0.0000000000
51852  -28.308  -2.236  -29.764 0.0000000000
50986  -28.414  -3.155  -29.425 0.0000000000
50138  -29.271  -3.937  -27.959 0.0000000000
50129  -29.330  -4.491  -27.506 0.0000000000
73745  -26.708  29.007  -37.233 0.0000000000
69079  -26.389  21.411  -35.527 0.0000000000
69081  -27.384  21.851  -35.467 0.0000000000
68423  -28.290  20.012  -34.630 0.0000000000
67784  -28.793  19.074  -33.947 0.0000000000
102827  -29.167  17.101  -33.240 0.0000000000
102774  -29.526  15.611  -35.492 0.0000000000
102694  -29.277  16.026  -34.248 0.0000000000
102648  -29.275  16.451  -32.955 0.0000000000
102609  -29.277  15.056  -32.057 0.0000000000
102940  -29.596  14.464  -31.222 0.0000000000
89984  -29.855  12.744  -30.781 0.0000000000
90136  -29.241  11.158  -33.919 0.0000000000
102773  -29.719  11.547  -32.213 0.0000000000
102982  -29.864  11.973  -31.257 0.0000000000
102635  -30.288  12.081  -30.303 0.0000000000
90220  -30.625  11.412  -29.929 0.0000000000
89712  -31.386  8.978  -28.598 0.0000000000
89978  -30.466  7.396  -29.775 0.0000000000
102615  -31.052  8.011  -28.962 0.0000000000
54901  -28.057  1.914  -31.667 0.0000000000
55580  -29.049  2.720  -30.515 0.0000000000
56298  -29.843  3.009  -29.011 0.0000000000
54152  -30.005  0.587  -28.242 0.0000000000
55558  -29.832  2.247  -28.814 0.0000000000
56299  -30.350  3.413  -28.455 0.0000000000
100568  -31.419  3.728  -27.148 0.0000000000
57157  -31.835  4.061  -26.675 0.0000000000
48437  -28.251  -5.999  -27.647 0.0000000000
49251  -28.762  -5.651  -27.072 0.0000000000
49244  -29.762  -5.450  -25.806 0.0000000000
50118  -30.340  -3.969  -26.429 0.0000000000
50955  -30.584  -3.285  -26.587 0.0000000000
50110  -30.647  -4.122  -25.901 0.0000000000
108174  -27.460  -12.595  -23.239 0.0000000000
43791  -27.285  -12.027  -23.566 0.0000000000
102958  -29.639  13.073  -34.198 0.0000000000
102775  -29.833  12.441  -33.934 0.0000000000
90210  -29.477  8.180  -32.736 0.0000000000
102746  -29.776  8.483  -32.079 0.0000000000
90075  -29.803  9.193  -32.047 0.0000000000
108604  -29.969  8.859  -31.394 0.0000000000
58025  -30.208  5.484  -29.387 0.0000000000
58012  -30.513  4.911  -28.714 0.0000000000
57176  -30.438  4.219  -28.546 0.0000000000
53410  -28.554  -0.303  -30.088 0.0000000000
54160  -28.476  0.418  -30.529 0.0000000000
54132  -31.313  0.349  -26.567 0.0000000000
54834  -31.046  0.939  -26.959 0.0000000000
54835  -31.493  1.125  -26.360 0.0000000000
54823  -31.896  1.233  -25.661 0.0000000000
54121  -32.146  0.516  -25.236 0.0000000000
103821  -27.755  -8.031  -25.728 0.0000000000
58047  -29.142  5.653  -32.698 0.0000000000
56341  -29.023  3.750  -31.694 0.0000000000
57208  -29.276  4.520  -31.952 0.0000000000
57197  -29.247  4.402  -30.927 0.0000000000
56326  -29.124  3.570  -30.720 0.0000000000
51840  -29.308  -2.233  -28.468 0.0000000000
52653  -29.345  -1.167  -28.679 0.0000000000
51830  -29.831  -2.411  -27.738 0.0000000000
51822  -30.818  -2.554  -26.658 0.0000000000
52633  -31.003  -1.764  -26.739 0.0000000000
98099  -31.097  -0.902  -26.799 0.0000000000
52634  -31.563  -1.425  -26.253 0.0000000000
52620  -31.910  -1.893  -25.704 0.0000000000
42952  -26.099  -12.620  -24.039 0.0000000000
42951  -25.493  -13.139  -24.178 0.0000000000
103126  -27.206  -9.790  -24.876 0.0000000000
46144  -27.878  -9.279  -24.628 0.0000000000
50978  -28.839  -3.773  -28.763 0.0000000000
50128  -28.839  -4.550  -28.344 0.0000000000
49257  -28.734  -5.243  -27.810 0.0000000000
73187  -26.276  28.319  -36.943 0.0000000000
72104  -26.562  26.378  -35.590 0.0000000000
72650  -26.622  27.771  -36.439 0.0000000000
70938  -26.933  24.836  -35.395 0.0000000000
68429  -27.383  20.384  -35.338 0.0000000000
69075  -27.715  21.017  -35.245 0.0000000000
69700  -27.661  22.567  -35.250 0.0000000000
69076  -28.195  20.803  -34.771 0.0000000000
89956  -28.314  17.688  -33.949 0.0000000000
90337  -28.490  18.475  -33.929 0.0000000000
89783  -28.881  18.064  -33.611 0.0000000000
90043  -28.785  17.362  -33.670 0.0000000000
102620  -29.543  15.391  -35.961 0.0000000000
89910  -29.423  15.353  -34.219 0.0000000000
102939  -29.230  15.621  -32.979 0.0000000000
102595  -29.554  15.879  -32.080 0.0000000000
102570  -29.490  13.220  -32.583 0.0000000000
102945  -29.459  13.431  -31.517 0.0000000000
106796  -30.264  13.830  -30.322 0.0000000000
90252  -29.039  9.365  -33.580 0.0000000000
89720  -29.040  10.196  -33.740 0.0000000000
96924  -29.535  10.404  -33.278 0.0000000000
102821  -29.759  11.260  -33.276 0.0000000000
102744  -30.008  10.299  -31.144 0.0000000000
102736  -30.043  11.215  -31.029 0.0000000000
89733  -30.841  9.602  -29.600 0.0000000000
102772  -31.394  9.969  -28.712 0.0000000000
90224  -30.068  7.459  -30.807 0.0000000000
90031  -31.784  8.115  -28.054 0.0000000000
58846  -31.843  8.053  -28.012 0.0000000000
58000  -31.475  5.156  -27.556 0.0000000000
54883  -29.031  1.792  -30.224 0.0000000000
55566  -29.448  2.482  -29.614 0.0000000000
53401  -29.677  -0.186  -28.478 0.0000000000
54151  -29.438  0.512  -28.948 0.0000000000
54845  -30.763  1.472  -27.453 0.0000000000
55544  -30.399  2.025  -28.081 0.0000000000
100216  -30.251  2.717  -28.447 0.0000000000
56285  -30.673  2.893  -27.874 0.0000000000
57163  -30.907  3.781  -27.781 0.0000000000
56286  -31.234  3.090  -27.291 0.0000000000
55534  -31.857  2.858  -26.201 0.0000000000
56276  -31.656  3.322  -26.662 0.0000000000
56277  -32.240  3.564  -26.020 0.0000000000
94394  -28.719  -6.372  -25.969 0.0000000000
48430  -28.343  -6.294  -26.702 0.0000000000
48431  -29.118  -5.735  -26.313 0.0000000000
109269  -29.604  -5.226  -26.276 0.0000000000
48423  -29.971  -5.862  -25.126 0.0000000000
57222  -28.968  4.670  -32.644 0.0000000000
56340  -28.663  3.272  -32.276 0.0000000000
50966  -30.184  -2.892  -27.239 0.0000000000
50956  -31.222  -2.941  -26.137 0.0000000000
51809  -31.709  -2.598  -25.664 0.0000000000
93646  -31.435  -3.242  -25.625 0.0000000000
109833  -31.566  -3.485  -25.182 0.0000000000
45374  -26.576  -10.280  -25.121 0.0000000000
45359  -26.641  -10.841  -24.605 0.0000000000
98880  -27.713  -10.558  -23.883 0.0000000000
96160  -28.264  -3.956  -29.462 0.0000000000
50144  -27.695  -4.528  -29.828 0.0000000000
49271  -27.906  -5.156  -29.366 0.0000000000
70937  -26.179  24.627  -35.490 0.0000000000
67198  -27.503  18.426  -34.601 0.0000000000
67809  -28.207  19.057  -34.352 0.0000000000
102596  -28.006  17.202  -34.324 0.0000000000
102612  -29.237  14.077  -34.537 0.0000000000
102896  -29.381  14.503  -33.865 0.0000000000
102811  -29.662  9.732  -32.676 0.0000000000
102793  -29.811  9.842  -31.850 0.0000000000
89935  -30.309  9.015  -30.505 0.0000000000
102745  -30.425  8.133  -30.141 0.0000000000
58030  -29.756  5.847  -30.411 0.0000000000
58858  -30.100  6.236  -29.792 0.0000000000
58859  -30.554  6.199  -29.012 0.0000000000
58845  -31.128  6.170  -28.374 0.0000000000
54867  -28.799  1.011  -30.192 0.0000000000
54868  -29.254  1.154  -29.509 0.0000000000
53393  -30.621  -0.308  -27.313 0.0000000000
101552  -30.550  0.603  -27.540 0.0000000000
55523  -32.321  2.716  -25.565 0.0000000000
97471  -32.195  1.924  -25.466 0.0000000000
89681  -27.215  -8.556  -26.037 0.0000000000
47671  -27.471  -7.769  -26.381 0.0000000000
48429  -27.783  -7.026  -26.582 0.0000000000
48421  -28.741  -7.014  -25.431 0.0000000000
90037  -29.093  7.241  -33.053 0.0000000000
102657  -29.502  7.431  -32.561 0.0000000000
58869  -29.640  6.134  -31.441 0.0000000000
53392  -30.026  -0.748  -27.909 0.0000000000
53380  -31.113  -0.204  -26.796 0.0000000000
100230  -31.987  -0.327  -25.502 0.0000000000
53370  -31.948  -1.122  -25.685 0.0000000000
42935  -25.424  -13.851  -23.778 0.0000000000
89684  -26.720  -9.284  -25.996 0.0000000000
109373  -26.813  -9.685  -25.439 0.0000000000
51839  -28.767  -2.492  -29.106 0.0000000000
93830  -28.952  -2.959  -28.746 0.0000000000
106099  -29.801  -4.391  -26.818 0.0000000000
105725  -25.907  29.727  -37.269 0.0000000000
99941  -25.843  22.026  -35.473 0.0000000000
70305  -26.265  23.685  -35.509 0.0000000000
91287  -26.636  22.023  -35.586 0.0000000000
69703  -26.870  22.726  -35.537 0.0000000000
70302  -27.234  23.454  -35.382 0.0000000000
70934  -27.534  24.192  -35.159 0.0000000000
67785  -29.222  19.320  -33.509 0.0000000000
67780  -29.079  18.684  -33.624 0.0000000000
67174  -29.362  18.314  -33.349 0.0000000000
66477  -29.779  17.273  -32.571 0.0000000000
102895  -29.153  16.039  -35.008 0.0000000000
89927  -28.923  16.659  -33.889 0.0000000000
102831  -29.889  16.580  -32.145 0.0000000000
102963  -30.028  15.413  -31.284 0.0000000000
90109  -29.604  11.924  -33.892 0.0000000000
90032  -29.868  12.028  -33.303 0.0000000000
89972  -30.557  12.960  -29.806 0.0000000000
90218  -30.981  10.632  -29.628 0.0000000000
105049  -32.073  6.839  -28.034 0.0000000000
55600  -28.359  2.606  -32.013 0.0000000000
55579  -28.573  2.201  -31.188 0.0000000000
56313  -29.463  3.301  -29.816 0.0000000000
57175  -29.871  3.820  -29.126 0.0000000000
54857  -29.781  1.373  -28.654 0.0000000000
57164  -31.429  4.377  -27.341 0.0000000000
48445  -28.173  -5.748  -28.367 0.0000000000
49252  -29.377  -5.076  -26.869 0.0000000000
66476  -29.382  17.768  -33.171 0.0000000000
69080  -27.080  21.204  -35.529 0.0000000000
69702  -26.036  22.823  -35.536 0.0000000000
70306  -26.816  24.145  -35.455 0.0000000000
72644  -26.229  27.172  -36.045 0.0000000000
73190  -25.989  28.960  -37.153 0.0000000000
73753  -26.172  30.325  -37.448 0.0000000000
108594  -27.926  20.345  -35.051 0.0000000000
109592  -30.235  7.079  -30.238 0.0000000000
