#!ascii label  , from subject sub-p013 vox2ras=TkReg
235
11455  38.333  -51.196  -14.493 0.0000000000
9026  38.570  -55.406  -21.444 0.0000000000
7751  40.837  -57.614  -14.062 0.0000000000
9001  36.659  -54.944  -16.834 0.0000000000
5632  41.200  -61.645  -16.867 0.0000000000
5602  39.700  -60.524  -14.558 0.0000000000
97826  41.414  -63.183  -15.244 0.0000000000
9012  37.172  -55.578  -19.696 0.0000000000
93715  38.934  -50.336  -18.245 0.0000000000
97856  40.059  -54.114  -15.805 0.0000000000
8366  38.687  -56.794  -15.579 0.0000000000
7169  37.760  -58.382  -17.513 0.0000000000
7177  39.967  -58.998  -18.730 0.0000000000
5635  43.537  -62.299  -18.616 0.0000000000
13344  38.721  -49.208  -13.753 0.0000000000
96391  41.940  -52.903  -15.595 0.0000000000
8992  42.869  -55.455  -15.694 0.0000000000
12725  37.285  -49.328  -17.390 0.0000000000
5104  41.865  -62.600  -13.846 0.0000000000
9017  37.644  -55.860  -20.346 0.0000000000
10871  38.478  -52.720  -19.362 0.0000000000
8364  40.543  -56.185  -15.493 0.0000000000
8357  39.858  -57.430  -14.612 0.0000000000
5626  39.970  -61.302  -15.989 0.0000000000
6577  38.833  -59.573  -15.795 0.0000000000
6081  39.293  -59.985  -16.970 0.0000000000
107674  38.930  -58.997  -18.441 0.0000000000
6086  40.843  -60.184  -17.614 0.0000000000
6604  42.908  -59.349  -18.655 0.0000000000
107246  43.068  -53.055  -15.775 0.0000000000
107832  42.654  -54.297  -16.105 0.0000000000
102423  43.902  -54.684  -15.812 0.0000000000
9666  36.923  -54.620  -16.282 0.0000000000
11478  36.733  -52.013  -16.716 0.0000000000
99560  39.470  -47.924  -18.515 0.0000000000
13370  38.695  -48.395  -18.293 0.0000000000
104876  40.837  -59.770  -13.327 0.0000000000
7152  40.067  -59.139  -13.718 0.0000000000
6061  40.221  -60.933  -14.023 0.0000000000
5117  40.924  -62.403  -14.703 0.0000000000
5154  41.434  -63.116  -16.141 0.0000000000
9010  36.506  -55.413  -18.162 0.0000000000
10853  37.068  -52.365  -17.555 0.0000000000
10297  37.089  -53.554  -18.477 0.0000000000
12734  39.787  -49.934  -18.350 0.0000000000
105163  39.125  -55.118  -22.059 0.0000000000
10844  39.246  -52.618  -15.066 0.0000000000
8997  37.945  -55.417  -15.951 0.0000000000
91893  37.366  -56.360  -16.586 0.0000000000
104619  38.981  -59.061  -15.076 0.0000000000
7770  38.061  -58.079  -16.041 0.0000000000
8370  37.076  -57.004  -17.256 0.0000000000
7782  37.232  -57.565  -18.721 0.0000000000
7794  37.935  -57.863  -19.234 0.0000000000
7808  39.275  -57.375  -20.116 0.0000000000
5631  42.106  -62.288  -17.488 0.0000000000
97524  41.660  -59.868  -18.090 0.0000000000
7791  40.984  -58.119  -19.576 0.0000000000
8390  40.845  -56.789  -20.635 0.0000000000
13345  37.957  -49.000  -13.804 0.0000000000
12051  39.346  -50.545  -14.410 0.0000000000
99123  40.299  -50.430  -14.493 0.0000000000
11466  39.599  -51.974  -14.841 0.0000000000
10282  40.578  -53.377  -15.596 0.0000000000
9660  41.452  -54.950  -16.188 0.0000000000
98725  41.403  -56.979  -14.532 0.0000000000
7749  43.101  -57.419  -14.081 0.0000000000
7742  41.736  -58.284  -13.494 0.0000000000
12724  38.036  -49.802  -17.870 0.0000000000
12059  37.260  -50.244  -14.443 0.0000000000
11456  37.573  -50.920  -14.484 0.0000000000
99096  37.987  -55.394  -20.822 0.0000000000
10307  38.125  -53.696  -20.572 0.0000000000
8356  40.591  -56.821  -14.848 0.0000000000
8365  39.674  -56.599  -15.308 0.0000000000
6075  40.314  -61.107  -16.534 0.0000000000
6076  39.561  -60.532  -16.300 0.0000000000
93230  40.029  -60.451  -17.006 0.0000000000
6584  39.786  -59.938  -17.461 0.0000000000
6080  40.773  -60.858  -17.075 0.0000000000
6088  44.635  -60.236  -18.909 0.0000000000
10279  43.511  -53.888  -15.981 0.0000000000
9667  36.614  -54.156  -16.615 0.0000000000
10288  36.586  -53.368  -16.365 0.0000000000
10292  36.551  -53.649  -17.173 0.0000000000
14680  39.374  -46.954  -18.812 0.0000000000
6049  40.925  -60.847  -13.398 0.0000000000
5116  41.796  -63.121  -14.369 0.0000000000
5134  40.932  -62.541  -15.599 0.0000000000
9013  36.713  -55.280  -18.875 0.0000000000
9675  36.839  -54.358  -18.712 0.0000000000
10858  38.248  -52.433  -18.742 0.0000000000
12084  39.941  -50.971  -18.633 0.0000000000
13368  40.490  -49.396  -18.432 0.0000000000
10283  39.583  -53.308  -15.396 0.0000000000
10284  38.411  -53.110  -15.183 0.0000000000
100503  39.010  -54.023  -15.618 0.0000000000
106138  37.676  -55.846  -16.191 0.0000000000
8999  38.192  -56.168  -15.923 0.0000000000
6572  39.516  -59.626  -14.420 0.0000000000
99268  39.511  -58.825  -14.358 0.0000000000
108220  38.563  -59.316  -16.367 0.0000000000
7154  38.440  -58.872  -15.883 0.0000000000
7160  38.114  -58.741  -16.749 0.0000000000
7771  37.560  -57.785  -16.863 0.0000000000
7776  37.261  -57.766  -17.841 0.0000000000
6595  39.836  -59.560  -18.074 0.0000000000
7191  38.528  -58.388  -18.996 0.0000000000
7190  39.346  -58.493  -19.142 0.0000000000
7793  38.823  -57.934  -19.565 0.0000000000
7792  39.823  -57.983  -19.667 0.0000000000
4323  40.810  -64.527  -18.904 0.0000000000
5170  42.938  -63.024  -18.813 0.0000000000
4736  42.413  -63.493  -18.339 0.0000000000
5165  42.809  -62.794  -18.217 0.0000000000
5636  42.830  -61.847  -17.918 0.0000000000
6085  42.255  -60.676  -17.834 0.0000000000
7188  43.156  -58.645  -19.100 0.0000000000
7189  41.966  -58.675  -19.060 0.0000000000
7790  42.268  -57.988  -19.563 0.0000000000
7807  40.359  -57.423  -20.156 0.0000000000
7806  41.505  -57.380  -20.101 0.0000000000
13329  37.777  -48.451  -13.492 0.0000000000
12712  39.082  -49.682  -14.084 0.0000000000
10841  42.114  -52.103  -15.367 0.0000000000
12050  40.924  -50.848  -14.759 0.0000000000
11464  41.400  -51.591  -15.078 0.0000000000
11454  39.987  -51.183  -14.663 0.0000000000
10842  41.164  -52.556  -15.372 0.0000000000
10843  40.122  -52.610  -15.194 0.0000000000
10281  41.502  -53.477  -15.784 0.0000000000
104305  42.319  -54.913  -16.129 0.0000000000
9659  41.898  -54.257  -16.119 0.0000000000
8993  41.932  -55.566  -15.837 0.0000000000
8363  41.458  -56.290  -15.253 0.0000000000
8986  42.556  -56.133  -15.228 0.0000000000
7145  44.522  -58.837  -13.606 0.0000000000
7741  43.061  -58.250  -13.576 0.0000000000
11476  38.145  -51.409  -18.175 0.0000000000
11477  37.406  -51.468  -17.504 0.0000000000
12072  38.007  -50.746  -17.871 0.0000000000
14010  38.569  -47.505  -18.413 0.0000000000
9683  37.237  -54.744  -19.497 0.0000000000
9661  40.518  -54.915  -16.094 0.0000000000
9662  39.530  -54.831  -15.951 0.0000000000
8995  39.947  -55.659  -15.840 0.0000000000
7760  39.061  -57.410  -15.125 0.0000000000
6069  39.616  -60.856  -15.426 0.0000000000
6576  39.256  -59.992  -15.198 0.0000000000
6070  39.199  -60.170  -15.827 0.0000000000
6077  38.975  -59.844  -16.380 0.0000000000
6580  38.646  -59.466  -16.985 0.0000000000
7168  38.322  -59.001  -17.665 0.0000000000
6585  39.072  -59.560  -17.652 0.0000000000
6594  40.813  -59.433  -18.318 0.0000000000
6084  43.606  -61.209  -18.327 0.0000000000
6592  43.810  -60.209  -18.516 0.0000000000
6603  44.057  -59.421  -18.814 0.0000000000
108437  42.513  -52.783  -15.631 0.0000000000
10280  42.436  -53.533  -15.901 0.0000000000
97881  43.147  -54.753  -15.959 0.0000000000
11473  36.812  -51.071  -16.654 0.0000000000
12073  37.210  -50.256  -17.199 0.0000000000
13369  39.590  -48.866  -18.375 0.0000000000
12735  38.822  -49.340  -18.232 0.0000000000
7148  40.722  -58.545  -13.583 0.0000000000
7151  39.971  -58.235  -14.074 0.0000000000
6567  40.072  -60.151  -13.801 0.0000000000
5601  40.131  -61.393  -14.643 0.0000000000
5615  40.262  -61.777  -15.437 0.0000000000
5625  40.726  -62.044  -16.200 0.0000000000
9005  36.509  -55.184  -17.544 0.0000000000
9670  36.516  -54.426  -17.396 0.0000000000
10298  36.590  -53.976  -17.949 0.0000000000
10859  37.438  -52.759  -18.292 0.0000000000
10296  37.820  -53.119  -18.954 0.0000000000
11481  38.669  -51.839  -18.561 0.0000000000
96903  40.339  -48.446  -18.547 0.0000000000
9696  38.571  -54.545  -21.888 0.0000000000
11467  38.505  -52.087  -14.793 0.0000000000
9000  37.227  -55.385  -16.406 0.0000000000
7761  38.643  -58.192  -15.365 0.0000000000
93076  38.435  -57.522  -15.623 0.0000000000
8369  37.892  -57.122  -16.136 0.0000000000
107882  37.444  -57.080  -16.700 0.0000000000
107957  36.912  -56.399  -17.091 0.0000000000
8372  36.711  -56.384  -17.595 0.0000000000
8378  36.589  -56.131  -18.429 0.0000000000
8377  36.834  -56.810  -19.017 0.0000000000
7178  37.907  -58.366  -18.396 0.0000000000
100226  37.442  -57.182  -19.469 0.0000000000
8393  37.928  -56.543  -20.263 0.0000000000
8392  38.726  -56.716  -20.515 0.0000000000
4322  41.648  -64.236  -18.970 0.0000000000
6079  41.680  -61.200  -17.408 0.0000000000
6593  42.686  -60.058  -18.248 0.0000000000
6605  41.796  -59.313  -18.526 0.0000000000
6606  40.929  -58.816  -18.920 0.0000000000
8391  39.746  -56.815  -20.644 0.0000000000
8403  39.121  -56.213  -21.132 0.0000000000
9025  39.564  -55.695  -21.693 0.0000000000
13987  36.940  -48.070  -13.888 0.0000000000
13346  37.232  -48.728  -14.105 0.0000000000
12713  38.068  -49.613  -14.086 0.0000000000
12052  38.261  -50.363  -14.296 0.0000000000
12049  41.657  -50.160  -14.542 0.0000000000
12711  40.199  -49.720  -14.157 0.0000000000
104899  39.155  -51.411  -14.628 0.0000000000
98031  41.008  -54.203  -16.023 0.0000000000
8994  40.989  -55.590  -15.866 0.0000000000
91394  42.279  -56.811  -14.600 0.0000000000
7750  42.018  -57.483  -13.946 0.0000000000
107528  37.361  -50.885  -17.311 0.0000000000
13359  37.967  -48.885  -17.971 0.0000000000
4324  40.124  -64.659  -18.764 0.0000000000
6083  44.326  -60.924  -18.760 0.0000000000
7809  38.221  -57.246  -19.916 0.0000000000
8373  36.554  -55.787  -17.734 0.0000000000
8382  37.283  -56.432  -19.754 0.0000000000
8383  36.813  -56.063  -19.217 0.0000000000
8402  40.194  -56.263  -21.188 0.0000000000
9004  36.761  -55.795  -17.069 0.0000000000
9016  38.271  -56.048  -20.829 0.0000000000
9676  36.519  -54.753  -18.132 0.0000000000
9689  37.629  -55.081  -20.268 0.0000000000
10291  36.777  -53.201  -17.713 0.0000000000
10304  37.437  -53.894  -19.255 0.0000000000
10854  36.611  -52.866  -16.907 0.0000000000
11465  40.535  -51.811  -14.957 0.0000000000
11482  37.801  -52.002  -18.204 0.0000000000
12085  38.917  -51.189  -18.388 0.0000000000
96284  36.778  -57.031  -18.172 0.0000000000
96681  40.194  -58.487  -19.239 0.0000000000
107068  40.699  -59.133  -13.413 0.0000000000
107776  37.692  -56.861  -19.880 0.0000000000
