#!ascii label  , from subject sub-p013 vox2ras=TkReg
196
57328  30.850  6.282  -26.003 0.0000000000
51060  27.103  -1.323  -29.243 0.0000000000
61268  33.214  11.317  -26.447 0.0000000000
66544  26.615  18.193  -32.643 0.0000000000
50266  25.552  -2.872  -30.608 0.0000000000
61998  33.726  13.020  -29.254 0.0000000000
64320  32.718  15.377  -31.615 0.0000000000
55714  28.438  4.524  -28.363 0.0000000000
54181  27.942  2.413  -28.955 0.0000000000
54902  29.842  3.636  -26.925 0.0000000000
58954  32.786  8.356  -24.773 0.0000000000
96547  31.717  5.200  -24.870 0.0000000000
58968  31.493  8.155  -25.553 0.0000000000
61267  34.112  11.129  -26.625 0.0000000000
99838  29.199  17.611  -31.445 0.0000000000
65848  30.981  18.004  -32.530 0.0000000000
51817  28.605  -0.197  -27.933 0.0000000000
63524  32.817  14.754  -30.480 0.0000000000
64316  31.804  15.731  -30.498 0.0000000000
56513  29.431  5.444  -27.425 0.0000000000
55713  28.965  4.236  -27.908 0.0000000000
56501  30.305  5.004  -26.608 0.0000000000
50265  26.220  -2.351  -29.948 0.0000000000
60533  32.127  9.987  -25.632 0.0000000000
59770  32.574  9.436  -25.322 0.0000000000
60546  33.549  10.653  -26.005 0.0000000000
92906  33.604  13.137  -31.013 0.0000000000
61298  34.140  12.265  -29.792 0.0000000000
65856  25.507  17.219  -33.420 0.0000000000
101786  27.538  17.219  -31.448 0.0000000000
65849  27.219  17.932  -32.073 0.0000000000
67833  29.607  20.415  -33.876 0.0000000000
66551  30.474  19.064  -33.433 0.0000000000
66540  30.152  18.452  -32.329 0.0000000000
66550  31.008  18.397  -33.544 0.0000000000
65118  32.000  16.803  -33.036 0.0000000000
96727  29.302  2.176  -27.513 0.0000000000
94817  28.534  1.318  -28.292 0.0000000000
49465  24.840  -3.430  -30.731 0.0000000000
61979  33.753  12.325  -27.880 0.0000000000
62787  33.295  13.792  -29.563 0.0000000000
62791  33.365  14.041  -30.497 0.0000000000
63528  33.234  14.735  -32.120 0.0000000000
54957  27.034  3.518  -29.794 0.0000000000
54926  28.454  3.756  -28.418 0.0000000000
54925  28.973  3.436  -27.936 0.0000000000
54130  29.919  2.879  -26.831 0.0000000000
57312  31.346  6.523  -25.520 0.0000000000
56484  31.211  5.690  -25.612 0.0000000000
57297  32.524  6.667  -24.351 0.0000000000
57330  29.868  5.885  -26.999 0.0000000000
58149  30.335  7.046  -26.496 0.0000000000
58148  30.736  6.846  -26.078 0.0000000000
58967  32.265  8.682  -25.186 0.0000000000
59769  33.306  9.460  -25.279 0.0000000000
93661  34.765  10.647  -26.678 0.0000000000
61285  34.298  11.612  -27.453 0.0000000000
102603  34.699  11.035  -27.174 0.0000000000
65106  30.223  16.790  -31.023 0.0000000000
67192  27.880  19.412  -32.526 0.0000000000
66541  29.312  18.750  -32.144 0.0000000000
100914  29.850  17.585  -31.484 0.0000000000
65105  30.884  16.789  -31.229 0.0000000000
65104  31.711  16.657  -31.647 0.0000000000
65112  32.446  16.128  -32.766 0.0000000000
51867  26.918  -0.035  -30.889 0.0000000000
91277  26.998  2.118  -30.208 0.0000000000
94385  30.814  4.878  -25.947 0.0000000000
54889  30.636  3.411  -26.048 0.0000000000
93756  30.202  5.613  -26.698 0.0000000000
56502  29.864  5.199  -27.037 0.0000000000
56500  30.620  5.643  -26.273 0.0000000000
48676  24.283  -4.646  -29.938 0.0000000000
51069  26.631  -1.496  -30.220 0.0000000000
60547  32.676  10.749  -25.992 0.0000000000
60532  33.004  10.113  -25.569 0.0000000000
97339  33.526  13.879  -31.300 0.0000000000
66545  25.868  18.005  -33.257 0.0000000000
65851  26.085  17.476  -32.809 0.0000000000
96479  31.476  17.791  -33.987 0.0000000000
53395  29.693  1.648  -27.050 0.0000000000
53406  29.117  1.405  -27.634 0.0000000000
51085  26.064  -1.176  -31.848 0.0000000000
62775  33.163  13.472  -28.732 0.0000000000
64315  32.487  15.298  -30.820 0.0000000000
93054  33.155  14.638  -31.235 0.0000000000
65867  24.707  17.526  -34.640 0.0000000000
54927  27.804  4.056  -28.896 0.0000000000
54915  29.436  3.926  -27.451 0.0000000000
54143  29.457  3.021  -27.408 0.0000000000
98637  30.254  3.332  -26.545 0.0000000000
50274  24.975  -2.911  -31.224 0.0000000000
49455  25.276  -3.651  -30.036 0.0000000000
57298  31.892  7.027  -24.924 0.0000000000
58119  32.642  7.555  -24.547 0.0000000000
57341  29.445  6.129  -27.382 0.0000000000
59771  31.718  9.068  -25.505 0.0000000000
58989  30.805  7.575  -25.992 0.0000000000
58133  31.325  7.243  -25.605 0.0000000000
60531  33.764  9.992  -25.616 0.0000000000
106973  34.257  9.843  -25.650 0.0000000000
60545  34.389  10.328  -26.033 0.0000000000
61992  34.114  12.426  -28.813 0.0000000000
61294  34.468  11.819  -28.357 0.0000000000
60568  34.903  11.161  -27.931 0.0000000000
65828  28.138  17.319  -31.288 0.0000000000
89549  28.279  16.902  -31.041 0.0000000000
65827  28.872  17.125  -31.190 0.0000000000
89695  29.773  16.514  -30.742 0.0000000000
65840  29.642  17.067  -31.165 0.0000000000
67199  29.332  19.984  -33.166 0.0000000000
67834  28.834  20.626  -33.522 0.0000000000
67191  28.878  19.462  -32.511 0.0000000000
66530  30.383  17.830  -31.855 0.0000000000
94475  30.364  17.250  -31.394 0.0000000000
65839  31.070  17.361  -31.791 0.0000000000
65847  31.592  17.208  -32.379 0.0000000000
65117  32.361  16.162  -33.643 0.0000000000
64329  32.833  15.457  -33.304 0.0000000000
51877  26.333  0.397  -31.753 0.0000000000
54182  27.304  2.643  -29.584 0.0000000000
54192  26.849  2.680  -30.324 0.0000000000
107516  28.102  1.075  -28.786 0.0000000000
52686  28.182  0.465  -28.557 0.0000000000
51857  27.553  -0.024  -29.219 0.0000000000
108460  31.305  5.041  -25.459 0.0000000000
62788  32.753  14.495  -29.828 0.0000000000
63515  32.176  15.175  -30.044 0.0000000000
64321  32.121  15.940  -31.207 0.0000000000
55706  28.927  4.986  -27.844 0.0000000000
55705  29.433  4.716  -27.450 0.0000000000
97680  29.852  4.452  -26.983 0.0000000000
49454  25.883  -3.114  -29.569 0.0000000000
50254  26.514  -2.592  -29.036 0.0000000000
49442  27.015  -2.892  -28.302 0.0000000000
58953  33.544  8.716  -24.895 0.0000000000
94130  33.279  7.973  -24.552 0.0000000000
62002  33.717  13.129  -30.141 0.0000000000
65842  27.687  17.628  -31.597 0.0000000000
65841  28.429  17.667  -31.457 0.0000000000
67198  30.117  19.730  -33.638 0.0000000000
67190  29.889  19.220  -32.826 0.0000000000
94459  30.527  18.648  -32.930 0.0000000000
65855  31.526  17.568  -33.218 0.0000000000
65128  31.873  16.971  -34.014 0.0000000000
54163  28.488  2.141  -28.424 0.0000000000
104769  28.849  1.957  -27.928 0.0000000000
49466  24.208  -3.708  -30.761 0.0000000000
50282  25.463  -2.266  -31.549 0.0000000000
50273  26.034  -2.012  -30.884 0.0000000000
51078  26.395  -1.340  -31.275 0.0000000000
51077  26.784  -0.835  -30.875 0.0000000000
61286  33.564  11.841  -27.019 0.0000000000
61993  33.563  12.836  -28.542 0.0000000000
63527  33.497  14.119  -31.842 0.0000000000
65857  24.909  16.948  -34.039 0.0000000000
65866  25.234  17.805  -33.904 0.0000000000
54943  27.789  3.237  -28.928 0.0000000000
98771  28.464  2.954  -28.437 0.0000000000
53428  28.922  2.633  -27.933 0.0000000000
106319  29.666  2.404  -27.104 0.0000000000
104556  29.980  2.247  -26.744 0.0000000000
57311  31.779  6.146  -24.828 0.0000000000
56475  32.490  5.654  -24.183 0.0000000000
57329  30.361  6.275  -26.529 0.0000000000
57340  29.905  6.569  -26.947 0.0000000000
107928  31.025  6.719  -25.823 0.0000000000
58120  32.080  7.865  -25.101 0.0000000000
59764  32.903  8.980  -25.023 0.0000000000
60530  34.037  9.403  -25.340 0.0000000000
65095  30.559  16.395  -30.718 0.0000000000
66552  26.273  18.675  -33.139 0.0000000000
67193  26.979  19.062  -32.815 0.0000000000
66543  27.495  18.620  -32.266 0.0000000000
66533  27.968  18.187  -31.745 0.0000000000
66532  28.812  18.208  -31.703 0.0000000000
66531  29.625  18.091  -31.785 0.0000000000
65094  31.358  16.255  -30.902 0.0000000000
65103  32.399  16.098  -31.959 0.0000000000
65113  32.089  16.629  -32.322 0.0000000000
64325  32.844  15.445  -32.450 0.0000000000
51868  26.345  -0.550  -31.710 0.0000000000
51858  27.043  -0.595  -29.892 0.0000000000
53456  26.991  1.339  -30.500 0.0000000000
53446  27.460  1.824  -29.566 0.0000000000
102878  26.845  0.696  -31.086 0.0000000000
91021  27.177  0.195  -29.934 0.0000000000
54901  30.371  4.127  -26.455 0.0000000000
55684  31.367  4.428  -25.290 0.0000000000
54900  30.802  4.091  -25.827 0.0000000000
54129  30.425  2.575  -26.314 0.0000000000
49456  24.594  -4.018  -30.279 0.0000000000
52710  27.058  0.624  -30.366 0.0000000000
53445  28.048  1.605  -28.905 0.0000000000
105167  25.990  -1.700  -31.611 0.0000000000
107110  29.326  16.779  -31.003 0.0000000000
