#!ascii label  , from subject sub-p008 vox2ras=TkReg
367
132620  -23.192  12.519  -37.510 0.0000000000
141870  -20.413  7.722  -34.714 0.0000000000
76480  -26.348  8.569  -37.142 0.0000000000
71736  -23.197  3.792  -35.560 0.0000000000
91314  -24.081  24.696  -36.216 0.0000000000
88614  -25.348  21.417  -36.263 0.0000000000
127167  -20.650  17.048  -35.963 0.0000000000
67957  -22.303  -0.118  -33.361 0.0000000000
136183  -21.700  6.073  -35.351 0.0000000000
72620  -20.267  4.407  -33.722 0.0000000000
91321  -24.618  23.624  -36.632 0.0000000000
88620  -23.163  21.142  -36.523 0.0000000000
80377  -19.892  12.567  -35.321 0.0000000000
82175  -18.409  14.508  -33.891 0.0000000000
83035  -21.261  15.151  -36.479 0.0000000000
128481  -24.024  17.805  -37.274 0.0000000000
83046  -25.077  15.821  -37.076 0.0000000000
80387  -25.719  12.876  -36.913 0.0000000000
78396  -18.872  10.150  -33.921 0.0000000000
78415  -21.956  10.467  -36.726 0.0000000000
124096  -24.659  10.061  -37.783 0.0000000000
76479  -23.550  8.333  -37.426 0.0000000000
73592  -24.681  5.726  -36.749 0.0000000000
72638  -25.881  4.139  -35.776 0.0000000000
86643  -19.512  19.493  -34.000 0.0000000000
118794  -23.517  19.031  -36.901 0.0000000000
127480  -25.717  20.069  -36.085 0.0000000000
70791  -20.160  2.299  -32.929 0.0000000000
69948  -22.534  1.852  -34.298 0.0000000000
72619  -19.661  4.766  -33.247 0.0000000000
72606  -19.206  4.367  -32.670 0.0000000000
89551  -23.092  21.882  -36.513 0.0000000000
87622  -22.012  20.573  -35.456 0.0000000000
80386  -21.797  12.740  -36.908 0.0000000000
81305  -20.658  13.577  -36.088 0.0000000000
81316  -22.153  13.471  -37.138 0.0000000000
83043  -23.169  15.399  -37.575 0.0000000000
130602  -24.006  13.876  -37.658 0.0000000000
133402  -25.363  14.306  -36.965 0.0000000000
80396  -24.796  12.749  -37.278 0.0000000000
76459  -19.497  8.665  -34.238 0.0000000000
135790  -20.105  9.843  -35.052 0.0000000000
76468  -20.734  8.697  -35.341 0.0000000000
76477  -22.216  8.812  -36.538 0.0000000000
75504  -22.132  7.948  -36.244 0.0000000000
141164  -22.545  4.950  -35.713 0.0000000000
73590  -22.986  6.055  -36.349 0.0000000000
72644  -24.009  4.869  -36.262 0.0000000000
72646  -25.515  4.627  -36.270 0.0000000000
71744  -24.441  4.073  -36.082 0.0000000000
137140  -23.248  24.258  -35.700 0.0000000000
91312  -22.900  24.890  -35.241 0.0000000000
92118  -23.217  25.629  -35.598 0.0000000000
92931  -23.332  26.476  -36.119 0.0000000000
92120  -24.204  25.471  -35.936 0.0000000000
90444  -25.231  23.137  -36.247 0.0000000000
133417  -19.104  15.846  -34.891 0.0000000000
84741  -17.993  17.475  -33.639 0.0000000000
85693  -19.910  18.089  -34.944 0.0000000000
85695  -21.407  18.761  -35.677 0.0000000000
85709  -22.026  18.321  -36.492 0.0000000000
84790  -25.066  18.213  -36.832 0.0000000000
85713  -25.374  18.999  -36.455 0.0000000000
85697  -26.243  18.953  -35.943 0.0000000000
77455  -25.143  9.459  -37.744 0.0000000000
78425  -25.667  10.459  -37.428 0.0000000000
67943  -20.942  -0.010  -32.384 0.0000000000
69924  -21.010  1.225  -32.996 0.0000000000
69947  -21.777  2.008  -33.801 0.0000000000
68955  -22.833  1.041  -34.216 0.0000000000
74520  -19.696  7.004  -33.929 0.0000000000
74534  -21.421  6.780  -35.361 0.0000000000
74521  -20.442  6.046  -34.306 0.0000000000
72631  -21.250  4.770  -34.667 0.0000000000
71734  -21.654  4.037  -34.766 0.0000000000
90443  -23.550  23.716  -36.401 0.0000000000
135778  -24.458  24.195  -36.406 0.0000000000
90449  -23.838  23.155  -36.967 0.0000000000
89553  -24.345  22.480  -36.981 0.0000000000
88622  -24.290  21.535  -36.877 0.0000000000
132604  -18.858  12.542  -34.196 0.0000000000
142446  -19.282  13.715  -34.882 0.0000000000
83025  -19.920  15.054  -35.556 0.0000000000
83867  -20.740  16.383  -36.095 0.0000000000
83869  -21.885  16.913  -36.994 0.0000000000
132062  -22.768  16.076  -37.487 0.0000000000
83886  -24.647  16.631  -37.213 0.0000000000
83871  -26.100  16.751  -36.593 0.0000000000
83038  -26.481  15.977  -36.407 0.0000000000
67047  -23.589  -1.244  -33.627 0.0000000000
67959  -23.732  -0.529  -34.024 0.0000000000
79373  -19.370  11.348  -34.491 0.0000000000
79382  -20.759  11.539  -35.945 0.0000000000
79392  -22.381  11.347  -37.142 0.0000000000
79404  -24.134  11.554  -37.519 0.0000000000
78416  -23.087  10.542  -37.353 0.0000000000
76486  -24.004  8.931  -37.733 0.0000000000
76487  -24.623  8.478  -37.845 0.0000000000
74543  -22.848  6.907  -36.572 0.0000000000
75507  -24.278  7.319  -37.509 0.0000000000
74554  -25.761  7.330  -37.476 0.0000000000
74547  -26.206  6.362  -36.750 0.0000000000
72639  -26.414  4.805  -35.507 0.0000000000
125401  -24.625  24.736  -35.904 0.0000000000
86652  -21.676  19.657  -35.479 0.0000000000
86659  -23.200  19.773  -36.637 0.0000000000
87632  -24.716  20.722  -36.603 0.0000000000
85721  -23.678  18.291  -37.182 0.0000000000
86662  -25.004  19.618  -36.541 0.0000000000
87624  -25.750  20.622  -35.992 0.0000000000
80397  -25.367  12.107  -37.157 0.0000000000
80388  -26.258  12.020  -36.750 0.0000000000
71686  -19.055  3.095  -32.023 0.0000000000
70790  -19.935  3.083  -33.102 0.0000000000
70802  -22.049  2.684  -34.450 0.0000000000
70803  -22.973  2.366  -34.845 0.0000000000
68957  -24.314  0.593  -34.652 0.0000000000
69950  -24.041  1.264  -35.064 0.0000000000
130069  -24.275  2.675  -35.535 0.0000000000
87612  -21.417  20.692  -34.639 0.0000000000
135220  -22.525  12.831  -37.308 0.0000000000
81317  -22.880  13.347  -37.461 0.0000000000
131020  -23.110  13.954  -37.545 0.0000000000
81318  -23.534  13.383  -37.588 0.0000000000
81319  -24.114  13.104  -37.534 0.0000000000
127693  -23.736  12.615  -37.546 0.0000000000
75488  -19.775  7.797  -34.209 0.0000000000
76449  -19.160  8.191  -33.758 0.0000000000
76460  -20.237  8.317  -34.731 0.0000000000
77423  -20.024  9.121  -34.826 0.0000000000
76469  -21.449  8.343  -35.792 0.0000000000
137236  -20.824  7.974  -35.219 0.0000000000
72636  -22.756  4.490  -35.658 0.0000000000
73580  -23.056  5.121  -36.170 0.0000000000
72637  -23.358  4.486  -35.919 0.0000000000
71737  -23.995  3.473  -35.745 0.0000000000
91313  -23.590  24.892  -35.840 0.0000000000
92119  -23.767  25.589  -36.007 0.0000000000
89554  -24.999  22.296  -36.591 0.0000000000
90445  -25.703  22.832  -35.433 0.0000000000
89546  -25.521  22.189  -35.920 0.0000000000
89547  -26.049  22.160  -35.144 0.0000000000
83853  -19.416  16.437  -35.136 0.0000000000
83839  -18.920  16.629  -34.674 0.0000000000
84760  -19.465  17.313  -34.981 0.0000000000
85662  -18.350  18.305  -33.749 0.0000000000
84775  -20.281  17.518  -35.481 0.0000000000
84776  -21.157  17.755  -35.964 0.0000000000
121486  -25.927  18.275  -36.389 0.0000000000
76489  -25.729  9.017  -37.557 0.0000000000
77456  -25.716  9.731  -37.509 0.0000000000
77443  -26.334  9.355  -37.106 0.0000000000
67944  -21.654  -0.436  -32.787 0.0000000000
68932  -21.495  0.502  -32.999 0.0000000000
68945  -22.285  0.717  -33.605 0.0000000000
133130  -21.605  1.304  -33.414 0.0000000000
73567  -19.785  6.161  -33.664 0.0000000000
142377  -20.176  6.618  -34.229 0.0000000000
72630  -20.668  4.812  -34.182 0.0000000000
71722  -20.939  4.125  -34.237 0.0000000000
131556  -23.161  22.835  -36.309 0.0000000000
89552  -23.704  22.267  -36.992 0.0000000000
88621  -23.708  21.374  -36.810 0.0000000000
80368  -19.403  12.160  -34.648 0.0000000000
81298  -19.294  12.992  -34.793 0.0000000000
82203  -20.990  14.326  -36.291 0.0000000000
82197  -20.283  14.297  -35.739 0.0000000000
83026  -20.616  15.048  -35.957 0.0000000000
133650  -20.303  15.771  -35.771 0.0000000000
137935  -20.864  15.703  -36.171 0.0000000000
83868  -21.413  16.099  -36.658 0.0000000000
83036  -21.888  15.337  -37.027 0.0000000000
83045  -24.435  15.606  -37.361 0.0000000000
83044  -23.816  15.444  -37.548 0.0000000000
83870  -25.361  16.679  -36.909 0.0000000000
83037  -25.750  15.960  -36.748 0.0000000000
81307  -25.268  13.510  -37.043 0.0000000000
82205  -26.129  14.662  -36.641 0.0000000000
121772  -26.747  13.092  -36.429 0.0000000000
67048  -24.058  -1.846  -33.512 0.0000000000
131891  -24.817  -1.688  -33.519 0.0000000000
127666  -18.753  11.093  -33.903 0.0000000000
78397  -19.249  10.621  -34.313 0.0000000000
77440  -21.225  9.948  -36.058 0.0000000000
137040  -20.439  10.972  -35.554 0.0000000000
78414  -21.062  10.764  -36.090 0.0000000000
121523  -21.513  11.393  -36.574 0.0000000000
76478  -23.171  8.931  -37.257 0.0000000000
75513  -24.109  8.090  -37.660 0.0000000000
74535  -22.229  6.436  -35.876 0.0000000000
73591  -23.813  5.815  -36.556 0.0000000000
74544  -23.793  6.691  -36.859 0.0000000000
74545  -24.602  6.585  -37.266 0.0000000000
74553  -24.974  7.200  -37.692 0.0000000000
74546  -25.470  6.367  -37.142 0.0000000000
140285  -26.023  6.746  -37.195 0.0000000000
72647  -26.048  5.004  -36.265 0.0000000000
72632  -26.675  4.657  -34.770 0.0000000000
91315  -25.073  24.058  -36.098 0.0000000000
137292  -18.649  19.456  -33.323 0.0000000000
86644  -20.148  19.805  -34.159 0.0000000000
87621  -21.337  20.228  -34.806 0.0000000000
86651  -20.894  19.442  -34.754 0.0000000000
85696  -22.698  19.068  -36.614 0.0000000000
87631  -24.382  20.230  -36.669 0.0000000000
86660  -24.000  19.694  -36.816 0.0000000000
84803  -23.490  17.410  -37.340 0.0000000000
84802  -23.044  17.771  -37.260 0.0000000000
86663  -25.562  19.612  -36.226 0.0000000000
85712  -24.735  19.023  -36.803 0.0000000000
87633  -25.185  20.191  -36.408 0.0000000000
87613  -26.360  20.715  -35.169 0.0000000000
132935  -24.397  10.899  -37.610 0.0000000000
79405  -24.728  11.628  -37.442 0.0000000000
78424  -25.012  10.705  -37.640 0.0000000000
79393  -26.298  10.986  -36.905 0.0000000000
69922  -19.752  1.876  -32.391 0.0000000000
70780  -19.548  2.676  -32.494 0.0000000000
70792  -21.196  2.698  -33.815 0.0000000000
142622  -23.850  0.104  -34.402 0.0000000000
69961  -24.543  1.896  -35.336 0.0000000000
73561  -19.593  5.462  -33.265 0.0000000000
73552  -19.182  5.164  -32.730 0.0000000000
71709  -19.773  3.939  -33.205 0.0000000000
127036  -22.636  22.138  -35.665 0.0000000000
88613  -22.581  21.317  -35.932 0.0000000000
80378  -20.488  12.848  -35.924 0.0000000000
80385  -21.043  12.989  -36.437 0.0000000000
81306  -21.393  13.566  -36.631 0.0000000000
82204  -21.780  14.372  -36.902 0.0000000000
82215  -22.310  14.772  -37.256 0.0000000000
82216  -22.877  14.661  -37.508 0.0000000000
82217  -23.552  14.458  -37.616 0.0000000000
82218  -24.198  14.670  -37.516 0.0000000000
82219  -24.836  14.894  -37.200 0.0000000000
81320  -24.607  13.860  -37.339 0.0000000000
76458  -18.783  8.806  -33.640 0.0000000000
140753  -19.513  9.221  -34.411 0.0000000000
77422  -19.494  9.848  -34.517 0.0000000000
77430  -20.655  9.489  -35.467 0.0000000000
77431  -21.350  9.139  -35.941 0.0000000000
77441  -21.864  9.598  -36.483 0.0000000000
73579  -22.309  5.538  -35.670 0.0000000000
73593  -25.467  5.351  -36.604 0.0000000000
72645  -24.888  4.743  -36.407 0.0000000000
71745  -25.169  4.005  -36.073 0.0000000000
90433  -22.663  24.181  -34.925 0.0000000000
129445  -24.514  26.199  -35.687 0.0000000000
90451  -24.686  22.998  -36.787 0.0000000000
84740  -17.326  17.332  -32.797 0.0000000000
85680  -19.210  18.431  -34.372 0.0000000000
85681  -20.075  18.932  -34.527 0.0000000000
85694  -20.619  18.390  -35.228 0.0000000000
84804  -24.520  17.613  -37.152 0.0000000000
85722  -24.368  18.381  -37.082 0.0000000000
86654  -26.122  19.581  -35.846 0.0000000000
131128  -25.202  10.049  -37.692 0.0000000000
78417  -26.330  10.133  -37.049 0.0000000000
68931  -20.674  0.795  -32.552 0.0000000000
69923  -20.396  1.537  -32.759 0.0000000000
69937  -20.912  1.948  -33.334 0.0000000000
69938  -22.230  1.411  -33.814 0.0000000000
75489  -20.276  7.195  -34.468 0.0000000000
75495  -20.838  7.326  -35.015 0.0000000000
74533  -20.700  6.684  -34.716 0.0000000000
74522  -21.068  6.086  -34.893 0.0000000000
73568  -20.173  5.298  -33.819 0.0000000000
73569  -20.826  5.418  -34.490 0.0000000000
73578  -21.505  5.444  -35.060 0.0000000000
72635  -22.047  4.720  -35.271 0.0000000000
71735  -22.361  3.915  -35.223 0.0000000000
131032  -22.595  23.488  -34.689 0.0000000000
90442  -22.933  23.557  -35.511 0.0000000000
91319  -23.794  24.319  -36.307 0.0000000000
91320  -24.096  23.862  -36.670 0.0000000000
90450  -24.270  23.267  -36.926 0.0000000000
88623  -24.795  21.510  -36.649 0.0000000000
82186  -19.009  14.360  -34.670 0.0000000000
81299  -19.890  13.477  -35.455 0.0000000000
82196  -19.584  14.330  -35.265 0.0000000000
83008  -19.315  15.089  -35.085 0.0000000000
133422  -19.654  15.801  -35.367 0.0000000000
83854  -20.039  16.617  -35.581 0.0000000000
84787  -21.222  16.960  -36.441 0.0000000000
83883  -22.720  16.942  -37.332 0.0000000000
83884  -23.433  16.380  -37.493 0.0000000000
83885  -24.030  17.043  -37.342 0.0000000000
84805  -25.040  17.355  -37.003 0.0000000000
84791  -25.644  17.495  -36.698 0.0000000000
84792  -26.471  17.531  -36.371 0.0000000000
83872  -26.899  16.753  -36.243 0.0000000000
126676  -25.510  15.163  -36.863 0.0000000000
132984  -26.297  7.849  -37.198 0.0000000000
67958  -22.986  -0.685  -33.593 0.0000000000
68946  -23.089  0.170  -33.988 0.0000000000
80367  -18.935  11.844  -34.113 0.0000000000
79381  -19.995  11.638  -35.253 0.0000000000
78405  -19.859  10.643  -34.962 0.0000000000
140343  -20.464  12.181  -35.743 0.0000000000
79391  -21.108  12.242  -36.389 0.0000000000
135182  -21.859  11.978  -36.927 0.0000000000
79401  -22.506  12.149  -37.282 0.0000000000
80394  -23.719  11.924  -37.520 0.0000000000
79402  -23.243  11.495  -37.472 0.0000000000
135172  -23.692  10.794  -37.537 0.0000000000
120535  -24.126  10.472  -37.670 0.0000000000
77442  -22.677  9.672  -36.994 0.0000000000
77452  -23.558  9.695  -37.513 0.0000000000
77453  -24.168  9.775  -37.788 0.0000000000
77454  -24.631  9.237  -37.826 0.0000000000
76488  -25.130  8.740  -37.792 0.0000000000
75516  -25.736  8.255  -37.563 0.0000000000
75496  -21.450  7.594  -35.601 0.0000000000
75497  -22.113  7.209  -36.048 0.0000000000
142065  -22.684  7.567  -36.615 0.0000000000
75506  -23.480  7.593  -37.110 0.0000000000
75514  -24.636  7.827  -37.820 0.0000000000
75515  -25.121  7.976  -37.825 0.0000000000
75508  -26.437  7.147  -36.852 0.0000000000
74536  -26.555  6.673  -36.123 0.0000000000
73594  -25.974  5.727  -36.632 0.0000000000
143603  -26.526  5.793  -35.885 0.0000000000
92121  -24.950  25.460  -35.317 0.0000000000
91302  -25.424  24.571  -34.996 0.0000000000
87629  -22.776  20.543  -36.324 0.0000000000
86653  -22.366  19.803  -36.176 0.0000000000
87630  -23.677  20.515  -36.690 0.0000000000
132144  -24.227  20.865  -36.741 0.0000000000
84788  -21.729  17.511  -36.610 0.0000000000
85710  -22.914  18.370  -36.989 0.0000000000
85711  -24.186  19.029  -36.989 0.0000000000
86661  -24.530  19.613  -36.700 0.0000000000
123925  -24.770  20.071  -36.556 0.0000000000
87623  -25.193  20.772  -36.409 0.0000000000
88615  -25.882  21.367  -35.632 0.0000000000
80395  -24.159  12.247  -37.486 0.0000000000
79406  -25.543  11.308  -37.300 0.0000000000
71699  -19.354  3.533  -32.604 0.0000000000
71710  -20.547  3.466  -33.692 0.0000000000
140455  -20.526  2.696  -33.378 0.0000000000
71723  -21.383  3.386  -34.309 0.0000000000
71724  -22.006  3.420  -34.783 0.0000000000
70813  -22.649  3.156  -35.077 0.0000000000
68956  -23.590  0.764  -34.544 0.0000000000
69949  -23.319  1.543  -34.709 0.0000000000
69960  -23.774  2.051  -35.234 0.0000000000
70814  -23.480  2.884  -35.374 0.0000000000
131350  -24.741  3.339  -35.809 0.0000000000
71743  -23.802  4.132  -35.933 0.0000000000
75505  -22.886  8.185  -36.912 0.0000000000
77421  -19.098  9.364  -34.011 0.0000000000
78406  -20.550  10.273  -35.532 0.0000000000
79403  -23.888  11.175  -37.540 0.0000000000
83042  -22.517  15.410  -37.391 0.0000000000
83838  -18.329  16.738  -34.087 0.0000000000
83882  -22.157  16.157  -37.248 0.0000000000
84759  -18.676  17.496  -34.321 0.0000000000
84789  -22.395  17.648  -36.983 0.0000000000
87611  -20.650  20.306  -34.154 0.0000000000
123730  -17.683  18.043  -33.179 0.0000000000
132653  -22.533  14.078  -37.325 0.0000000000
135245  -23.807  10.264  -37.622 0.0000000000
136284  -22.026  19.121  -36.151 0.0000000000
137316  -26.125  15.372  -36.599 0.0000000000
138345  -24.076  16.227  -37.432 0.0000000000
139001  -25.439  20.397  -36.276 0.0000000000
141650  -24.247  6.248  -36.856 0.0000000000
