#!ascii label  , from subject sub-p008 vox2ras=TkReg
303
72622  -27.864  4.617  -32.848 0.0000000000
76480  -26.348  8.569  -37.142 0.0000000000
88614  -25.348  21.417  -36.263 0.0000000000
85714  -26.833  18.191  -36.010 0.0000000000
133657  -28.216  14.052  -35.139 0.0000000000
77406  -29.586  9.404  -32.575 0.0000000000
91321  -24.618  23.624  -36.632 0.0000000000
83039  -27.203  15.928  -35.997 0.0000000000
80387  -25.719  12.876  -36.913 0.0000000000
74537  -26.978  6.634  -35.451 0.0000000000
76471  -27.928  9.061  -35.116 0.0000000000
75474  -28.773  7.331  -32.771 0.0000000000
67971  -25.483  -0.120  -34.000 0.0000000000
72638  -25.881  4.139  -35.776 0.0000000000
94584  -22.643  28.521  -36.841 0.0000000000
93773  -23.536  27.556  -36.706 0.0000000000
92914  -25.405  26.279  -34.884 0.0000000000
91303  -26.340  24.706  -34.051 0.0000000000
90436  -27.097  23.001  -33.924 0.0000000000
127480  -25.717  20.069  -36.085 0.0000000000
120659  -27.762  20.565  -34.013 0.0000000000
124541  -28.561  18.611  -34.229 0.0000000000
83832  -29.324  16.431  -33.602 0.0000000000
82165  -29.530  14.836  -33.043 0.0000000000
79394  -27.003  11.487  -36.298 0.0000000000
127593  -28.742  11.685  -34.036 0.0000000000
133402  -25.363  14.306  -36.965 0.0000000000
80396  -24.796  12.749  -37.278 0.0000000000
73562  -27.380  5.823  -34.196 0.0000000000
74511  -27.848  6.641  -33.856 0.0000000000
73553  -28.359  5.800  -32.682 0.0000000000
124194  -26.391  -4.359  -31.585 0.0000000000
65149  -26.801  -2.958  -32.251 0.0000000000
67031  -26.653  -2.234  -32.690 0.0000000000
72646  -25.515  4.627  -36.270 0.0000000000
71744  -24.441  4.073  -36.082 0.0000000000
92933  -24.954  26.979  -35.444 0.0000000000
90444  -25.231  23.137  -36.247 0.0000000000
90434  -25.599  23.611  -35.306 0.0000000000
90445  -25.703  22.832  -35.433 0.0000000000
91304  -26.709  23.847  -33.892 0.0000000000
89547  -26.049  22.160  -35.144 0.0000000000
85697  -26.243  18.953  -35.943 0.0000000000
87614  -27.104  20.205  -34.722 0.0000000000
86645  -27.514  18.998  -35.161 0.0000000000
86646  -27.987  19.107  -34.675 0.0000000000
85682  -27.948  18.576  -34.952 0.0000000000
82199  -28.278  14.924  -35.197 0.0000000000
83013  -28.479  16.017  -34.749 0.0000000000
82192  -28.716  15.068  -34.377 0.0000000000
82997  -29.432  15.627  -33.341 0.0000000000
141310  -28.834  14.383  -33.963 0.0000000000
77455  -25.143  9.459  -37.744 0.0000000000
78425  -25.667  10.459  -37.428 0.0000000000
77444  -26.879  9.752  -36.401 0.0000000000
77415  -28.744  9.297  -33.847 0.0000000000
134459  -28.514  10.727  -34.421 0.0000000000
78391  -29.212  10.635  -33.336 0.0000000000
80348  -29.632  12.055  -32.719 0.0000000000
78379  -30.050  10.673  -32.005 0.0000000000
67963  -27.470  -0.257  -32.941 0.0000000000
68959  -25.815  0.530  -34.147 0.0000000000
68947  -26.415  0.905  -33.897 0.0000000000
70794  -27.167  2.114  -33.410 0.0000000000
83871  -26.100  16.751  -36.593 0.0000000000
84793  -27.248  17.492  -35.990 0.0000000000
83038  -26.481  15.977  -36.407 0.0000000000
81309  -26.922  14.217  -36.230 0.0000000000
142795  -27.376  13.567  -35.899 0.0000000000
75498  -26.830  7.312  -35.885 0.0000000000
76470  -27.361  8.592  -35.713 0.0000000000
76461  -27.782  8.185  -34.900 0.0000000000
75490  -28.281  8.098  -34.040 0.0000000000
76452  -29.138  8.863  -33.131 0.0000000000
67051  -27.393  -0.976  -32.844 0.0000000000
74554  -25.761  7.330  -37.476 0.0000000000
74547  -26.206  6.362  -36.750 0.0000000000
72639  -26.414  4.805  -35.507 0.0000000000
71726  -26.794  4.136  -34.262 0.0000000000
95425  -22.490  29.286  -36.591 0.0000000000
93760  -22.861  27.161  -36.101 0.0000000000
93772  -23.002  28.136  -37.230 0.0000000000
94586  -25.092  28.565  -35.480 0.0000000000
93744  -25.465  27.774  -35.099 0.0000000000
132574  -26.783  27.091  -34.335 0.0000000000
125401  -24.625  24.736  -35.904 0.0000000000
92107  -25.860  25.519  -34.426 0.0000000000
92916  -27.514  26.635  -34.099 0.0000000000
92097  -27.983  25.285  -33.629 0.0000000000
91291  -28.164  24.489  -33.600 0.0000000000
90423  -28.957  23.288  -33.508 0.0000000000
87624  -25.750  20.622  -35.992 0.0000000000
87613  -26.360  20.715  -35.169 0.0000000000
88606  -27.042  21.180  -34.335 0.0000000000
88596  -28.730  21.754  -33.485 0.0000000000
87602  -28.615  20.899  -33.559 0.0000000000
86631  -29.216  19.050  -33.465 0.0000000000
84778  -28.202  17.526  -34.965 0.0000000000
132001  -28.910  17.935  -34.077 0.0000000000
80397  -25.367  12.107  -37.157 0.0000000000
80388  -26.258  12.020  -36.750 0.0000000000
81300  -27.492  12.844  -35.811 0.0000000000
78407  -27.490  10.152  -35.770 0.0000000000
79384  -28.116  11.655  -35.073 0.0000000000
134418  -28.505  12.789  -34.421 0.0000000000
81268  -29.431  13.402  -33.084 0.0000000000
81269  -29.913  13.358  -32.389 0.0000000000
70816  -25.678  2.581  -35.251 0.0000000000
70793  -26.741  2.740  -33.888 0.0000000000
71700  -27.745  3.701  -32.747 0.0000000000
72621  -27.589  5.144  -33.482 0.0000000000
73563  -27.910  5.897  -33.366 0.0000000000
142026  -28.001  5.315  -32.941 0.0000000000
123859  -28.387  5.045  -32.467 0.0000000000
65134  -27.012  -3.682  -31.709 0.0000000000
65148  -26.176  -3.589  -32.112 0.0000000000
89554  -24.999  22.296  -36.591 0.0000000000
89546  -25.521  22.189  -35.920 0.0000000000
121486  -25.927  18.275  -36.389 0.0000000000
86655  -26.808  19.251  -35.467 0.0000000000
85698  -27.288  18.608  -35.503 0.0000000000
131228  -28.552  14.220  -34.574 0.0000000000
76489  -25.729  9.017  -37.557 0.0000000000
77456  -25.716  9.731  -37.509 0.0000000000
77443  -26.334  9.355  -37.106 0.0000000000
77416  -29.205  9.748  -33.274 0.0000000000
78378  -29.609  10.220  -32.639 0.0000000000
79357  -29.601  11.129  -32.676 0.0000000000
78368  -30.011  9.821  -32.003 0.0000000000
68948  -27.118  0.401  -33.304 0.0000000000
83046  -25.077  15.821  -37.076 0.0000000000
83037  -25.750  15.960  -36.748 0.0000000000
81307  -25.268  13.510  -37.043 0.0000000000
82205  -26.129  14.662  -36.641 0.0000000000
81308  -26.048  13.780  -36.747 0.0000000000
121772  -26.747  13.092  -36.429 0.0000000000
133209  -27.265  7.896  -35.625 0.0000000000
75499  -27.424  7.334  -35.168 0.0000000000
75482  -28.318  7.371  -33.579 0.0000000000
76451  -28.735  8.087  -33.308 0.0000000000
76442  -29.250  8.096  -32.596 0.0000000000
64241  -25.542  -4.246  -31.952 0.0000000000
63334  -25.735  -5.166  -31.441 0.0000000000
128313  -27.314  -1.787  -32.637 0.0000000000
140285  -26.023  6.746  -37.195 0.0000000000
72647  -26.048  5.004  -36.265 0.0000000000
72632  -26.675  4.657  -34.770 0.0000000000
120164  -26.376  4.064  -35.030 0.0000000000
94575  -22.557  28.634  -35.908 0.0000000000
95412  -22.660  29.428  -35.676 0.0000000000
95443  -22.611  29.230  -37.150 0.0000000000
92938  -23.587  26.905  -36.426 0.0000000000
93761  -23.180  27.373  -36.608 0.0000000000
94603  -23.435  28.357  -37.083 0.0000000000
94585  -24.187  28.789  -36.546 0.0000000000
93762  -24.371  27.787  -36.195 0.0000000000
132147  -25.911  27.071  -34.654 0.0000000000
93745  -26.543  27.829  -34.550 0.0000000000
91315  -25.073  24.058  -36.098 0.0000000000
138319  -26.068  23.965  -34.515 0.0000000000
91302  -25.424  24.571  -34.996 0.0000000000
92915  -26.419  26.383  -34.307 0.0000000000
91289  -27.029  25.624  -33.835 0.0000000000
92108  -27.954  25.996  -33.794 0.0000000000
91290  -27.280  24.648  -33.654 0.0000000000
90422  -27.589  23.817  -33.631 0.0000000000
139180  -28.343  23.788  -33.561 0.0000000000
90437  -27.945  23.044  -33.524 0.0000000000
86663  -25.562  19.612  -36.226 0.0000000000
86662  -25.004  19.618  -36.541 0.0000000000
88607  -27.953  21.456  -33.691 0.0000000000
142263  -28.218  20.283  -33.848 0.0000000000
86647  -28.538  19.338  -33.930 0.0000000000
83855  -27.554  16.753  -35.743 0.0000000000
84777  -27.773  17.502  -35.476 0.0000000000
83856  -28.077  16.798  -35.190 0.0000000000
83846  -28.841  16.648  -34.219 0.0000000000
83845  -28.445  16.908  -34.702 0.0000000000
84765  -29.175  17.230  -33.821 0.0000000000
142362  -29.917  14.695  -32.487 0.0000000000
79405  -24.728  11.628  -37.442 0.0000000000
79393  -26.298  10.986  -36.905 0.0000000000
80389  -27.068  12.297  -36.247 0.0000000000
80379  -27.575  11.991  -35.683 0.0000000000
77432  -27.430  9.384  -35.769 0.0000000000
77433  -28.005  9.796  -35.263 0.0000000000
79368  -28.783  11.022  -33.922 0.0000000000
134460  -28.202  10.894  -34.952 0.0000000000
79376  -28.487  11.346  -34.486 0.0000000000
80373  -28.490  12.080  -34.519 0.0000000000
80361  -28.809  12.373  -33.917 0.0000000000
81281  -28.816  13.429  -33.896 0.0000000000
80349  -30.080  12.533  -32.154 0.0000000000
130571  -29.654  12.787  -32.726 0.0000000000
71711  -27.362  2.964  -33.172 0.0000000000
129556  -27.923  2.924  -32.582 0.0000000000
82219  -24.836  14.894  -37.200 0.0000000000
81320  -24.607  13.860  -37.339 0.0000000000
125353  -27.044  6.050  -35.026 0.0000000000
74523  -27.467  6.642  -34.693 0.0000000000
74501  -28.342  6.584  -33.078 0.0000000000
74502  -28.885  6.384  -32.239 0.0000000000
73539  -28.740  5.526  -32.137 0.0000000000
66086  -26.021  -2.034  -33.031 0.0000000000
143631  -27.292  -2.444  -32.370 0.0000000000
73593  -25.467  5.351  -36.604 0.0000000000
72645  -24.888  4.743  -36.407 0.0000000000
71745  -25.169  4.005  -36.073 0.0000000000
129566  -22.639  27.833  -36.020 0.0000000000
92939  -24.120  26.879  -36.253 0.0000000000
129445  -24.514  26.199  -35.687 0.0000000000
92121  -24.950  25.460  -35.317 0.0000000000
90435  -26.249  23.071  -34.600 0.0000000000
89538  -26.690  22.152  -34.414 0.0000000000
86654  -26.122  19.581  -35.846 0.0000000000
87625  -26.415  19.947  -35.479 0.0000000000
123994  -27.309  19.502  -35.007 0.0000000000
87615  -27.945  19.807  -34.321 0.0000000000
83027  -27.914  15.907  -35.481 0.0000000000
83014  -28.975  15.804  -33.999 0.0000000000
82180  -29.123  14.984  -33.699 0.0000000000
82179  -29.249  14.183  -33.432 0.0000000000
78424  -25.012  10.705  -37.640 0.0000000000
131128  -25.202  10.049  -37.692 0.0000000000
78417  -26.330  10.133  -37.049 0.0000000000
78418  -26.934  10.580  -36.342 0.0000000000
77424  -28.380  9.559  -34.578 0.0000000000
78390  -28.737  10.164  -34.010 0.0000000000
79369  -29.194  11.634  -33.442 0.0000000000
79358  -30.086  11.608  -32.058 0.0000000000
80330  -30.557  12.168  -31.403 0.0000000000
79347  -30.495  11.172  -31.392 0.0000000000
67972  -26.291  0.085  -33.721 0.0000000000
69939  -26.440  1.850  -34.083 0.0000000000
69940  -27.087  1.306  -33.458 0.0000000000
69925  -27.572  1.635  -33.002 0.0000000000
84791  -25.644  17.495  -36.698 0.0000000000
84792  -26.471  17.531  -36.371 0.0000000000
83872  -26.899  16.753  -36.243 0.0000000000
126676  -25.510  15.163  -36.863 0.0000000000
82206  -26.754  15.187  -36.307 0.0000000000
126827  -27.501  15.050  -35.810 0.0000000000
82198  -27.731  14.206  -35.612 0.0000000000
81301  -27.925  13.457  -35.407 0.0000000000
132984  -26.297  7.849  -37.198 0.0000000000
76481  -26.868  8.946  -36.439 0.0000000000
75509  -26.801  8.042  -36.450 0.0000000000
74524  -27.856  7.395  -34.363 0.0000000000
76462  -28.327  8.810  -34.381 0.0000000000
133602  -28.649  8.643  -33.738 0.0000000000
77396  -29.929  9.068  -31.943 0.0000000000
76443  -29.549  8.734  -32.417 0.0000000000
75475  -29.390  7.287  -32.068 0.0000000000
63333  -24.845  -5.687  -31.529 0.0000000000
67960  -25.138  -0.912  -33.813 0.0000000000
67049  -25.637  -1.503  -33.391 0.0000000000
67050  -26.546  -1.385  -33.076 0.0000000000
67961  -25.985  -0.727  -33.577 0.0000000000
67962  -26.807  -0.471  -33.262 0.0000000000
75508  -26.437  7.147  -36.852 0.0000000000
74536  -26.555  6.673  -36.123 0.0000000000
73594  -25.974  5.727  -36.632 0.0000000000
143603  -26.526  5.793  -35.885 0.0000000000
73570  -26.834  5.352  -34.912 0.0000000000
119127  -27.100  4.904  -34.176 0.0000000000
124486  -27.337  4.233  -33.478 0.0000000000
93743  -22.699  27.097  -35.223 0.0000000000
131232  -22.802  27.780  -36.686 0.0000000000
94601  -22.807  28.842  -37.344 0.0000000000
94602  -23.021  28.948  -37.487 0.0000000000
94577  -25.948  28.438  -34.829 0.0000000000
93746  -27.514  27.504  -34.350 0.0000000000
92109  -28.676  25.769  -33.879 0.0000000000
87623  -25.193  20.772  -36.409 0.0000000000
88615  -25.882  21.367  -35.632 0.0000000000
88605  -26.358  21.450  -34.904 0.0000000000
89539  -27.476  22.171  -33.808 0.0000000000
89540  -28.370  22.346  -33.504 0.0000000000
87603  -28.648  20.069  -33.643 0.0000000000
118829  -29.232  19.750  -33.411 0.0000000000
86632  -30.166  19.715  -33.128 0.0000000000
142949  -27.479  18.033  -35.684 0.0000000000
85699  -27.887  18.100  -35.248 0.0000000000
85683  -28.370  18.060  -34.699 0.0000000000
85670  -29.203  18.408  -33.632 0.0000000000
83817  -29.689  16.211  -33.023 0.0000000000
79406  -25.543  11.308  -37.300 0.0000000000
79383  -27.632  11.026  -35.629 0.0000000000
78398  -28.331  10.249  -34.767 0.0000000000
78408  -27.979  10.412  -35.294 0.0000000000
80380  -28.114  12.611  -35.121 0.0000000000
81293  -28.370  13.435  -34.772 0.0000000000
80362  -29.295  12.616  -33.318 0.0000000000
131267  -29.657  14.088  -32.742 0.0000000000
71738  -25.449  3.299  -35.655 0.0000000000
71739  -26.067  3.302  -35.248 0.0000000000
70804  -26.232  2.616  -34.670 0.0000000000
71725  -26.516  3.385  -34.480 0.0000000000
136609  -26.996  3.507  -33.735 0.0000000000
142015  -27.363  3.591  -33.270 0.0000000000
79404  -24.134  11.554  -37.519 0.0000000000
84764  -28.659  17.410  -34.425 0.0000000000
137316  -26.125  15.372  -36.599 0.0000000000
