#!ascii label  , from subject sub-p008 vox2ras=TkReg
346
129726  34.828  -48.609  -16.026 0.0000000000
128695  39.827  -52.203  -25.438 0.0000000000
135936  43.749  -49.232  -16.499 0.0000000000
24399  38.941  -48.738  -21.157 0.0000000000
17850  45.777  -54.032  -20.921 0.0000000000
21222  46.318  -51.117  -18.005 0.0000000000
16589  44.881  -56.035  -17.045 0.0000000000
22423  39.719  -51.150  -22.987 0.0000000000
24410  35.202  -48.005  -21.693 0.0000000000
136196  39.339  -48.316  -16.702 0.0000000000
22350  42.212  -50.103  -18.519 0.0000000000
21266  43.295  -51.386  -21.178 0.0000000000
21303  45.259  -52.355  -24.220 0.0000000000
140257  42.584  -54.478  -21.586 0.0000000000
26293  33.818  -46.954  -13.846 0.0000000000
25322  38.070  -46.985  -14.537 0.0000000000
23363  41.094  -49.812  -14.223 0.0000000000
27312  35.418  -45.453  -20.248 0.0000000000
133232  44.639  -54.690  -17.267 0.0000000000
21296  39.311  -51.634  -23.795 0.0000000000
21298  36.868  -51.203  -23.621 0.0000000000
24364  42.104  -48.326  -16.580 0.0000000000
23408  44.062  -49.108  -17.275 0.0000000000
18986  46.461  -53.200  -19.170 0.0000000000
21238  45.005  -51.214  -19.359 0.0000000000
21263  45.659  -52.353  -21.352 0.0000000000
125475  44.356  -51.524  -22.387 0.0000000000
19010  45.999  -53.153  -22.237 0.0000000000
132797  43.517  -54.353  -23.018 0.0000000000
24318  38.231  -48.282  -13.759 0.0000000000
24325  39.388  -47.599  -14.485 0.0000000000
23354  39.863  -50.107  -13.621 0.0000000000
23438  38.416  -49.035  -20.495 0.0000000000
25394  37.366  -46.816  -21.010 0.0000000000
26378  32.369  -46.968  -22.060 0.0000000000
27347  32.506  -45.499  -21.390 0.0000000000
21200  44.175  -50.915  -17.243 0.0000000000
22335  45.076  -50.130  -17.548 0.0000000000
142675  44.998  -52.498  -17.564 0.0000000000
18971  46.121  -53.985  -17.815 0.0000000000
16636  45.573  -55.145  -18.277 0.0000000000
23459  39.945  -49.684  -22.063 0.0000000000
24422  37.724  -48.071  -21.628 0.0000000000
22415  36.907  -49.837  -22.475 0.0000000000
23464  34.347  -49.533  -22.560 0.0000000000
20100  40.200  -52.433  -27.011 0.0000000000
122677  37.976  -48.303  -16.396 0.0000000000
22352  39.312  -50.266  -19.178 0.0000000000
22365  40.532  -50.541  -19.629 0.0000000000
123862  44.055  -50.212  -18.485 0.0000000000
122000  42.238  -51.052  -19.965 0.0000000000
22398  40.924  -50.063  -21.671 0.0000000000
129573  42.242  -50.645  -22.408 0.0000000000
21293  42.297  -51.447  -23.695 0.0000000000
21307  42.005  -51.910  -24.516 0.0000000000
142393  44.877  -54.433  -21.026 0.0000000000
17898  45.456  -53.486  -23.382 0.0000000000
19029  45.104  -53.217  -24.746 0.0000000000
21342  42.401  -52.578  -26.079 0.0000000000
25327  33.162  -47.550  -14.674 0.0000000000
25326  34.293  -47.611  -14.451 0.0000000000
25324  36.574  -46.817  -14.271 0.0000000000
25342  37.020  -47.266  -14.865 0.0000000000
25354  39.371  -47.246  -15.547 0.0000000000
25338  40.723  -47.617  -15.263 0.0000000000
23374  42.334  -49.436  -15.209 0.0000000000
21152  41.525  -50.766  -14.581 0.0000000000
21181  42.802  -50.731  -16.360 0.0000000000
26361  34.979  -46.321  -21.109 0.0000000000
24339  34.111  -48.463  -16.002 0.0000000000
24354  33.747  -48.288  -16.746 0.0000000000
24353  34.498  -48.602  -16.760 0.0000000000
21309  39.912  -51.995  -24.507 0.0000000000
136011  38.406  -51.618  -24.013 0.0000000000
24346  43.138  -48.719  -16.267 0.0000000000
23394  42.662  -48.708  -17.142 0.0000000000
23393  44.145  -49.056  -16.997 0.0000000000
18992  46.382  -53.201  -20.448 0.0000000000
20053  46.166  -52.656  -20.713 0.0000000000
20052  46.242  -53.075  -21.388 0.0000000000
20059  45.980  -52.741  -21.867 0.0000000000
18998  46.053  -53.541  -21.334 0.0000000000
127180  41.080  -54.340  -22.916 0.0000000000
138460  38.939  -48.178  -14.073 0.0000000000
23437  38.973  -49.512  -20.545 0.0000000000
24389  37.892  -48.172  -20.544 0.0000000000
24400  38.399  -48.010  -21.036 0.0000000000
27348  31.756  -45.281  -21.828 0.0000000000
20016  44.452  -51.907  -17.645 0.0000000000
137220  44.495  -53.218  -17.726 0.0000000000
16590  44.494  -55.658  -16.952 0.0000000000
18955  45.374  -54.170  -17.375 0.0000000000
16588  45.385  -55.315  -17.461 0.0000000000
17819  45.779  -54.687  -17.788 0.0000000000
16609  45.096  -55.961  -17.707 0.0000000000
22412  40.246  -50.372  -22.467 0.0000000000
139372  38.696  -49.776  -22.322 0.0000000000
136532  38.269  -50.580  -22.711 0.0000000000
22426  36.338  -50.698  -23.079 0.0000000000
23477  33.882  -49.960  -23.136 0.0000000000
24443  32.950  -48.788  -22.951 0.0000000000
24350  38.946  -47.804  -16.230 0.0000000000
24367  38.533  -48.759  -16.999 0.0000000000
22366  39.808  -50.390  -19.653 0.0000000000
22346  45.812  -50.618  -17.797 0.0000000000
22347  45.236  -50.147  -17.784 0.0000000000
22361  45.839  -50.815  -18.346 0.0000000000
21249  44.056  -51.508  -20.320 0.0000000000
21239  44.020  -50.926  -19.331 0.0000000000
21240  43.092  -51.299  -20.159 0.0000000000
22377  41.519  -50.718  -20.873 0.0000000000
22376  42.384  -51.098  -21.031 0.0000000000
22397  41.866  -50.480  -21.794 0.0000000000
22396  42.861  -50.834  -22.015 0.0000000000
21283  44.396  -51.451  -23.192 0.0000000000
21284  43.557  -51.186  -23.214 0.0000000000
21291  44.259  -51.597  -23.978 0.0000000000
21306  42.986  -51.769  -24.479 0.0000000000
130152  43.768  -51.719  -24.441 0.0000000000
14414  39.950  -57.243  -21.439 0.0000000000
16673  41.370  -54.960  -20.881 0.0000000000
16658  41.798  -55.514  -20.376 0.0000000000
17866  42.387  -54.862  -20.757 0.0000000000
17864  44.393  -54.399  -21.536 0.0000000000
17863  45.130  -54.207  -21.856 0.0000000000
17880  44.611  -54.226  -22.676 0.0000000000
17901  43.220  -54.375  -24.037 0.0000000000
17922  44.849  -53.695  -24.327 0.0000000000
17947  44.367  -53.509  -25.071 0.0000000000
20091  44.119  -52.622  -25.395 0.0000000000
20096  43.636  -52.852  -25.777 0.0000000000
130311  32.709  -46.889  -14.103 0.0000000000
26279  37.209  -46.737  -13.903 0.0000000000
26290  36.833  -46.621  -13.843 0.0000000000
25323  37.340  -46.806  -14.312 0.0000000000
25341  37.953  -46.898  -14.932 0.0000000000
25355  38.480  -47.311  -15.560 0.0000000000
25340  38.834  -46.881  -15.013 0.0000000000
24323  40.830  -48.425  -14.672 0.0000000000
25321  40.054  -47.490  -14.797 0.0000000000
24335  41.570  -48.240  -15.265 0.0000000000
24322  41.613  -49.147  -14.841 0.0000000000
128009  40.307  -51.450  -15.525 0.0000000000
126852  41.178  -51.249  -15.635 0.0000000000
21164  42.400  -50.540  -15.593 0.0000000000
24423  36.814  -48.196  -21.822 0.0000000000
24409  36.359  -47.509  -21.536 0.0000000000
25404  34.554  -47.451  -21.535 0.0000000000
28319  33.301  -44.715  -20.857 0.0000000000
22424  38.766  -51.175  -23.158 0.0000000000
24349  40.686  -47.673  -16.125 0.0000000000
24366  40.133  -48.272  -16.712 0.0000000000
24365  41.111  -48.246  -16.627 0.0000000000
23409  43.214  -49.258  -17.672 0.0000000000
21236  46.469  -52.251  -18.928 0.0000000000
21237  46.258  -51.531  -18.643 0.0000000000
20045  46.215  -52.129  -19.578 0.0000000000
21248  45.127  -51.862  -20.565 0.0000000000
124185  44.220  -51.654  -21.420 0.0000000000
21265  43.633  -51.278  -21.981 0.0000000000
21264  45.088  -51.925  -21.915 0.0000000000
21281  45.624  -52.333  -22.436 0.0000000000
140010  45.587  -52.438  -23.423 0.0000000000
142868  42.785  -54.407  -22.390 0.0000000000
127087  42.393  -54.432  -23.099 0.0000000000
17902  41.915  -54.515  -23.964 0.0000000000
24317  38.577  -47.355  -14.304 0.0000000000
123155  39.027  -47.028  -14.762 0.0000000000
24316  39.554  -48.815  -14.079 0.0000000000
23364  40.315  -49.374  -14.120 0.0000000000
25385  37.040  -46.823  -20.662 0.0000000000
26349  36.650  -46.477  -20.889 0.0000000000
25405  33.606  -47.872  -21.885 0.0000000000
26362  33.747  -46.997  -21.467 0.0000000000
140032  32.889  -46.467  -21.491 0.0000000000
22327  43.891  -49.789  -16.516 0.0000000000
22326  44.436  -49.575  -17.037 0.0000000000
22336  44.666  -50.189  -17.194 0.0000000000
21199  45.625  -50.797  -17.613 0.0000000000
131828  46.094  -51.491  -17.627 0.0000000000
18954  45.886  -53.613  -17.629 0.0000000000
18953  46.271  -52.984  -17.878 0.0000000000
18970  46.370  -53.418  -18.259 0.0000000000
17818  46.108  -54.191  -18.553 0.0000000000
23451  39.496  -49.373  -21.615 0.0000000000
24421  38.331  -48.320  -21.533 0.0000000000
23460  38.593  -48.996  -22.025 0.0000000000
133216  37.109  -48.843  -22.107 0.0000000000
23462  36.234  -49.233  -22.237 0.0000000000
22425  37.324  -50.673  -22.886 0.0000000000
22416  35.767  -50.116  -22.679 0.0000000000
24425  34.763  -48.894  -22.097 0.0000000000
24426  33.543  -48.601  -22.351 0.0000000000
140112  32.577  -48.111  -22.895 0.0000000000
21345  39.521  -52.261  -26.319 0.0000000000
24351  36.264  -48.582  -16.180 0.0000000000
24352  35.335  -48.802  -16.552 0.0000000000
129318  36.935  -48.788  -16.736 0.0000000000
22380  39.281  -50.148  -20.107 0.0000000000
23436  39.564  -49.472  -20.979 0.0000000000
22349  43.183  -50.056  -18.452 0.0000000000
22363  43.126  -50.708  -19.237 0.0000000000
125199  42.426  -50.532  -19.126 0.0000000000
22364  41.500  -50.681  -19.574 0.0000000000
22378  40.726  -50.419  -20.715 0.0000000000
23435  40.154  -49.805  -21.344 0.0000000000
23450  40.211  -49.757  -21.846 0.0000000000
23449  40.651  -49.941  -22.099 0.0000000000
127224  40.954  -50.415  -22.451 0.0000000000
22395  43.611  -51.149  -22.624 0.0000000000
22421  41.655  -50.871  -22.856 0.0000000000
22422  40.660  -51.080  -22.937 0.0000000000
21294  41.263  -51.555  -23.649 0.0000000000
142582  40.322  -52.213  -25.005 0.0000000000
17840  45.270  -55.040  -19.278 0.0000000000
16674  40.802  -55.614  -20.719 0.0000000000
17851  44.892  -54.722  -20.126 0.0000000000
120534  45.335  -54.270  -21.019 0.0000000000
17862  45.621  -53.821  -21.868 0.0000000000
19011  45.696  -53.383  -22.768 0.0000000000
19020  45.641  -53.099  -23.693 0.0000000000
17900  44.329  -54.129  -23.722 0.0000000000
19021  45.345  -53.367  -24.068 0.0000000000
20084  45.245  -52.673  -24.588 0.0000000000
21324  44.556  -52.454  -25.055 0.0000000000
21326  42.939  -52.208  -25.311 0.0000000000
21328  40.779  -52.306  -25.528 0.0000000000
21343  41.446  -52.487  -26.280 0.0000000000
27265  31.130  -46.040  -15.484 0.0000000000
139489  31.920  -46.632  -14.331 0.0000000000
26294  32.099  -47.157  -14.994 0.0000000000
25346  32.794  -47.682  -15.706 0.0000000000
135946  33.715  -48.129  -15.275 0.0000000000
25344  34.823  -48.251  -15.146 0.0000000000
26280  36.530  -46.576  -13.396 0.0000000000
26292  34.999  -46.685  -13.741 0.0000000000
25325  35.493  -47.230  -14.328 0.0000000000
25343  36.016  -47.717  -14.906 0.0000000000
24337  36.461  -47.993  -15.448 0.0000000000
24336  37.362  -47.821  -15.673 0.0000000000
136194  39.810  -47.642  -16.168 0.0000000000
25339  39.681  -47.156  -15.049 0.0000000000
25353  40.236  -47.428  -15.587 0.0000000000
25337  41.578  -47.934  -15.730 0.0000000000
24334  42.376  -48.530  -15.690 0.0000000000
23382  43.097  -49.210  -15.793 0.0000000000
22309  42.221  -50.265  -15.029 0.0000000000
22319  42.654  -50.194  -15.484 0.0000000000
22328  43.198  -50.165  -15.955 0.0000000000
24408  37.464  -47.213  -21.251 0.0000000000
25402  36.812  -46.612  -21.122 0.0000000000
27344  35.459  -45.729  -20.638 0.0000000000
134348  33.914  -46.219  -21.077 0.0000000000
27345  34.645  -45.570  -20.770 0.0000000000
17800  45.603  -54.581  -17.548 0.0000000000
17838  46.095  -53.927  -19.994 0.0000000000
17865  43.449  -54.536  -21.048 0.0000000000
17879  45.340  -53.844  -22.719 0.0000000000
17899  45.100  -53.833  -23.526 0.0000000000
17923  44.132  -53.996  -24.486 0.0000000000
19019  45.853  -52.963  -23.139 0.0000000000
19028  45.432  -52.992  -24.429 0.0000000000
19035  45.117  -52.871  -24.888 0.0000000000
19036  44.751  -53.039  -25.221 0.0000000000
19037  44.028  -53.119  -25.640 0.0000000000
19042  44.303  -52.855  -25.420 0.0000000000
20013  46.359  -51.804  -17.852 0.0000000000
20014  46.083  -52.425  -17.626 0.0000000000
20015  45.534  -51.820  -17.521 0.0000000000
20030  46.487  -52.542  -18.325 0.0000000000
20044  46.413  -52.680  -19.774 0.0000000000
20070  45.882  -52.742  -22.685 0.0000000000
20077  45.528  -52.752  -24.059 0.0000000000
20085  44.970  -52.621  -24.909 0.0000000000
20090  44.692  -52.738  -25.145 0.0000000000
20092  43.346  -52.585  -25.726 0.0000000000
21165  41.757  -50.950  -15.101 0.0000000000
21198  46.147  -51.071  -17.756 0.0000000000
21221  46.449  -51.748  -18.277 0.0000000000
21247  45.846  -52.164  -20.311 0.0000000000
21282  45.145  -51.808  -22.921 0.0000000000
21290  45.048  -51.853  -23.761 0.0000000000
21292  43.272  -51.430  -23.801 0.0000000000
21295  40.259  -51.633  -23.684 0.0000000000
21304  44.941  -52.361  -24.708 0.0000000000
21305  44.374  -52.034  -24.765 0.0000000000
21308  40.876  -52.069  -24.573 0.0000000000
21310  39.060  -51.918  -24.716 0.0000000000
21325  43.878  -52.315  -25.260 0.0000000000
21327  41.764  -52.293  -25.433 0.0000000000
21344  40.487  -52.372  -26.294 0.0000000000
22318  43.312  -49.735  -15.901 0.0000000000
22362  44.973  -50.402  -18.444 0.0000000000
22379  39.976  -50.235  -20.453 0.0000000000
22410  42.674  -50.976  -23.083 0.0000000000
22411  41.390  -50.291  -22.165 0.0000000000
22413  39.294  -50.297  -22.495 0.0000000000
22414  37.930  -49.846  -22.397 0.0000000000
22417  34.774  -50.190  -22.880 0.0000000000
23373  42.802  -49.834  -15.464 0.0000000000
23452  38.804  -48.787  -21.506 0.0000000000
23461  37.823  -48.925  -22.086 0.0000000000
23463  35.235  -49.497  -22.372 0.0000000000
23465  33.638  -49.274  -22.744 0.0000000000
24324  40.028  -48.261  -14.433 0.0000000000
24338  35.597  -48.425  -15.690 0.0000000000
24345  43.615  -48.871  -16.756 0.0000000000
24347  42.334  -48.271  -16.165 0.0000000000
24348  41.530  -47.856  -16.091 0.0000000000
24363  42.997  -48.608  -16.640 0.0000000000
24368  35.968  -49.064  -17.130 0.0000000000
24406  38.469  -48.205  -21.183 0.0000000000
24407  38.071  -47.644  -21.146 0.0000000000
24411  34.242  -48.368  -21.930 0.0000000000
24424  35.737  -48.601  -21.943 0.0000000000
24427  32.973  -48.087  -22.386 0.0000000000
25356  33.106  -47.772  -16.626 0.0000000000
25384  37.672  -47.167  -20.908 0.0000000000
25393  37.726  -47.203  -21.058 0.0000000000
25403  35.759  -46.904  -21.309 0.0000000000
25406  32.939  -47.382  -21.898 0.0000000000
25418  32.485  -47.548  -22.503 0.0000000000
26295  31.446  -46.410  -14.889 0.0000000000
26350  35.925  -46.046  -20.568 0.0000000000
26360  36.098  -46.168  -20.950 0.0000000000
26363  31.878  -46.253  -21.993 0.0000000000
27346  33.569  -45.558  -20.989 0.0000000000
120589  45.826  -51.610  -19.382 0.0000000000
122669  44.883  -52.003  -24.371 0.0000000000
125499  45.028  -51.032  -17.415 0.0000000000
125671  39.238  -49.312  -22.019 0.0000000000
129147  43.589  -54.402  -22.022 0.0000000000
131932  45.506  -52.992  -17.559 0.0000000000
133291  43.601  -48.786  -17.047 0.0000000000
134742  37.983  -47.480  -21.003 0.0000000000
135867  43.667  -52.014  -24.936 0.0000000000
137399  45.123  -55.199  -17.250 0.0000000000
137722  40.957  -47.652  -15.734 0.0000000000
140272  42.058  -50.564  -15.123 0.0000000000
141256  44.760  -49.827  -17.858 0.0000000000
141895  34.070  -48.980  -22.317 0.0000000000
142753  45.835  -53.453  -22.091 0.0000000000
143462  42.982  -50.880  -22.668 0.0000000000
144899  45.691  -52.829  -23.627 0.0000000000
145323  42.008  -48.783  -15.281 0.0000000000
145665  39.516  -47.204  -14.797 0.0000000000
