#!ascii label  , from subject sub-p008 vox2ras=TkReg
219
140036  28.064  12.979  -35.230 0.0000000000
77466  26.842  4.295  -31.704 0.0000000000
90136  26.786  18.516  -36.625 0.0000000000
95702  22.130  25.743  -37.799 0.0000000000
75631  24.429  2.572  -31.847 0.0000000000
91744  26.899  20.624  -35.385 0.0000000000
94100  24.942  23.121  -35.790 0.0000000000
83032  26.071  10.676  -35.374 0.0000000000
121940  27.313  7.996  -34.078 0.0000000000
82997  29.300  10.365  -33.076 0.0000000000
86574  27.640  15.547  -33.257 0.0000000000
84743  29.297  12.672  -31.987 0.0000000000
87593  27.110  15.460  -36.567 0.0000000000
89315  27.808  18.267  -34.571 0.0000000000
94133  23.521  23.804  -37.288 0.0000000000
94875  24.303  24.584  -36.792 0.0000000000
78401  28.101  5.695  -31.379 0.0000000000
125629  25.744  21.444  -36.516 0.0000000000
94115  24.644  22.712  -36.617 0.0000000000
133057  27.210  11.682  -35.589 0.0000000000
121385  28.086  10.819  -34.700 0.0000000000
83905  28.645  11.490  -34.345 0.0000000000
76546  25.592  3.305  -31.715 0.0000000000
88494  26.844  17.245  -36.329 0.0000000000
88493  27.276  17.001  -35.808 0.0000000000
90124  27.821  18.800  -35.964 0.0000000000
92514  26.292  21.591  -34.760 0.0000000000
91743  27.178  20.215  -34.722 0.0000000000
95703  22.115  25.134  -36.299 0.0000000000
141315  22.671  23.610  -36.381 0.0000000000
95710  22.593  25.482  -37.910 0.0000000000
98562  23.392  29.639  -38.298 0.0000000000
97864  23.654  28.013  -37.136 0.0000000000
96451  23.666  25.963  -37.315 0.0000000000
97161  24.252  27.585  -36.277 0.0000000000
96433  24.857  26.159  -35.544 0.0000000000
80258  28.223  7.752  -32.821 0.0000000000
80259  27.706  7.098  -33.211 0.0000000000
74738  23.435  1.714  -31.526 0.0000000000
90922  27.464  19.444  -36.352 0.0000000000
91754  26.937  20.191  -36.369 0.0000000000
92515  25.765  21.954  -35.533 0.0000000000
94091  25.435  23.500  -34.786 0.0000000000
81198  26.249  8.257  -34.655 0.0000000000
82138  26.987  9.632  -34.860 0.0000000000
82123  28.163  9.345  -33.678 0.0000000000
82103  28.993  9.241  -31.973 0.0000000000
85663  27.780  14.226  -34.365 0.0000000000
85654  28.535  13.238  -33.425 0.0000000000
86573  28.316  13.984  -32.638 0.0000000000
85683  26.984  13.263  -36.369 0.0000000000
86625  26.830  14.317  -36.758 0.0000000000
86604  27.397  14.734  -36.037 0.0000000000
87566  27.544  15.650  -34.351 0.0000000000
88473  27.580  16.921  -33.796 0.0000000000
130695  27.664  18.303  -33.798 0.0000000000
90921  27.866  19.219  -35.906 0.0000000000
90898  27.428  19.341  -33.728 0.0000000000
93338  24.025  22.945  -37.056 0.0000000000
96463  22.488  26.477  -38.382 0.0000000000
142175  23.128  25.677  -38.047 0.0000000000
135848  23.868  24.660  -37.369 0.0000000000
94116  24.317  23.336  -37.002 0.0000000000
94874  24.734  24.627  -35.739 0.0000000000
94867  25.383  24.609  -34.773 0.0000000000
77498  26.474  5.271  -33.205 0.0000000000
80273  26.697  6.973  -34.116 0.0000000000
84760  29.411  11.968  -33.094 0.0000000000
82991  29.589  10.612  -32.186 0.0000000000
142984  25.138  21.974  -36.721 0.0000000000
92542  24.780  22.150  -36.855 0.0000000000
83930  27.767  12.248  -35.511 0.0000000000
83916  28.019  11.521  -35.186 0.0000000000
84769  28.446  12.220  -34.824 0.0000000000
73825  23.087  0.991  -31.178 0.0000000000
74719  23.894  1.175  -30.942 0.0000000000
76545  26.362  3.574  -31.369 0.0000000000
89335  26.836  18.012  -36.455 0.0000000000
89334  27.333  18.062  -35.952 0.0000000000
90125  27.376  18.694  -36.403 0.0000000000
93310  26.212  22.479  -33.824 0.0000000000
92506  26.527  21.657  -33.707 0.0000000000
130335  21.727  25.848  -37.145 0.0000000000
94884  22.383  24.958  -37.363 0.0000000000
135339  25.031  27.137  -35.472 0.0000000000
81164  28.863  8.415  -31.532 0.0000000000
80247  28.537  7.677  -31.981 0.0000000000
76561  24.441  3.691  -32.547 0.0000000000
90933  26.928  19.643  -36.719 0.0000000000
91761  26.419  20.270  -36.818 0.0000000000
93330  25.241  22.304  -36.146 0.0000000000
93321  25.395  22.699  -35.327 0.0000000000
93311  25.749  22.581  -34.591 0.0000000000
96443  21.461  26.442  -36.512 0.0000000000
137700  26.187  9.826  -35.128 0.0000000000
83031  26.782  10.416  -35.242 0.0000000000
83007  28.790  10.726  -33.837 0.0000000000
82137  27.963  10.088  -34.165 0.0000000000
82998  28.718  9.952  -33.566 0.0000000000
82111  28.812  9.404  -32.921 0.0000000000
82110  29.277  9.906  -32.370 0.0000000000
75632  23.774  2.392  -31.921 0.0000000000
74737  24.354  1.914  -31.356 0.0000000000
86586  27.671  14.817  -33.875 0.0000000000
86585  28.049  14.075  -33.590 0.0000000000
134504  27.934  14.703  -33.089 0.0000000000
84786  26.519  12.787  -36.091 0.0000000000
144131  26.831  15.890  -36.672 0.0000000000
86624  27.067  14.563  -36.769 0.0000000000
86595  27.563  14.843  -34.909 0.0000000000
125763  27.413  15.815  -35.627 0.0000000000
136211  27.597  17.609  -35.346 0.0000000000
88482  27.578  16.704  -34.778 0.0000000000
132964  27.728  17.629  -34.607 0.0000000000
89302  27.614  17.664  -33.594 0.0000000000
90913  27.510  19.809  -35.745 0.0000000000
128318  27.136  20.010  -33.816 0.0000000000
125635  22.875  23.898  -37.143 0.0000000000
94118  22.988  23.255  -36.520 0.0000000000
94117  23.488  23.176  -36.876 0.0000000000
97872  23.205  28.369  -38.105 0.0000000000
97880  22.913  28.598  -38.967 0.0000000000
96462  22.771  26.741  -38.444 0.0000000000
133977  23.224  26.156  -38.026 0.0000000000
95701  23.975  25.344  -36.981 0.0000000000
95709  23.441  25.311  -37.708 0.0000000000
94883  24.173  24.005  -37.289 0.0000000000
94101  24.568  23.733  -36.525 0.0000000000
96432  25.538  26.308  -35.003 0.0000000000
95694  25.113  25.457  -35.209 0.0000000000
95689  25.887  25.584  -34.536 0.0000000000
77499  25.539  4.994  -33.243 0.0000000000
79374  26.191  7.375  -34.417 0.0000000000
80272  27.244  7.338  -33.880 0.0000000000
79335  28.128  6.309  -31.932 0.0000000000
132281  27.615  6.214  -32.826 0.0000000000
78402  27.702  5.705  -32.109 0.0000000000
77481  27.154  5.297  -32.644 0.0000000000
84754  29.078  12.685  -32.765 0.0000000000
140533  28.922  12.284  -33.779 0.0000000000
84753  29.577  12.054  -32.377 0.0000000000
130025  25.957  20.874  -36.876 0.0000000000
92533  25.314  21.448  -36.922 0.0000000000
83931  26.609  11.168  -35.507 0.0000000000
83917  27.375  10.955  -35.277 0.0000000000
76547  24.824  3.104  -32.091 0.0000000000
75630  25.146  2.530  -31.394 0.0000000000
75629  25.986  2.893  -31.022 0.0000000000
75611  27.219  2.776  -30.121 0.0000000000
131811  27.522  16.328  -33.207 0.0000000000
87541  27.581  16.036  -32.477 0.0000000000
88509  26.588  16.483  -36.651 0.0000000000
88508  27.041  16.310  -36.424 0.0000000000
89325  27.827  18.277  -35.339 0.0000000000
91727  26.737  20.946  -34.435 0.0000000000
94893  22.990  24.652  -37.627 0.0000000000
97184  23.154  27.204  -38.101 0.0000000000
96441  24.190  26.378  -36.305 0.0000000000
95695  24.474  25.426  -36.033 0.0000000000
80271  27.758  7.870  -33.551 0.0000000000
79347  28.176  6.971  -32.427 0.0000000000
75647  24.098  2.998  -32.313 0.0000000000
76560  25.228  3.764  -32.385 0.0000000000
76559  26.018  3.975  -32.084 0.0000000000
134035  27.248  19.122  -36.580 0.0000000000
92532  26.305  20.720  -36.623 0.0000000000
92526  26.394  21.100  -35.978 0.0000000000
94090  25.938  23.322  -33.935 0.0000000000
121519  21.669  25.867  -35.987 0.0000000000
82139  26.434  9.090  -34.785 0.0000000000
81197  27.019  8.639  -34.495 0.0000000000
83020  27.440  10.288  -34.877 0.0000000000
82124  27.532  9.366  -34.304 0.0000000000
81185  27.690  8.623  -33.921 0.0000000000
81184  28.229  8.570  -33.213 0.0000000000
81172  28.609  8.506  -32.404 0.0000000000
85662  28.136  13.538  -34.370 0.0000000000
126863  28.500  12.852  -34.341 0.0000000000
142579  28.651  13.289  -32.677 0.0000000000
87540  27.936  15.061  -32.242 0.0000000000
86557  28.410  14.282  -31.665 0.0000000000
85639  28.785  13.359  -31.993 0.0000000000
131300  26.492  11.905  -35.778 0.0000000000
84785  27.029  12.453  -35.880 0.0000000000
85671  27.413  12.841  -35.787 0.0000000000
85684  26.903  13.587  -36.570 0.0000000000
125540  27.232  13.918  -36.275 0.0000000000
85672  27.648  13.910  -35.304 0.0000000000
131103  27.556  16.238  -33.847 0.0000000000
140507  27.684  19.106  -36.325 0.0000000000
90114  27.957  18.816  -35.285 0.0000000000
90912  27.667  19.413  -34.917 0.0000000000
90099  27.715  18.780  -34.344 0.0000000000
96452  21.741  26.360  -37.998 0.0000000000
96464  21.989  26.778  -38.535 0.0000000000
95719  22.263  26.118  -38.183 0.0000000000
95718  22.648  25.899  -38.173 0.0000000000
94892  23.015  25.354  -37.970 0.0000000000
94891  23.555  24.483  -37.468 0.0000000000
94132  24.035  23.556  -37.236 0.0000000000
93331  24.364  22.774  -36.924 0.0000000000
132023  24.996  23.931  -35.494 0.0000000000
94866  25.887  24.165  -34.079 0.0000000000
77482  26.432  4.652  -32.599 0.0000000000
79361  26.073  6.647  -34.167 0.0000000000
79360  27.154  6.589  -33.647 0.0000000000
78415  26.926  5.840  -33.440 0.0000000000
143194  27.013  4.787  -32.194 0.0000000000
83904  29.194  11.451  -33.547 0.0000000000
142418  29.302  10.944  -33.334 0.0000000000
83900  29.553  11.260  -32.820 0.0000000000
80285  26.806  7.723  -34.332 0.0000000000
81199  25.633  8.456  -34.751 0.0000000000
85696  26.979  13.865  -36.797 0.0000000000
87594  26.791  15.451  -36.788 0.0000000000
131491  27.459  13.360  -35.825 0.0000000000
140196  25.618  4.329  -32.685 0.0000000000
143128  27.462  9.846  -34.575 0.0000000000
143735  26.598  6.359  -33.885 0.0000000000
