#!ascii label  , from subject sub-s015 vox2ras=TkReg
414
30362  50.712  -48.157  -23.482 0.0000000000
26886  50.286  -51.646  -28.673 0.0000000000
19935  52.240  -57.009  -19.692 0.0000000000
23365  46.970  -54.849  -24.017 0.0000000000
16809  48.465  -60.634  -26.448 0.0000000000
17823  49.800  -59.820  -22.728 0.0000000000
14472  45.637  -62.470  -24.630 0.0000000000
23381  48.550  -54.807  -26.893 0.0000000000
25618  44.560  -52.134  -26.990 0.0000000000
26791  53.066  -51.396  -22.396 0.0000000000
23318  50.918  -55.287  -21.206 0.0000000000
182381  51.180  -57.424  -24.422 0.0000000000
20046  51.338  -57.504  -27.378 0.0000000000
18998  48.644  -58.899  -29.210 0.0000000000
33669  51.746  -44.658  -22.642 0.0000000000
29180  55.426  -49.621  -22.741 0.0000000000
22184  53.335  -55.037  -18.431 0.0000000000
28024  44.938  -50.432  -23.848 0.0000000000
14451  47.545  -63.254  -22.373 0.0000000000
24480  49.358  -53.565  -27.605 0.0000000000
25641  47.206  -52.528  -28.590 0.0000000000
23316  52.656  -54.468  -20.389 0.0000000000
185752  52.156  -55.696  -20.650 0.0000000000
16773  48.630  -60.534  -24.463 0.0000000000
179751  50.824  -58.333  -23.376 0.0000000000
17883  49.779  -59.636  -25.319 0.0000000000
18961  51.374  -58.098  -25.979 0.0000000000
17898  50.033  -59.418  -26.836 0.0000000000
178339  49.905  -56.788  -29.160 0.0000000000
27945  54.458  -51.212  -20.077 0.0000000000
25541  54.574  -51.745  -21.045 0.0000000000
24351  54.020  -53.438  -18.222 0.0000000000
25583  48.141  -52.600  -23.259 0.0000000000
25595  46.112  -52.575  -24.650 0.0000000000
30413  44.229  -48.977  -27.835 0.0000000000
174354  43.240  -49.398  -26.590 0.0000000000
17796  50.473  -59.939  -19.835 0.0000000000
18887  51.162  -58.288  -21.227 0.0000000000
16739  48.968  -61.433  -21.921 0.0000000000
15585  48.137  -61.555  -23.183 0.0000000000
15625  46.389  -61.001  -24.816 0.0000000000
22276  47.268  -55.631  -25.749 0.0000000000
24461  45.934  -54.150  -25.378 0.0000000000
24483  46.281  -53.783  -27.587 0.0000000000
172454  45.390  -51.239  -28.686 0.0000000000
29258  52.304  -49.504  -29.178 0.0000000000
177505  52.698  -49.796  -23.501 0.0000000000
164437  49.625  -53.054  -22.059 0.0000000000
23339  49.182  -54.849  -22.063 0.0000000000
19980  51.131  -57.595  -22.067 0.0000000000
21115  49.977  -56.513  -22.546 0.0000000000
21135  48.930  -56.480  -23.666 0.0000000000
21165  49.551  -56.311  -25.155 0.0000000000
22287  50.505  -55.584  -26.442 0.0000000000
24479  50.529  -53.741  -27.430 0.0000000000
16826  48.616  -60.783  -28.206 0.0000000000
18987  49.923  -58.859  -28.827 0.0000000000
22306  50.965  -55.974  -28.622 0.0000000000
25637  51.709  -52.673  -27.927 0.0000000000
33671  49.462  -45.237  -22.597 0.0000000000
32614  51.212  -46.328  -23.193 0.0000000000
32592  54.285  -46.579  -22.970 0.0000000000
30359  54.216  -48.855  -23.653 0.0000000000
28016  54.464  -50.354  -23.074 0.0000000000
181644  53.576  -53.217  -20.440 0.0000000000
22185  52.912  -55.674  -19.164 0.0000000000
19908  52.058  -57.186  -17.546 0.0000000000
181300  50.860  -59.309  -18.642 0.0000000000
26847  44.411  -51.352  -25.588 0.0000000000
31507  50.376  -47.290  -23.209 0.0000000000
31508  48.797  -47.437  -22.789 0.0000000000
175172  49.999  -48.145  -23.311 0.0000000000
173828  49.928  -52.193  -28.406 0.0000000000
25639  49.173  -52.294  -28.443 0.0000000000
172074  52.462  -55.425  -20.342 0.0000000000
23317  52.133  -55.057  -20.597 0.0000000000
21072  52.045  -56.777  -20.622 0.0000000000
16792  48.578  -60.496  -25.452 0.0000000000
158468  49.198  -60.191  -25.191 0.0000000000
16808  49.035  -60.363  -26.218 0.0000000000
17899  49.585  -59.853  -26.043 0.0000000000
168285  49.417  -60.046  -26.802 0.0000000000
22312  48.880  -55.588  -29.587 0.0000000000
25487  54.210  -52.794  -18.523 0.0000000000
24440  47.433  -53.500  -23.481 0.0000000000
25584  47.444  -52.498  -23.681 0.0000000000
24450  46.777  -54.010  -23.987 0.0000000000
30414  43.855  -48.271  -27.381 0.0000000000
174905  50.311  -59.936  -20.689 0.0000000000
15551  48.973  -61.906  -20.867 0.0000000000
14462  46.394  -62.630  -23.967 0.0000000000
15586  47.583  -62.166  -23.162 0.0000000000
15607  46.898  -61.704  -23.977 0.0000000000
15606  47.740  -61.270  -23.839 0.0000000000
15608  46.095  -61.762  -24.476 0.0000000000
22289  47.829  -55.404  -26.367 0.0000000000
23383  46.455  -54.752  -26.481 0.0000000000
23392  46.756  -54.400  -27.210 0.0000000000
25642  46.228  -52.603  -28.496 0.0000000000
26878  46.216  -51.206  -29.043 0.0000000000
29253  45.514  -49.519  -28.741 0.0000000000
26804  52.658  -50.890  -22.797 0.0000000000
28017  52.162  -50.342  -23.218 0.0000000000
26792  52.093  -51.487  -22.408 0.0000000000
24424  48.916  -53.822  -22.247 0.0000000000
22214  50.074  -55.253  -21.563 0.0000000000
16737  49.895  -59.886  -21.977 0.0000000000
186114  51.292  -57.778  -21.539 0.0000000000
17822  50.303  -59.231  -22.238 0.0000000000
159366  51.094  -57.817  -23.997 0.0000000000
20007  50.999  -57.710  -23.048 0.0000000000
21149  50.985  -57.404  -23.647 0.0000000000
21134  49.729  -56.674  -23.287 0.0000000000
21151  49.964  -56.710  -24.250 0.0000000000
21152  48.789  -56.443  -24.522 0.0000000000
21163  51.381  -57.149  -25.071 0.0000000000
18973  51.206  -58.169  -26.929 0.0000000000
21171  51.020  -56.191  -26.163 0.0000000000
21174  51.391  -56.688  -26.881 0.0000000000
22299  50.829  -55.050  -26.948 0.0000000000
168955  51.302  -56.143  -27.587 0.0000000000
17956  46.415  -59.536  -29.576 0.0000000000
185991  48.032  -60.524  -29.928 0.0000000000
16861  48.509  -60.483  -29.468 0.0000000000
17936  49.158  -60.078  -29.037 0.0000000000
17935  49.684  -59.533  -28.476 0.0000000000
18997  49.420  -58.919  -29.135 0.0000000000
22311  50.630  -55.622  -29.084 0.0000000000
21181  50.545  -56.542  -28.880 0.0000000000
23400  51.534  -54.253  -28.543 0.0000000000
178991  51.682  -54.189  -27.904 0.0000000000
25636  52.353  -52.857  -28.175 0.0000000000
172237  49.131  -44.515  -22.526 0.0000000000
33670  50.678  -44.768  -22.697 0.0000000000
33691  50.060  -45.830  -22.777 0.0000000000
33689  52.053  -45.371  -23.044 0.0000000000
29164  55.355  -49.518  -22.017 0.0000000000
31472  54.667  -47.182  -22.707 0.0000000000
181393  55.102  -48.099  -23.114 0.0000000000
174305  54.617  -47.976  -23.435 0.0000000000
30358  55.032  -48.778  -23.335 0.0000000000
29192  53.769  -49.719  -23.534 0.0000000000
28015  55.152  -50.065  -23.048 0.0000000000
25505  54.275  -52.624  -19.862 0.0000000000
25523  54.137  -52.532  -20.576 0.0000000000
175965  53.892  -53.249  -19.896 0.0000000000
23297  53.260  -54.024  -20.036 0.0000000000
23284  53.162  -54.848  -19.524 0.0000000000
17777  49.079  -59.746  -18.699 0.0000000000
18851  50.586  -58.857  -17.999 0.0000000000
19926  51.648  -58.045  -17.989 0.0000000000
161610  44.967  -52.740  -26.533 0.0000000000
180988  45.080  -52.591  -25.895 0.0000000000
25607  44.662  -52.037  -26.185 0.0000000000
29235  43.103  -49.659  -26.011 0.0000000000
181544  48.723  -54.136  -27.389 0.0000000000
24482  47.256  -53.794  -27.756 0.0000000000
25543  52.860  -52.884  -21.137 0.0000000000
25564  52.710  -52.072  -21.819 0.0000000000
24402  52.198  -53.891  -20.756 0.0000000000
22212  51.668  -55.862  -21.026 0.0000000000
16750  49.272  -60.416  -23.164 0.0000000000
17836  50.272  -59.077  -23.072 0.0000000000
16772  49.157  -60.266  -24.096 0.0000000000
17864  49.705  -59.675  -24.538 0.0000000000
18946  50.877  -58.430  -24.450 0.0000000000
18945  51.351  -57.842  -24.989 0.0000000000
18962  50.897  -58.567  -25.430 0.0000000000
18974  50.765  -58.712  -26.404 0.0000000000
18979  50.596  -58.774  -27.356 0.0000000000
166383  49.500  -57.364  -29.144 0.0000000000
21183  49.155  -56.542  -29.309 0.0000000000
162572  49.880  -55.129  -29.533 0.0000000000
29147  55.057  -50.169  -21.348 0.0000000000
27991  55.352  -50.259  -22.129 0.0000000000
26755  54.671  -51.422  -20.610 0.0000000000
24350  54.146  -53.055  -19.159 0.0000000000
23267  53.657  -54.280  -17.818 0.0000000000
26826  46.581  -51.791  -24.228 0.0000000000
26827  45.752  -51.768  -24.686 0.0000000000
28079  44.338  -50.586  -27.929 0.0000000000
28061  43.865  -50.591  -27.084 0.0000000000
28068  43.559  -49.834  -27.033 0.0000000000
30399  43.122  -48.516  -26.709 0.0000000000
18879  51.400  -58.366  -20.200 0.0000000000
19946  51.796  -57.487  -20.429 0.0000000000
17812  50.812  -59.149  -20.695 0.0000000000
16721  49.819  -60.428  -21.215 0.0000000000
16738  49.426  -60.602  -22.201 0.0000000000
15584  48.537  -61.599  -22.523 0.0000000000
179999  48.927  -60.980  -22.689 0.0000000000
16752  48.240  -60.933  -23.884 0.0000000000
16774  48.124  -60.699  -24.631 0.0000000000
22253  47.027  -55.532  -24.835 0.0000000000
23366  46.468  -54.600  -24.715 0.0000000000
22277  46.446  -55.003  -25.643 0.0000000000
182467  45.611  -53.875  -26.472 0.0000000000
25626  45.293  -52.957  -27.566 0.0000000000
24495  46.725  -53.230  -28.169 0.0000000000
25643  45.439  -52.517  -28.202 0.0000000000
25627  44.811  -52.198  -27.762 0.0000000000
28078  44.973  -50.496  -28.554 0.0000000000
29254  44.584  -49.711  -28.263 0.0000000000
28085  51.235  -50.423  -29.259 0.0000000000
30361  52.035  -48.954  -23.663 0.0000000000
159153  51.007  -49.092  -23.579 0.0000000000
169083  51.726  -49.730  -23.519 0.0000000000
24439  48.160  -53.618  -22.867 0.0000000000
23355  48.401  -54.679  -22.622 0.0000000000
21094  51.300  -56.689  -21.615 0.0000000000
161374  51.025  -58.016  -22.594 0.0000000000
21132  50.970  -57.263  -22.482 0.0000000000
22231  50.222  -56.122  -21.893 0.0000000000
22232  49.509  -55.761  -22.172 0.0000000000
21116  49.118  -56.197  -22.851 0.0000000000
181023  47.527  -55.631  -23.962 0.0000000000
21153  47.838  -56.169  -24.652 0.0000000000
21166  48.487  -56.186  -25.246 0.0000000000
22288  48.855  -55.435  -26.299 0.0000000000
21164  50.781  -56.525  -25.222 0.0000000000
22273  50.145  -56.007  -25.829 0.0000000000
162056  49.707  -55.578  -26.198 0.0000000000
23390  49.577  -54.270  -27.183 0.0000000000
25625  49.996  -52.868  -27.904 0.0000000000
25638  50.761  -52.404  -28.100 0.0000000000
16795  45.931  -60.610  -25.748 0.0000000000
157121  47.509  -59.905  -29.778 0.0000000000
16827  48.011  -61.114  -28.004 0.0000000000
171042  48.371  -60.809  -27.356 0.0000000000
17916  49.557  -59.875  -27.599 0.0000000000
17915  50.063  -59.296  -27.737 0.0000000000
20047  50.934  -58.161  -27.829 0.0000000000
20055  50.236  -57.380  -28.935 0.0000000000
162372  50.702  -57.221  -28.560 0.0000000000
186282  51.300  -56.363  -28.016 0.0000000000
23388  51.188  -54.473  -27.484 0.0000000000
25624  51.159  -53.103  -27.673 0.0000000000
26874  51.315  -51.907  -28.362 0.0000000000
28075  51.928  -51.285  -28.679 0.0000000000
33673  47.579  -45.122  -22.238 0.0000000000
33672  48.496  -45.196  -22.434 0.0000000000
171151  48.680  -45.868  -22.508 0.0000000000
32594  49.191  -46.231  -22.634 0.0000000000
32616  49.614  -46.849  -22.853 0.0000000000
31506  51.350  -47.244  -23.443 0.0000000000
31473  54.293  -47.150  -22.106 0.0000000000
33688  53.309  -45.544  -23.004 0.0000000000
176721  53.009  -46.177  -23.350 0.0000000000
31505  52.313  -47.168  -23.561 0.0000000000
161829  51.638  -48.152  -23.626 0.0000000000
30360  53.045  -49.014  -23.738 0.0000000000
164059  53.272  -50.365  -23.169 0.0000000000
26803  53.741  -50.932  -22.685 0.0000000000
26776  54.619  -51.326  -21.793 0.0000000000
25542  54.101  -52.006  -21.365 0.0000000000
174293  53.455  -52.235  -21.491 0.0000000000
24401  53.023  -53.547  -20.631 0.0000000000
23298  52.858  -54.840  -20.090 0.0000000000
21039  52.513  -56.792  -18.062 0.0000000000
19925  52.223  -57.273  -18.461 0.0000000000
19936  51.828  -57.827  -19.283 0.0000000000
24452  45.774  -53.319  -25.159 0.0000000000
26846  45.073  -51.955  -25.386 0.0000000000
28036  44.518  -50.846  -24.655 0.0000000000
28051  43.775  -50.785  -26.121 0.0000000000
164852  43.927  -50.761  -25.333 0.0000000000
14461  47.063  -62.839  -23.251 0.0000000000
15567  48.563  -62.264  -21.463 0.0000000000
16703  49.948  -60.599  -20.110 0.0000000000
16751  48.652  -60.884  -23.437 0.0000000000
16775  47.359  -60.834  -24.628 0.0000000000
16825  49.166  -60.285  -28.320 0.0000000000
16844  48.796  -60.619  -28.928 0.0000000000
17760  50.069  -59.557  -18.247 0.0000000000
17813  50.332  -59.541  -21.441 0.0000000000
17837  49.723  -59.725  -23.615 0.0000000000
17863  50.321  -59.114  -24.928 0.0000000000
17882  50.260  -59.250  -25.833 0.0000000000
17952  49.455  -59.444  -29.003 0.0000000000
17953  48.959  -59.672  -29.247 0.0000000000
17954  48.260  -59.809  -29.504 0.0000000000
17955  47.081  -60.455  -30.371 0.0000000000
18831  51.142  -58.257  -17.686 0.0000000000
18850  51.027  -58.855  -18.080 0.0000000000
18868  51.344  -58.686  -18.872 0.0000000000
18888  50.754  -58.758  -21.690 0.0000000000
18894  51.059  -58.110  -21.953 0.0000000000
18895  50.733  -58.524  -22.484 0.0000000000
18986  50.323  -58.792  -28.198 0.0000000000
19909  51.525  -57.678  -17.564 0.0000000000
20039  51.502  -57.509  -25.671 0.0000000000
20044  51.489  -57.509  -26.458 0.0000000000
20050  51.053  -57.431  -28.136 0.0000000000
20051  50.492  -58.040  -28.554 0.0000000000
20052  49.871  -58.169  -29.032 0.0000000000
20056  49.051  -58.086  -29.138 0.0000000000
21053  52.587  -56.501  -18.871 0.0000000000
21071  52.527  -56.145  -20.025 0.0000000000
21092  52.162  -56.133  -20.692 0.0000000000
21113  51.350  -57.121  -21.679 0.0000000000
21114  50.770  -56.725  -22.166 0.0000000000
21133  50.606  -57.053  -23.289 0.0000000000
21150  50.959  -57.052  -24.368 0.0000000000
21167  47.687  -56.003  -25.306 0.0000000000
21177  51.330  -56.813  -27.772 0.0000000000
21178  51.077  -56.616  -28.342 0.0000000000
21182  49.875  -56.052  -29.300 0.0000000000
22201  52.797  -55.396  -19.936 0.0000000000
22213  50.864  -56.046  -21.503 0.0000000000
22233  48.824  -55.458  -22.548 0.0000000000
22252  48.157  -56.246  -23.977 0.0000000000
22274  49.145  -55.882  -25.757 0.0000000000
22275  48.179  -55.832  -25.837 0.0000000000
22286  51.138  -55.795  -26.896 0.0000000000
22290  46.973  -55.275  -26.251 0.0000000000
22298  51.294  -55.348  -27.508 0.0000000000
22305  51.273  -55.808  -28.166 0.0000000000
22310  51.141  -55.218  -28.624 0.0000000000
23283  53.656  -53.993  -19.037 0.0000000000
23356  47.611  -54.621  -23.313 0.0000000000
23373  45.870  -54.325  -26.139 0.0000000000
23380  49.828  -54.973  -26.652 0.0000000000
23382  47.365  -54.893  -26.799 0.0000000000
23389  50.459  -54.463  -27.106 0.0000000000
23391  47.810  -54.350  -27.374 0.0000000000
23393  45.877  -54.130  -26.882 0.0000000000
24400  53.548  -52.742  -20.965 0.0000000000
24451  46.332  -53.491  -24.532 0.0000000000
24462  45.431  -53.462  -25.977 0.0000000000
24472  45.342  -53.397  -26.856 0.0000000000
24478  51.496  -53.715  -27.686 0.0000000000
24481  48.305  -53.657  -27.760 0.0000000000
24484  45.682  -53.534  -27.375 0.0000000000
24492  51.989  -53.559  -28.132 0.0000000000
24493  48.832  -52.978  -28.099 0.0000000000
24494  47.762  -53.137  -28.223 0.0000000000
24496  45.858  -53.192  -27.978 0.0000000000
25504  54.369  -52.316  -19.302 0.0000000000
25522  54.517  -52.050  -20.219 0.0000000000
25544  51.932  -52.886  -21.278 0.0000000000
25563  53.854  -51.560  -22.056 0.0000000000
25594  46.783  -52.497  -24.122 0.0000000000
25596  45.499  -52.637  -25.297 0.0000000000
25617  44.920  -52.721  -27.159 0.0000000000
26738  54.489  -51.747  -19.883 0.0000000000
26775  54.916  -51.127  -21.410 0.0000000000
26789  55.071  -50.787  -22.096 0.0000000000
26790  54.618  -50.861  -22.421 0.0000000000
26825  47.297  -51.760  -23.849 0.0000000000
26828  45.059  -51.403  -24.870 0.0000000000
26859  44.226  -51.394  -26.605 0.0000000000
26865  44.382  -51.391  -27.471 0.0000000000
26873  52.229  -52.211  -28.233 0.0000000000
26876  48.581  -51.697  -28.901 0.0000000000
26879  45.787  -51.932  -28.696 0.0000000000
26880  44.738  -51.345  -28.203 0.0000000000
27968  54.946  -50.870  -20.937 0.0000000000
27990  55.385  -50.079  -22.591 0.0000000000
28005  55.349  -50.023  -22.830 0.0000000000
28006  55.137  -50.360  -22.633 0.0000000000
28035  45.453  -50.993  -24.318 0.0000000000
28052  43.419  -50.165  -25.524 0.0000000000
28062  43.451  -50.083  -26.423 0.0000000000
28076  50.865  -51.130  -28.919 0.0000000000
28077  45.824  -50.439  -28.980 0.0000000000
28084  52.144  -50.358  -29.079 0.0000000000
29163  55.451  -49.798  -22.425 0.0000000000
29190  55.303  -49.522  -23.082 0.0000000000
29191  54.774  -49.601  -23.386 0.0000000000
29199  44.061  -50.234  -24.082 0.0000000000
29225  42.895  -49.481  -25.355 0.0000000000
29236  42.745  -49.085  -26.042 0.0000000000
29244  43.946  -49.838  -27.622 0.0000000000
29245  43.585  -49.162  -27.247 0.0000000000
30325  55.416  -49.230  -22.513 0.0000000000
30326  54.995  -48.341  -22.364 0.0000000000
30327  54.092  -48.184  -21.682 0.0000000000
30341  55.373  -48.732  -22.902 0.0000000000
30432  45.013  -48.788  -28.338 0.0000000000
31502  54.761  -47.397  -23.078 0.0000000000
31503  54.197  -47.110  -23.349 0.0000000000
31504  53.323  -47.069  -23.567 0.0000000000
31540  42.796  -47.686  -26.440 0.0000000000
31559  43.487  -47.570  -26.961 0.0000000000
32593  53.730  -45.862  -22.845 0.0000000000
32612  53.757  -46.249  -23.191 0.0000000000
32613  52.120  -46.243  -23.350 0.0000000000
32615  50.445  -46.376  -22.979 0.0000000000
33690  51.071  -45.485  -22.927 0.0000000000
34794  46.968  -44.523  -22.027 0.0000000000
156298  49.512  -47.766  -23.066 0.0000000000
158044  50.075  -48.865  -23.442 0.0000000000
161830  52.649  -48.085  -23.716 0.0000000000
163707  53.718  -47.990  -23.689 0.0000000000
165856  48.963  -60.478  -27.290 0.0000000000
165956  51.417  -54.894  -28.048 0.0000000000
166930  47.185  -63.841  -22.585 0.0000000000
167424  50.283  -59.037  -23.995 0.0000000000
168916  48.275  -55.690  -23.221 0.0000000000
170576  50.856  -49.878  -23.480 0.0000000000
170818  55.098  -50.657  -21.641 0.0000000000
171392  55.098  -47.885  -22.894 0.0000000000
172917  46.932  -53.163  -23.923 0.0000000000
172969  51.462  -56.872  -25.886 0.0000000000
173906  49.336  -61.152  -21.382 0.0000000000
174928  46.681  -51.889  -28.900 0.0000000000
175452  52.759  -45.508  -23.114 0.0000000000
175957  50.835  -54.604  -29.296 0.0000000000
177717  49.640  -59.492  -18.335 0.0000000000
179598  45.137  -51.894  -28.377 0.0000000000
183581  47.161  -54.250  -23.660 0.0000000000
183653  50.141  -51.016  -29.138 0.0000000000
183686  52.343  -49.410  -23.601 0.0000000000
185127  51.833  -53.217  -27.835 0.0000000000
