#!ascii label  , from subject sub-s015 vox2ras=TkReg
351
102811  28.783  17.022  -35.077 0.0000000000
93277  29.654  7.864  -33.845 0.0000000000
107105  28.195  20.258  -37.202 0.0000000000
117266  26.134  30.480  -42.237 0.0000000000
91270  28.876  5.455  -33.569 0.0000000000
110223  30.765  23.823  -35.253 0.0000000000
112265  29.209  26.089  -36.443 0.0000000000
99545  26.890  13.842  -37.147 0.0000000000
98462  28.751  12.351  -35.996 0.0000000000
102776  31.252  15.914  -33.649 0.0000000000
183443  33.221  19.439  -35.573 0.0000000000
163321  33.785  15.880  -37.702 0.0000000000
106016  28.643  19.301  -35.769 0.0000000000
108171  32.677  21.670  -35.292 0.0000000000
114291  26.496  27.704  -40.300 0.0000000000
116203  29.162  29.195  -38.379 0.0000000000
96290  32.356  10.804  -34.163 0.0000000000
111242  28.224  24.395  -36.972 0.0000000000
185711  27.813  26.009  -37.687 0.0000000000
101776  28.071  15.304  -37.078 0.0000000000
159551  28.703  15.021  -35.313 0.0000000000
102793  29.866  16.664  -33.835 0.0000000000
92282  29.227  6.327  -33.668 0.0000000000
106024  28.384  19.726  -36.566 0.0000000000
163062  30.369  20.974  -34.291 0.0000000000
170711  29.638  21.624  -34.885 0.0000000000
111240  32.399  24.667  -37.212 0.0000000000
110221  32.499  23.653  -36.240 0.0000000000
173522  25.138  28.718  -43.689 0.0000000000
113328  26.146  26.287  -41.791 0.0000000000
116231  26.616  29.330  -40.449 0.0000000000
119215  29.892  32.655  -43.462 0.0000000000
118257  30.309  31.810  -41.366 0.0000000000
117223  28.953  30.402  -39.292 0.0000000000
116229  31.003  30.277  -39.734 0.0000000000
115245  30.761  28.972  -38.659 0.0000000000
98433  30.224  12.836  -34.092 0.0000000000
97379  30.457  11.350  -34.573 0.0000000000
89152  27.919  3.506  -34.085 0.0000000000
159258  28.971  22.721  -35.805 0.0000000000
163763  28.486  22.939  -36.519 0.0000000000
111224  29.607  24.928  -35.811 0.0000000000
112274  31.706  25.961  -37.025 0.0000000000
97408  27.648  11.960  -36.521 0.0000000000
99526  27.833  13.313  -36.600 0.0000000000
100643  30.240  14.399  -33.751 0.0000000000
100669  33.252  14.403  -35.229 0.0000000000
104866  30.463  18.668  -33.824 0.0000000000
103845  32.646  17.361  -34.783 0.0000000000
159336  33.475  18.074  -36.321 0.0000000000
102827  28.232  16.456  -37.186 0.0000000000
102856  27.402  17.061  -38.148 0.0000000000
103847  28.567  17.541  -35.977 0.0000000000
106000  30.612  19.527  -33.880 0.0000000000
107078  32.809  20.731  -35.079 0.0000000000
107104  33.591  20.803  -37.239 0.0000000000
110209  31.453  23.238  -35.150 0.0000000000
109260  33.391  22.251  -37.107 0.0000000000
113318  26.792  26.381  -39.664 0.0000000000
118260  27.649  31.745  -41.370 0.0000000000
116230  27.370  29.955  -39.977 0.0000000000
182898  27.738  28.323  -38.667 0.0000000000
113300  27.547  26.652  -38.158 0.0000000000
115220  29.996  28.160  -37.452 0.0000000000
114270  31.473  27.419  -38.143 0.0000000000
94354  28.655  8.820  -35.202 0.0000000000
177349  28.320  10.900  -36.354 0.0000000000
102810  32.783  16.135  -35.227 0.0000000000
101759  33.553  14.712  -35.875 0.0000000000
166217  27.547  24.621  -38.345 0.0000000000
112285  27.371  25.508  -38.442 0.0000000000
101761  28.835  15.962  -35.086 0.0000000000
102794  29.229  16.623  -34.431 0.0000000000
88051  27.085  2.277  -32.311 0.0000000000
89133  27.526  2.828  -32.809 0.0000000000
171009  29.454  7.144  -33.767 0.0000000000
107094  28.455  20.441  -36.378 0.0000000000
107093  28.769  21.051  -35.680 0.0000000000
112273  32.288  25.297  -37.607 0.0000000000
111255  32.548  24.511  -38.030 0.0000000000
116252  25.683  29.435  -42.977 0.0000000000
174099  25.558  28.431  -43.224 0.0000000000
116239  25.938  29.020  -41.315 0.0000000000
180456  26.372  29.754  -41.083 0.0000000000
117255  30.834  31.302  -40.898 0.0000000000
116228  31.409  29.858  -40.206 0.0000000000
100652  33.087  13.389  -34.558 0.0000000000
99500  32.396  12.805  -34.320 0.0000000000
167721  28.294  6.670  -34.872 0.0000000000
109262  28.175  22.322  -37.314 0.0000000000
110237  28.080  23.333  -37.353 0.0000000000
112275  28.522  25.278  -36.685 0.0000000000
111225  28.817  24.665  -36.241 0.0000000000
158526  29.911  25.686  -36.006 0.0000000000
112264  30.830  25.930  -36.301 0.0000000000
113289  30.922  26.725  -36.842 0.0000000000
117276  25.447  30.467  -44.034 0.0000000000
99528  26.476  13.013  -36.592 0.0000000000
99527  27.335  13.565  -36.852 0.0000000000
162164  29.173  15.149  -34.568 0.0000000000
100670  28.831  14.164  -34.947 0.0000000000
101728  30.735  15.112  -33.605 0.0000000000
100642  31.157  14.207  -33.709 0.0000000000
101727  31.643  14.872  -33.916 0.0000000000
172823  28.534  4.689  -33.836 0.0000000000
90213  28.224  4.226  -32.544 0.0000000000
106014  32.869  19.031  -35.028 0.0000000000
104875  32.921  18.267  -35.144 0.0000000000
104874  33.328  18.670  -35.796 0.0000000000
101793  26.998  15.136  -37.695 0.0000000000
162805  27.730  17.724  -37.974 0.0000000000
184752  28.141  17.676  -37.486 0.0000000000
103879  28.033  17.038  -37.746 0.0000000000
104877  28.591  18.441  -35.867 0.0000000000
106001  29.703  19.209  -34.255 0.0000000000
106015  29.119  19.715  -34.874 0.0000000000
108153  31.291  21.539  -34.357 0.0000000000
107058  31.398  20.715  -34.143 0.0000000000
107057  32.120  21.178  -34.580 0.0000000000
107092  33.489  20.923  -36.403 0.0000000000
110224  29.686  23.458  -35.400 0.0000000000
110210  30.515  23.030  -34.926 0.0000000000
155455  33.041  23.085  -36.752 0.0000000000
108219  33.492  21.449  -38.619 0.0000000000
112313  26.191  25.494  -41.949 0.0000000000
113319  26.465  26.643  -40.640 0.0000000000
168594  26.668  25.726  -40.516 0.0000000000
113311  26.744  27.279  -39.641 0.0000000000
119199  29.614  32.459  -42.607 0.0000000000
181880  29.137  32.677  -43.243 0.0000000000
118259  28.541  32.046  -41.164 0.0000000000
118243  28.092  31.434  -40.627 0.0000000000
116217  29.651  29.870  -38.762 0.0000000000
116218  28.794  29.708  -38.782 0.0000000000
179102  28.245  29.018  -38.712 0.0000000000
114274  27.624  27.618  -38.390 0.0000000000
168144  28.489  28.364  -38.136 0.0000000000
114273  28.228  27.480  -37.740 0.0000000000
115235  29.564  28.686  -37.870 0.0000000000
114281  31.678  28.224  -39.645 0.0000000000
115233  31.275  28.263  -38.611 0.0000000000
156890  31.825  27.466  -39.077 0.0000000000
113299  31.951  26.741  -38.554 0.0000000000
94355  27.782  8.731  -35.348 0.0000000000
160353  28.084  12.087  -36.530 0.0000000000
171743  28.249  11.505  -36.475 0.0000000000
97407  28.561  11.804  -36.398 0.0000000000
97378  31.607  11.173  -34.392 0.0000000000
164613  30.104  10.685  -34.930 0.0000000000
170676  30.886  10.669  -34.476 0.0000000000
96307  30.668  9.953  -34.534 0.0000000000
164452  33.177  16.687  -35.808 0.0000000000
103831  32.011  17.021  -34.116 0.0000000000
102826  33.516  16.021  -36.765 0.0000000000
111256  27.841  24.099  -37.878 0.0000000000
112284  27.866  25.133  -37.526 0.0000000000
165973  28.344  26.022  -37.047 0.0000000000
100701  27.558  14.763  -37.319 0.0000000000
99544  27.615  14.021  -36.956 0.0000000000
101762  28.402  15.390  -36.151 0.0000000000
101745  29.450  15.942  -34.144 0.0000000000
101744  30.279  15.928  -33.668 0.0000000000
92283  28.845  5.837  -34.236 0.0000000000
91258  28.793  5.469  -32.563 0.0000000000
92273  29.156  6.117  -32.678 0.0000000000
93241  29.643  7.330  -31.792 0.0000000000
166942  33.593  19.345  -37.123 0.0000000000
104894  33.639  18.583  -37.519 0.0000000000
104906  27.493  18.382  -38.132 0.0000000000
104885  28.360  18.889  -36.734 0.0000000000
107079  28.736  20.141  -35.665 0.0000000000
107060  29.338  20.615  -34.843 0.0000000000
108154  30.543  21.813  -34.467 0.0000000000
111222  31.549  24.819  -36.033 0.0000000000
110222  31.734  24.025  -35.660 0.0000000000
110236  32.751  23.902  -37.247 0.0000000000
110247  32.810  23.684  -38.357 0.0000000000
115256  26.247  28.326  -40.836 0.0000000000
184380  30.142  32.289  -42.349 0.0000000000
118258  29.454  32.033  -41.168 0.0000000000
118242  29.018  31.606  -40.489 0.0000000000
117222  30.107  30.455  -39.380 0.0000000000
116216  30.640  29.673  -39.062 0.0000000000
116202  30.080  29.248  -38.359 0.0000000000
116215  31.247  29.596  -39.675 0.0000000000
115255  31.551  29.033  -40.243 0.0000000000
164190  29.512  12.794  -34.517 0.0000000000
98461  29.277  12.217  -35.169 0.0000000000
98449  29.907  12.116  -34.512 0.0000000000
98447  31.964  11.991  -34.352 0.0000000000
89153  27.511  2.860  -33.801 0.0000000000
178592  27.967  3.961  -34.204 0.0000000000
92299  28.491  5.871  -34.588 0.0000000000
92298  28.905  6.618  -34.412 0.0000000000
93290  29.177  7.539  -34.270 0.0000000000
108206  28.112  20.900  -37.727 0.0000000000
182693  28.607  21.510  -36.106 0.0000000000
109251  28.483  22.008  -36.453 0.0000000000
165877  30.140  24.361  -35.527 0.0000000000
170349  28.577  23.822  -36.425 0.0000000000
160817  29.246  24.131  -35.817 0.0000000000
112263  31.400  25.437  -36.335 0.0000000000
112283  32.144  26.052  -38.050 0.0000000000
116261  25.254  29.606  -43.874 0.0000000000
117267  25.727  30.506  -43.181 0.0000000000
118275  26.373  31.373  -42.621 0.0000000000
98480  27.624  12.740  -36.570 0.0000000000
98479  28.210  12.552  -36.437 0.0000000000
162240  28.054  13.904  -36.520 0.0000000000
99513  28.389  13.357  -36.007 0.0000000000
99512  28.940  13.069  -35.044 0.0000000000
99501  29.603  13.637  -34.198 0.0000000000
100653  32.274  13.813  -34.354 0.0000000000
183515  33.006  13.949  -34.829 0.0000000000
156479  30.232  17.954  -33.815 0.0000000000
103832  31.438  17.865  -33.846 0.0000000000
103844  33.234  17.735  -35.700 0.0000000000
103878  33.680  16.950  -37.350 0.0000000000
168314  33.767  17.750  -37.893 0.0000000000
103894  33.924  16.845  -38.236 0.0000000000
102855  33.998  16.062  -38.482 0.0000000000
169593  28.280  15.907  -36.786 0.0000000000
102812  28.513  16.505  -36.171 0.0000000000
102841  27.645  16.286  -37.851 0.0000000000
103846  28.853  17.961  -34.984 0.0000000000
104867  29.547  18.361  -34.277 0.0000000000
104865  31.481  18.991  -33.911 0.0000000000
159670  32.262  19.436  -34.396 0.0000000000
176543  29.929  20.064  -34.261 0.0000000000
105998  32.225  20.315  -34.434 0.0000000000
182045  32.857  19.865  -34.987 0.0000000000
160314  33.548  20.114  -36.722 0.0000000000
157615  33.604  20.031  -37.620 0.0000000000
109250  28.958  21.914  -35.639 0.0000000000
109238  30.289  22.329  -34.720 0.0000000000
109237  32.186  22.589  -35.219 0.0000000000
110208  32.162  23.332  -35.572 0.0000000000
157376  32.721  22.948  -35.933 0.0000000000
108189  32.850  22.308  -35.771 0.0000000000
181320  33.513  21.460  -36.917 0.0000000000
112295  26.991  25.398  -39.615 0.0000000000
118274  27.204  31.978  -42.211 0.0000000000
118261  26.820  31.216  -41.735 0.0000000000
117243  26.930  30.230  -40.630 0.0000000000
116219  27.169  29.257  -39.755 0.0000000000
117224  28.075  30.403  -39.695 0.0000000000
115246  27.951  29.681  -39.275 0.0000000000
114283  26.838  28.036  -39.587 0.0000000000
114282  27.162  27.840  -39.024 0.0000000000
113310  27.056  27.006  -38.893 0.0000000000
161152  27.092  26.192  -38.908 0.0000000000
184284  28.237  26.732  -37.427 0.0000000000
114259  29.626  27.516  -37.107 0.0000000000
115234  30.498  28.612  -38.027 0.0000000000
183699  30.244  27.748  -37.305 0.0000000000
159483  30.472  27.364  -37.148 0.0000000000
113288  31.598  26.722  -37.655 0.0000000000
112294  32.263  26.073  -38.894 0.0000000000
94335  28.934  8.158  -34.695 0.0000000000
94334  29.599  8.314  -34.250 0.0000000000
96324  27.711  10.322  -35.935 0.0000000000
97380  29.686  11.457  -35.123 0.0000000000
96322  29.190  10.437  -35.865 0.0000000000
96323  28.678  10.345  -36.042 0.0000000000
95314  29.182  9.661  -35.427 0.0000000000
163359  30.016  8.888  -34.347 0.0000000000
103833  30.476  17.274  -33.685 0.0000000000
103824  31.332  16.861  -33.707 0.0000000000
102792  31.923  16.296  -34.092 0.0000000000
101791  33.894  15.076  -37.537 0.0000000000
102809  33.296  15.497  -35.983 0.0000000000
101760  32.966  15.055  -35.371 0.0000000000
101742  32.549  14.673  -34.694 0.0000000000
90228  28.277  4.092  -33.626 0.0000000000
90243  28.182  4.236  -34.127 0.0000000000
93312  28.230  8.032  -35.100 0.0000000000
94353  29.433  8.878  -34.799 0.0000000000
95302  29.972  9.424  -34.771 0.0000000000
96306  31.707  10.291  -34.264 0.0000000000
96338  28.880  11.038  -36.333 0.0000000000
97394  29.133  11.545  -35.999 0.0000000000
98432  31.240  12.788  -34.075 0.0000000000
98448  30.861  12.043  -34.280 0.0000000000
98481  27.049  12.510  -36.536 0.0000000000
98495  27.047  13.216  -36.764 0.0000000000
99485  31.520  13.417  -34.042 0.0000000000
99486  30.647  13.569  -33.788 0.0000000000
100654  29.502  14.530  -34.209 0.0000000000
100671  28.356  14.408  -35.937 0.0000000000
100686  28.071  14.601  -36.743 0.0000000000
100702  27.152  14.280  -37.298 0.0000000000
101729  29.852  15.196  -33.872 0.0000000000
101743  31.983  15.503  -34.147 0.0000000000
101792  27.548  15.503  -37.612 0.0000000000
101794  26.423  15.368  -37.666 0.0000000000
101822  34.204  15.741  -39.043 0.0000000000
102777  30.649  16.563  -33.601 0.0000000000
102791  32.431  15.705  -34.685 0.0000000000
102857  27.003  16.457  -38.167 0.0000000000
103834  29.485  17.434  -34.219 0.0000000000
103861  33.448  17.247  -36.487 0.0000000000
103862  28.364  18.038  -36.804 0.0000000000
104864  32.344  18.500  -34.440 0.0000000000
104876  28.938  18.851  -34.914 0.0000000000
104884  33.545  18.678  -36.666 0.0000000000
104895  28.026  18.449  -37.638 0.0000000000
105999  31.486  19.885  -33.981 0.0000000000
106013  33.333  20.219  -35.782 0.0000000000
107059  30.744  20.251  -33.973 0.0000000000
107077  33.220  21.077  -35.709 0.0000000000
108172  31.941  21.920  -34.728 0.0000000000
108188  33.271  21.761  -36.199 0.0000000000
108190  28.381  21.094  -36.697 0.0000000000
108205  33.551  21.498  -37.691 0.0000000000
109225  31.204  22.407  -34.674 0.0000000000
109249  33.119  22.487  -36.344 0.0000000000
110211  29.634  22.538  -35.161 0.0000000000
110225  28.937  23.424  -35.937 0.0000000000
111221  32.237  24.411  -36.475 0.0000000000
111223  30.640  25.142  -35.828 0.0000000000
111241  32.025  25.148  -36.733 0.0000000000
113278  30.163  26.337  -36.324 0.0000000000
113290  29.896  26.915  -36.635 0.0000000000
113291  28.942  26.841  -36.852 0.0000000000
114258  31.111  27.255  -37.461 0.0000000000
114260  28.803  27.349  -37.263 0.0000000000
114271  30.799  27.876  -37.686 0.0000000000
114272  29.102  27.998  -37.485 0.0000000000
114300  26.140  27.299  -41.335 0.0000000000
115244  31.244  28.970  -39.310 0.0000000000
115247  27.358  28.689  -39.248 0.0000000000
115248  26.719  28.578  -39.970 0.0000000000
115265  25.788  28.013  -41.859 0.0000000000
117239  30.546  30.964  -40.094 0.0000000000
117240  29.541  31.100  -39.863 0.0000000000
117241  28.552  31.016  -39.963 0.0000000000
117256  27.258  31.001  -40.948 0.0000000000
117257  26.549  30.415  -41.374 0.0000000000
119183  29.849  32.227  -41.883 0.0000000000
158416  29.465  10.835  -35.751 0.0000000000
161682  28.024  15.867  -37.359 0.0000000000
164188  28.227  21.577  -37.266 0.0000000000
164198  30.986  24.472  -35.592 0.0000000000
164490  33.596  17.908  -37.032 0.0000000000
164686  28.369  17.207  -36.941 0.0000000000
169856  26.411  25.813  -41.346 0.0000000000
175106  27.647  3.845  -34.257 0.0000000000
177155  33.480  19.410  -36.266 0.0000000000
182035  29.164  25.343  -36.183 0.0000000000
182383  27.123  15.833  -37.943 0.0000000000
186126  32.369  16.546  -34.569 0.0000000000
