#!ascii label  , from subject sub-s002 vox2ras=TkReg
361
77853  -25.581  7.095  -31.670 0.0000000000
74306  -22.374  3.877  -29.343 0.0000000000
74317  -28.198  3.688  -30.871 0.0000000000
125984  -24.884  -0.555  -30.181 0.0000000000
86382  -28.287  17.558  -29.889 0.0000000000
83921  -29.366  14.346  -30.354 0.0000000000
81523  -22.980  11.399  -31.412 0.0000000000
137553  -23.015  -4.249  -28.014 0.0000000000
72561  -23.785  1.536  -30.041 0.0000000000
70753  -21.590  -0.583  -28.138 0.0000000000
85574  -28.805  16.267  -29.713 0.0000000000
83917  -25.246  14.714  -30.256 0.0000000000
77846  -22.879  7.449  -30.399 0.0000000000
79691  -21.103  9.812  -29.691 0.0000000000
134715  -24.259  9.694  -31.719 0.0000000000
80615  -26.614  10.590  -30.853 0.0000000000
79707  -28.996  8.972  -31.391 0.0000000000
77857  -29.329  7.275  -31.263 0.0000000000
133398  -20.659  5.551  -28.508 0.0000000000
76093  -24.540  5.754  -30.556 0.0000000000
126317  -27.250  5.549  -31.503 0.0000000000
123862  -25.888  3.498  -30.815 0.0000000000
119205  -27.086  1.792  -30.660 0.0000000000
70772  -27.419  -0.337  -30.007 0.0000000000
83092  -21.728  13.463  -30.661 0.0000000000
82298  -24.967  12.874  -30.998 0.0000000000
82319  -29.961  12.339  -32.727 0.0000000000
68850  -21.402  -2.313  -27.672 0.0000000000
68862  -23.178  -2.475  -28.751 0.0000000000
71611  -21.818  0.285  -28.499 0.0000000000
70752  -20.796  -0.335  -27.482 0.0000000000
131181  -25.479  15.373  -30.053 0.0000000000
84762  -24.092  14.572  -30.660 0.0000000000
77851  -24.181  7.416  -31.123 0.0000000000
78809  -23.693  8.165  -31.022 0.0000000000
78816  -24.793  7.896  -31.954 0.0000000000
79705  -26.245  8.996  -32.195 0.0000000000
119436  -26.973  8.206  -31.798 0.0000000000
125711  -28.906  7.730  -31.432 0.0000000000
77855  -27.026  6.747  -31.555 0.0000000000
75189  -21.962  4.544  -29.201 0.0000000000
76085  -23.003  5.672  -29.922 0.0000000000
75191  -23.760  4.836  -30.109 0.0000000000
75196  -25.148  5.230  -30.712 0.0000000000
130072  -23.912  3.427  -30.093 0.0000000000
70786  -24.587  -0.090  -30.231 0.0000000000
72562  -24.874  1.711  -30.360 0.0000000000
70787  -25.512  -0.001  -30.467 0.0000000000
71631  -27.622  0.491  -30.345 0.0000000000
70771  -26.649  -0.527  -30.207 0.0000000000
86388  -26.100  18.149  -29.646 0.0000000000
88152  -25.814  19.177  -29.610 0.0000000000
88143  -27.859  19.136  -29.683 0.0000000000
123365  -28.664  20.123  -30.450 0.0000000000
127594  -30.168  17.714  -30.574 0.0000000000
135610  -29.542  15.089  -30.076 0.0000000000
80613  -21.999  10.528  -30.680 0.0000000000
81507  -20.926  11.896  -30.161 0.0000000000
82296  -22.121  12.609  -31.008 0.0000000000
125860  -23.964  12.953  -31.468 0.0000000000
82310  -23.822  12.349  -31.521 0.0000000000
81528  -29.178  10.419  -31.266 0.0000000000
81512  -28.597  11.181  -30.814 0.0000000000
81538  -30.148  11.639  -32.293 0.0000000000
74324  -27.726  4.350  -31.238 0.0000000000
134537  -29.176  5.902  -31.201 0.0000000000
67022  -21.100  -3.569  -27.148 0.0000000000
67977  -21.910  -2.694  -28.044 0.0000000000
68861  -22.428  -2.211  -28.465 0.0000000000
67979  -23.061  -3.206  -28.471 0.0000000000
72549  -21.573  2.020  -28.596 0.0000000000
73445  -23.342  2.489  -29.749 0.0000000000
133148  -21.935  1.143  -28.742 0.0000000000
71628  -22.449  0.059  -29.120 0.0000000000
70769  -23.240  -0.808  -29.415 0.0000000000
85571  -26.439  16.404  -29.592 0.0000000000
86383  -29.142  16.950  -29.915 0.0000000000
85572  -26.784  15.823  -29.700 0.0000000000
84737  -27.286  15.623  -29.666 0.0000000000
83901  -26.817  15.018  -29.678 0.0000000000
76926  -21.577  7.086  -29.506 0.0000000000
78799  -21.521  8.564  -29.757 0.0000000000
79693  -22.526  9.864  -30.872 0.0000000000
79702  -23.903  10.372  -31.592 0.0000000000
80627  -24.373  10.871  -31.653 0.0000000000
124741  -24.792  10.031  -31.855 0.0000000000
80630  -27.163  9.666  -31.076 0.0000000000
120736  -29.161  9.579  -31.352 0.0000000000
79708  -29.704  9.341  -31.406 0.0000000000
66073  -24.041  -5.260  -27.234 0.0000000000
67026  -24.653  -4.416  -27.698 0.0000000000
136033  -22.084  6.482  -29.663 0.0000000000
76932  -23.285  6.857  -30.438 0.0000000000
76939  -25.260  6.330  -30.996 0.0000000000
126312  -26.572  6.302  -31.527 0.0000000000
76100  -25.645  5.815  -31.106 0.0000000000
74321  -26.294  4.537  -31.192 0.0000000000
74315  -27.025  3.439  -31.023 0.0000000000
73455  -24.390  2.613  -30.256 0.0000000000
73457  -26.354  2.829  -30.753 0.0000000000
73459  -27.309  2.864  -30.770 0.0000000000
72551  -28.238  1.623  -30.266 0.0000000000
71632  -28.194  0.788  -30.038 0.0000000000
86391  -30.496  17.134  -30.710 0.0000000000
83939  -23.873  13.880  -30.894 0.0000000000
83095  -24.823  13.845  -30.763 0.0000000000
83098  -27.752  13.399  -29.701 0.0000000000
81510  -26.147  11.523  -30.616 0.0000000000
129743  -27.665  12.714  -29.990 0.0000000000
117213  -29.273  13.482  -30.645 0.0000000000
76943  -28.211  6.248  -31.472 0.0000000000
76945  -29.637  6.928  -31.038 0.0000000000
69831  -20.596  -1.070  -27.123 0.0000000000
69843  -21.686  -1.528  -28.068 0.0000000000
69856  -22.777  -1.219  -29.003 0.0000000000
69858  -24.202  -1.291  -29.528 0.0000000000
67981  -24.953  -3.094  -28.518 0.0000000000
68864  -25.148  -2.199  -28.917 0.0000000000
69845  -25.804  -1.750  -29.155 0.0000000000
84760  -22.941  15.134  -30.549 0.0000000000
140768  -25.123  7.312  -31.721 0.0000000000
77852  -24.726  7.342  -31.463 0.0000000000
137506  -25.236  7.608  -32.022 0.0000000000
124419  -25.760  7.594  -31.975 0.0000000000
124418  -26.579  7.471  -31.727 0.0000000000
124417  -27.729  7.384  -31.538 0.0000000000
77854  -26.223  6.919  -31.598 0.0000000000
74305  -21.554  3.727  -28.808 0.0000000000
75190  -22.955  4.853  -29.708 0.0000000000
74307  -23.330  4.010  -29.787 0.0000000000
74311  -24.240  4.336  -30.284 0.0000000000
70788  -26.457  0.258  -30.558 0.0000000000
70770  -25.641  -0.674  -30.186 0.0000000000
140121  -26.872  18.146  -29.548 0.0000000000
87221  -27.564  18.230  -29.649 0.0000000000
88154  -28.763  19.288  -30.374 0.0000000000
87239  -29.420  18.423  -30.589 0.0000000000
86389  -29.312  17.665  -30.219 0.0000000000
83903  -28.888  14.942  -29.685 0.0000000000
84748  -29.764  14.872  -30.817 0.0000000000
83941  -29.505  13.791  -31.653 0.0000000000
81508  -22.257  11.263  -31.034 0.0000000000
126348  -21.467  11.181  -30.410 0.0000000000
134026  -21.726  11.915  -30.814 0.0000000000
81522  -22.581  11.959  -31.247 0.0000000000
82309  -23.329  12.125  -31.455 0.0000000000
81524  -23.678  11.655  -31.542 0.0000000000
134041  -29.934  10.907  -31.883 0.0000000000
81529  -29.547  11.266  -31.590 0.0000000000
75197  -28.621  4.521  -31.058 0.0000000000
135872  -29.157  3.955  -30.425 0.0000000000
67024  -22.382  -4.265  -27.772 0.0000000000
67023  -21.676  -4.294  -27.358 0.0000000000
67966  -21.836  -3.464  -27.760 0.0000000000
67038  -22.560  -3.562  -28.151 0.0000000000
139576  -22.135  -3.116  -28.110 0.0000000000
120867  -21.021  1.994  -28.084 0.0000000000
72539  -21.375  1.211  -28.194 0.0000000000
71612  -22.148  -0.475  -28.710 0.0000000000
118304  -23.018  -0.332  -29.451 0.0000000000
70768  -22.628  -0.717  -29.091 0.0000000000
128894  -27.219  16.457  -29.661 0.0000000000
85582  -25.921  15.623  -29.727 0.0000000000
84746  -25.224  14.970  -30.264 0.0000000000
84736  -26.318  15.312  -29.729 0.0000000000
83918  -25.874  15.043  -29.838 0.0000000000
77840  -22.092  7.879  -29.999 0.0000000000
135334  -23.785  8.807  -31.397 0.0000000000
131663  -23.171  9.089  -31.045 0.0000000000
122917  -23.769  9.568  -31.498 0.0000000000
79701  -23.299  10.121  -31.373 0.0000000000
125114  -24.315  10.318  -31.694 0.0000000000
79703  -24.698  9.467  -31.973 0.0000000000
79706  -27.189  8.955  -31.642 0.0000000000
135157  -26.407  9.479  -31.743 0.0000000000
124361  -28.185  9.167  -31.337 0.0000000000
80631  -28.343  9.766  -31.086 0.0000000000
77858  -29.681  8.142  -31.165 0.0000000000
140945  -29.770  7.542  -30.974 0.0000000000
140586  -23.705  -5.753  -26.849 0.0000000000
66058  -24.683  -5.424  -26.534 0.0000000000
76083  -21.259  6.196  -29.053 0.0000000000
119816  -22.824  6.328  -30.055 0.0000000000
76092  -23.758  6.185  -30.426 0.0000000000
76934  -24.643  6.325  -30.744 0.0000000000
76094  -25.208  5.842  -30.808 0.0000000000
74313  -25.699  4.392  -30.886 0.0000000000
74322  -26.754  4.014  -31.198 0.0000000000
74314  -26.485  3.643  -30.995 0.0000000000
71640  -26.262  1.356  -30.644 0.0000000000
72563  -25.927  1.940  -30.611 0.0000000000
72564  -26.747  2.091  -30.683 0.0000000000
73458  -26.915  2.862  -30.811 0.0000000000
119008  -27.179  2.309  -30.686 0.0000000000
72566  -27.623  2.203  -30.630 0.0000000000
72565  -27.294  1.829  -30.624 0.0000000000
70773  -28.076  -0.025  -29.661 0.0000000000
71613  -28.605  0.362  -29.106 0.0000000000
86390  -30.039  17.040  -30.171 0.0000000000
85575  -29.695  16.327  -29.937 0.0000000000
79679  -20.661  9.381  -29.335 0.0000000000
83900  -20.766  14.315  -30.046 0.0000000000
83915  -22.371  14.203  -30.658 0.0000000000
83938  -23.161  14.353  -30.721 0.0000000000
128712  -23.256  13.673  -30.998 0.0000000000
82297  -24.319  13.078  -31.334 0.0000000000
83094  -24.360  13.598  -31.109 0.0000000000
83096  -25.488  13.546  -30.128 0.0000000000
83097  -26.660  13.226  -29.601 0.0000000000
81527  -25.500  10.976  -31.281 0.0000000000
81526  -24.596  11.373  -31.511 0.0000000000
82302  -29.138  11.936  -31.075 0.0000000000
82301  -28.098  12.021  -30.432 0.0000000000
83099  -28.647  12.859  -30.344 0.0000000000
83114  -29.499  12.641  -31.693 0.0000000000
82327  -30.039  12.796  -33.344 0.0000000000
76941  -26.746  5.736  -31.501 0.0000000000
76942  -27.342  6.103  -31.540 0.0000000000
127121  -27.841  5.651  -31.474 0.0000000000
76935  -29.548  6.285  -30.961 0.0000000000
68849  -20.814  -2.285  -27.145 0.0000000000
119130  -20.393  -1.778  -26.846 0.0000000000
69832  -21.045  -1.719  -27.444 0.0000000000
69842  -21.192  -1.083  -27.652 0.0000000000
69844  -22.338  -1.635  -28.530 0.0000000000
68874  -22.918  -1.730  -28.900 0.0000000000
69857  -23.434  -1.245  -29.307 0.0000000000
68875  -23.670  -1.785  -29.140 0.0000000000
67967  -24.613  -3.763  -28.190 0.0000000000
71610  -21.095  0.432  -27.851 0.0000000000
122336  -24.938  15.462  -30.284 0.0000000000
84745  -24.704  14.723  -30.519 0.0000000000
77847  -23.541  7.452  -30.722 0.0000000000
78808  -22.932  8.144  -30.609 0.0000000000
78815  -24.241  8.169  -31.555 0.0000000000
121356  -24.519  8.820  -31.964 0.0000000000
119930  -25.096  8.380  -32.401 0.0000000000
119929  -25.980  8.280  -32.233 0.0000000000
78817  -28.213  8.382  -31.489 0.0000000000
77856  -28.553  6.917  -31.443 0.0000000000
75178  -21.256  4.378  -28.712 0.0000000000
76076  -21.450  5.195  -28.987 0.0000000000
76084  -22.180  5.842  -29.556 0.0000000000
120078  -22.322  5.234  -29.492 0.0000000000
76086  -23.766  5.457  -30.231 0.0000000000
75195  -24.438  5.120  -30.441 0.0000000000
131407  -24.966  4.637  -30.590 0.0000000000
74312  -24.995  3.718  -30.517 0.0000000000
71639  -24.212  0.652  -30.163 0.0000000000
118025  -25.380  0.847  -30.477 0.0000000000
71641  -26.743  1.253  -30.655 0.0000000000
71642  -27.145  1.093  -30.606 0.0000000000
70789  -27.081  0.171  -30.495 0.0000000000
86387  -25.410  17.759  -29.649 0.0000000000
125512  -26.707  18.947  -29.609 0.0000000000
87240  -30.232  18.371  -31.056 0.0000000000
84739  -29.288  15.645  -29.766 0.0000000000
85583  -30.260  16.391  -30.483 0.0000000000
129571  -29.870  15.669  -30.296 0.0000000000
81498  -20.237  11.872  -29.433 0.0000000000
82284  -20.547  12.663  -29.824 0.0000000000
82295  -21.260  12.678  -30.485 0.0000000000
83093  -22.660  13.212  -31.090 0.0000000000
83111  -23.481  12.893  -31.412 0.0000000000
82311  -24.138  12.501  -31.489 0.0000000000
82312  -24.428  12.260  -31.405 0.0000000000
80616  -27.862  10.410  -30.784 0.0000000000
81511  -27.366  11.290  -30.533 0.0000000000
141021  -29.761  11.882  -31.987 0.0000000000
76103  -27.495  5.085  -31.435 0.0000000000
76104  -28.196  5.125  -31.342 0.0000000000
129030  -28.956  5.299  -31.167 0.0000000000
67964  -20.894  -2.834  -27.139 0.0000000000
67965  -21.415  -2.955  -27.566 0.0000000000
68860  -21.947  -2.076  -28.171 0.0000000000
67978  -22.479  -2.849  -28.367 0.0000000000
73432  -21.094  2.866  -28.330 0.0000000000
73443  -21.932  2.938  -28.934 0.0000000000
73444  -22.757  3.121  -29.421 0.0000000000
126560  -22.402  2.000  -29.171 0.0000000000
72550  -23.030  1.455  -29.544 0.0000000000
118306  -22.498  0.922  -29.180 0.0000000000
71629  -23.208  0.500  -29.644 0.0000000000
71630  -23.682  -0.230  -29.803 0.0000000000
119019  -24.077  -0.766  -29.769 0.0000000000
86380  -26.066  17.220  -29.579 0.0000000000
86381  -27.069  17.334  -29.547 0.0000000000
129260  -28.056  16.813  -29.822 0.0000000000
85573  -27.752  16.178  -29.734 0.0000000000
84738  -28.354  15.632  -29.616 0.0000000000
83902  -27.873  14.930  -29.462 0.0000000000
83920  -28.461  14.035  -29.836 0.0000000000
79680  -21.367  9.214  -29.770 0.0000000000
78807  -22.168  8.928  -30.371 0.0000000000
79692  -21.719  9.788  -30.255 0.0000000000
80614  -22.776  10.688  -31.254 0.0000000000
80625  -23.496  10.932  -31.542 0.0000000000
80626  -23.979  11.149  -31.629 0.0000000000
80629  -25.990  10.136  -31.489 0.0000000000
124278  -25.559  9.730  -31.945 0.0000000000
80632  -29.955  10.229  -31.686 0.0000000000
79709  -30.166  9.759  -31.479 0.0000000000
78818  -29.333  8.575  -31.335 0.0000000000
73447  -28.636  3.089  -30.424 0.0000000000
66072  -23.099  -4.925  -27.683 0.0000000000
67025  -23.741  -4.513  -27.891 0.0000000000
76927  -22.473  7.002  -30.045 0.0000000000
76933  -24.044  6.815  -30.807 0.0000000000
76938  -24.731  6.828  -31.059 0.0000000000
127749  -25.305  6.773  -31.357 0.0000000000
129612  -25.936  6.516  -31.471 0.0000000000
76940  -25.770  6.144  -31.292 0.0000000000
140311  -26.238  5.996  -31.454 0.0000000000
76101  -26.251  5.399  -31.346 0.0000000000
76095  -25.724  5.230  -31.041 0.0000000000
76102  -26.922  5.166  -31.460 0.0000000000
75203  -27.181  4.636  -31.383 0.0000000000
74323  -27.136  4.044  -31.241 0.0000000000
74316  -27.486  3.511  -30.967 0.0000000000
133313  -23.313  3.283  -29.742 0.0000000000
73456  -25.460  2.742  -30.575 0.0000000000
73460  -27.838  2.937  -30.702 0.0000000000
73446  -28.347  2.380  -30.381 0.0000000000
71643  -27.637  1.378  -30.527 0.0000000000
85587  -30.368  16.464  -31.243 0.0000000000
83937  -22.483  14.950  -30.507 0.0000000000
84761  -23.570  14.565  -30.664 0.0000000000
83916  -24.787  14.286  -30.645 0.0000000000
83113  -24.130  13.438  -31.231 0.0000000000
130300  -25.351  14.500  -30.174 0.0000000000
127128  -26.189  14.336  -29.682 0.0000000000
83919  -27.295  14.165  -29.488 0.0000000000
81525  -24.182  11.729  -31.544 0.0000000000
81509  -25.137  11.892  -31.065 0.0000000000
82299  -25.767  12.479  -30.233 0.0000000000
82300  -26.925  12.181  -30.148 0.0000000000
133451  -27.781  6.631  -31.515 0.0000000000
76105  -28.598  5.789  -31.365 0.0000000000
76944  -29.065  6.471  -31.315 0.0000000000
70754  -22.210  -1.069  -28.615 0.0000000000
67039  -23.384  -3.823  -28.250 0.0000000000
67980  -23.913  -3.287  -28.542 0.0000000000
68863  -24.187  -2.435  -28.913 0.0000000000
68876  -24.432  -1.786  -29.241 0.0000000000
69859  -25.138  -1.409  -29.579 0.0000000000
122183  -24.755  -0.942  -29.893 0.0000000000
69860  -26.138  -1.199  -29.678 0.0000000000
67040  -24.093  -4.020  -28.155 0.0000000000
75202  -26.747  4.611  -31.341 0.0000000000
79704  -25.337  9.193  -32.309 0.0000000000
80628  -24.993  10.519  -31.709 0.0000000000
83112  -23.835  13.344  -31.284 0.0000000000
83940  -24.383  13.979  -30.841 0.0000000000
84747  -25.696  15.122  -29.947 0.0000000000
87258  -30.379  18.931  -31.554 0.0000000000
125330  -26.121  0.698  -30.625 0.0000000000
136003  -23.948  11.895  -31.566 0.0000000000
136914  -24.180  13.070  -31.406 0.0000000000
138245  -22.805  12.541  -31.298 0.0000000000
139443  -24.089  9.047  -31.690 0.0000000000
140934  -22.132  0.561  -28.884 0.0000000000
