#!ascii label  , from subject sub-s002 vox2ras=TkReg
324
71601  -29.559  0.405  -27.678 0.0000000000
74317  -28.198  3.688  -30.871 0.0000000000
83921  -29.366  14.346  -30.354 0.0000000000
80637  -30.346  11.101  -32.028 0.0000000000
79666  -30.729  9.382  -28.728 0.0000000000
76039  -30.977  5.507  -25.122 0.0000000000
85574  -28.805  16.267  -29.713 0.0000000000
80617  -30.601  10.346  -31.086 0.0000000000
77857  -29.329  7.275  -31.263 0.0000000000
72541  -29.208  1.724  -28.655 0.0000000000
75180  -29.837  4.670  -28.363 0.0000000000
74267  -30.509  3.214  -26.424 0.0000000000
67027  -25.513  -4.264  -27.223 0.0000000000
70772  -27.419  -0.337  -30.007 0.0000000000
89783  -28.597  22.038  -31.161 0.0000000000
88161  -30.119  19.811  -31.767 0.0000000000
87278  -30.421  18.260  -32.767 0.0000000000
85602  -29.327  15.627  -33.423 0.0000000000
84795  -30.080  14.555  -34.407 0.0000000000
82319  -29.961  12.339  -32.727 0.0000000000
124385  -31.321  13.723  -32.678 0.0000000000
83081  -31.885  13.420  -29.831 0.0000000000
81488  -31.629  12.000  -28.222 0.0000000000
80556  -31.695  10.608  -26.564 0.0000000000
76097  -29.751  6.059  -30.294 0.0000000000
78756  -30.708  7.661  -26.907 0.0000000000
125711  -28.906  7.730  -31.432 0.0000000000
77855  -27.026  6.747  -31.555 0.0000000000
71615  -29.603  1.215  -27.827 0.0000000000
73421  -29.917  2.427  -27.536 0.0000000000
72529  -30.083  1.661  -27.317 0.0000000000
64007  -25.052  -7.378  -24.325 0.0000000000
65003  -25.501  -6.459  -24.427 0.0000000000
66041  -26.152  -5.111  -25.261 0.0000000000
71631  -27.622  0.491  -30.345 0.0000000000
70771  -26.649  -0.527  -30.207 0.0000000000
88162  -30.599  19.086  -32.228 0.0000000000
135610  -29.542  15.089  -30.076 0.0000000000
85587  -30.368  16.464  -31.243 0.0000000000
121106  -29.608  14.712  -31.924 0.0000000000
84794  -29.313  15.074  -34.232 0.0000000000
83953  -29.518  13.841  -33.052 0.0000000000
81538  -30.148  11.639  -32.293 0.0000000000
82328  -30.325  12.833  -33.339 0.0000000000
81540  -30.816  11.920  -32.471 0.0000000000
83922  -32.143  14.289  -30.769 0.0000000000
81531  -31.097  11.717  -31.753 0.0000000000
79681  -30.584  9.499  -29.727 0.0000000000
80603  -31.240  11.573  -29.147 0.0000000000
121419  -31.230  10.985  -28.377 0.0000000000
81467  -31.701  11.596  -27.519 0.0000000000
79646  -31.256  9.933  -27.124 0.0000000000
74324  -27.726  4.350  -31.238 0.0000000000
134537  -29.176  5.902  -31.201 0.0000000000
122069  -29.305  4.887  -30.691 0.0000000000
75148  -30.441  4.937  -26.506 0.0000000000
76903  -30.329  6.130  -27.830 0.0000000000
76866  -30.643  6.360  -26.217 0.0000000000
77800  -31.218  8.032  -26.010 0.0000000000
123347  -31.368  7.589  -24.970 0.0000000000
67955  -26.742  -3.799  -26.599 0.0000000000
68851  -26.605  -2.818  -27.799 0.0000000000
68841  -27.836  -2.786  -26.782 0.0000000000
68853  -28.225  -2.165  -27.199 0.0000000000
120736  -29.161  9.579  -31.352 0.0000000000
80633  -30.420  10.650  -31.748 0.0000000000
79708  -29.704  9.341  -31.406 0.0000000000
78810  -30.112  8.847  -30.996 0.0000000000
78800  -30.205  8.092  -30.418 0.0000000000
138913  -28.903  2.603  -29.974 0.0000000000
75179  -29.501  4.119  -29.176 0.0000000000
74283  -29.437  3.232  -28.679 0.0000000000
119600  -30.339  3.992  -26.963 0.0000000000
124117  -30.607  4.038  -26.007 0.0000000000
66997  -26.565  -4.626  -25.482 0.0000000000
73459  -27.309  2.864  -30.770 0.0000000000
72551  -28.238  1.623  -30.266 0.0000000000
71632  -28.194  0.788  -30.038 0.0000000000
70757  -29.014  -0.006  -28.217 0.0000000000
129154  -28.478  22.696  -31.649 0.0000000000
88999  -28.321  20.730  -30.280 0.0000000000
126131  -29.027  21.373  -31.310 0.0000000000
89008  -30.461  20.484  -33.659 0.0000000000
88173  -30.346  19.499  -33.763 0.0000000000
87294  -29.840  18.374  -33.896 0.0000000000
86391  -30.496  17.134  -30.710 0.0000000000
86398  -29.855  17.305  -33.158 0.0000000000
86411  -28.760  16.695  -35.279 0.0000000000
132863  -29.157  15.709  -35.231 0.0000000000
85615  -30.272  16.155  -35.094 0.0000000000
85604  -32.170  16.619  -33.626 0.0000000000
117213  -29.273  13.482  -30.645 0.0000000000
83124  -29.668  12.983  -32.956 0.0000000000
83954  -31.291  14.582  -33.220 0.0000000000
84780  -32.122  15.590  -32.496 0.0000000000
84764  -32.680  15.623  -31.561 0.0000000000
83904  -33.067  14.497  -29.568 0.0000000000
81499  -31.306  12.035  -29.880 0.0000000000
82286  -32.112  13.260  -28.889 0.0000000000
76943  -28.211  6.248  -31.472 0.0000000000
76945  -29.637  6.928  -31.038 0.0000000000
77841  -30.179  7.323  -29.904 0.0000000000
76077  -29.797  5.136  -29.164 0.0000000000
76919  -30.321  6.750  -28.426 0.0000000000
78774  -30.772  8.460  -27.450 0.0000000000
78775  -31.118  9.123  -26.870 0.0000000000
79608  -31.747  9.329  -25.415 0.0000000000
69847  -27.412  -1.407  -28.672 0.0000000000
70742  -28.826  -0.759  -27.910 0.0000000000
70733  -29.874  -0.763  -26.821 0.0000000000
71602  -30.107  0.838  -27.193 0.0000000000
72518  -30.495  1.348  -26.638 0.0000000000
71591  -30.511  0.484  -26.531 0.0000000000
119438  -25.871  -7.118  -23.825 0.0000000000
83903  -28.888  14.942  -29.685 0.0000000000
84748  -29.764  14.872  -30.817 0.0000000000
83941  -29.505  13.791  -31.653 0.0000000000
134041  -29.934  10.907  -31.883 0.0000000000
81529  -29.547  11.266  -31.590 0.0000000000
81539  -30.520  11.664  -32.367 0.0000000000
129828  -31.255  12.521  -31.936 0.0000000000
81530  -30.704  11.285  -32.123 0.0000000000
80591  -30.829  10.161  -29.021 0.0000000000
79667  -31.018  10.072  -28.053 0.0000000000
79645  -30.898  9.256  -27.771 0.0000000000
75197  -28.621  4.521  -31.058 0.0000000000
135872  -29.157  3.955  -30.425 0.0000000000
76038  -30.661  5.639  -25.847 0.0000000000
136094  -30.505  5.748  -26.556 0.0000000000
76867  -31.011  6.418  -25.229 0.0000000000
76851  -31.539  6.812  -24.185 0.0000000000
76022  -31.398  5.772  -24.280 0.0000000000
67956  -27.477  -3.398  -26.346 0.0000000000
124361  -28.185  9.167  -31.337 0.0000000000
79707  -28.996  8.972  -31.391 0.0000000000
77858  -29.681  8.142  -31.165 0.0000000000
136404  -30.387  8.938  -30.339 0.0000000000
140945  -29.770  7.542  -30.974 0.0000000000
73433  -29.129  2.550  -29.154 0.0000000000
74296  -29.216  3.214  -29.736 0.0000000000
74284  -30.149  3.148  -27.243 0.0000000000
74250  -30.872  3.223  -25.614 0.0000000000
62970  -24.415  -8.065  -24.555 0.0000000000
128775  -24.586  -8.892  -24.282 0.0000000000
122043  -27.124  -4.458  -25.054 0.0000000000
72566  -27.623  2.203  -30.630 0.0000000000
70773  -28.076  -0.025  -29.661 0.0000000000
71613  -28.605  0.362  -29.106 0.0000000000
70756  -28.436  -0.399  -28.742 0.0000000000
128034  -28.113  22.063  -30.499 0.0000000000
133789  -28.168  22.570  -31.053 0.0000000000
136380  -28.827  22.809  -32.224 0.0000000000
89787  -29.097  22.079  -31.919 0.0000000000
88160  -29.229  19.940  -31.020 0.0000000000
89001  -28.910  20.715  -30.829 0.0000000000
89002  -29.412  20.640  -31.548 0.0000000000
133023  -29.415  21.277  -31.943 0.0000000000
89004  -29.921  20.711  -32.283 0.0000000000
89007  -30.271  20.860  -32.977 0.0000000000
87295  -30.544  19.100  -33.033 0.0000000000
85575  -29.695  16.327  -29.937 0.0000000000
85592  -29.760  15.619  -32.110 0.0000000000
85593  -29.989  16.620  -32.420 0.0000000000
131485  -29.116  16.348  -33.827 0.0000000000
86404  -29.117  17.146  -34.302 0.0000000000
85628  -28.743  16.037  -35.302 0.0000000000
139828  -28.905  15.708  -34.352 0.0000000000
83974  -29.721  14.682  -34.373 0.0000000000
84810  -29.573  15.223  -34.780 0.0000000000
84811  -30.312  15.281  -34.611 0.0000000000
85603  -31.213  15.998  -34.201 0.0000000000
84796  -30.812  15.041  -33.973 0.0000000000
82302  -29.138  11.936  -31.075 0.0000000000
83114  -29.499  12.641  -31.693 0.0000000000
82327  -30.039  12.796  -33.344 0.0000000000
82329  -30.613  13.451  -33.490 0.0000000000
83955  -31.830  14.794  -32.078 0.0000000000
85594  -32.812  16.136  -32.159 0.0000000000
83100  -31.695  13.484  -30.980 0.0000000000
83101  -32.319  14.120  -30.038 0.0000000000
83082  -32.630  13.891  -29.181 0.0000000000
81513  -30.879  11.053  -31.477 0.0000000000
80618  -30.971  11.098  -30.258 0.0000000000
82269  -31.636  12.461  -28.916 0.0000000000
83071  -32.956  13.475  -28.430 0.0000000000
82270  -32.305  12.844  -28.057 0.0000000000
81443  -31.921  11.341  -26.804 0.0000000000
80557  -32.250  10.573  -25.869 0.0000000000
76942  -27.342  6.103  -31.540 0.0000000000
76096  -29.441  5.629  -30.831 0.0000000000
76935  -29.548  6.285  -30.961 0.0000000000
76936  -29.870  6.744  -30.456 0.0000000000
76928  -30.089  6.560  -29.493 0.0000000000
76078  -30.093  5.373  -28.132 0.0000000000
121332  -30.460  6.903  -27.477 0.0000000000
77821  -30.504  7.661  -28.112 0.0000000000
135969  -31.019  8.428  -26.670 0.0000000000
78739  -31.577  8.607  -25.178 0.0000000000
78740  -32.339  9.282  -24.596 0.0000000000
69821  -28.985  -1.867  -26.919 0.0000000000
69834  -28.562  -1.484  -27.572 0.0000000000
69835  -29.270  -1.162  -27.234 0.0000000000
78817  -28.213  8.382  -31.489 0.0000000000
124417  -27.729  7.384  -31.538 0.0000000000
77856  -28.553  6.917  -31.443 0.0000000000
73420  -29.511  2.486  -28.285 0.0000000000
72528  -29.649  1.902  -27.888 0.0000000000
73406  -30.408  2.315  -26.750 0.0000000000
135462  -30.719  2.600  -26.037 0.0000000000
72503  -30.915  0.992  -25.956 0.0000000000
62971  -25.091  -8.320  -24.067 0.0000000000
66040  -25.593  -5.433  -25.472 0.0000000000
66020  -26.002  -5.636  -24.683 0.0000000000
71642  -27.145  1.093  -30.606 0.0000000000
70788  -26.457  0.258  -30.558 0.0000000000
70789  -27.081  0.171  -30.495 0.0000000000
89782  -27.972  21.371  -30.160 0.0000000000
88155  -29.669  19.141  -31.060 0.0000000000
87240  -30.232  18.371  -31.056 0.0000000000
87259  -30.479  18.218  -31.689 0.0000000000
85583  -30.260  16.391  -30.483 0.0000000000
129571  -29.870  15.669  -30.296 0.0000000000
84763  -30.114  15.611  -31.042 0.0000000000
84779  -29.421  14.766  -33.185 0.0000000000
83964  -29.702  14.215  -33.856 0.0000000000
141021  -29.761  11.882  -31.987 0.0000000000
82320  -30.357  12.310  -32.823 0.0000000000
82321  -30.909  12.710  -32.889 0.0000000000
83115  -31.406  13.263  -32.086 0.0000000000
83942  -31.759  14.085  -31.599 0.0000000000
82303  -31.420  12.520  -30.694 0.0000000000
80602  -30.694  10.241  -30.038 0.0000000000
136198  -30.948  10.812  -29.346 0.0000000000
80575  -31.434  10.755  -27.393 0.0000000000
127121  -27.841  5.651  -31.474 0.0000000000
76104  -28.196  5.125  -31.342 0.0000000000
129030  -28.956  5.299  -31.167 0.0000000000
76087  -29.671  5.342  -30.172 0.0000000000
75164  -30.146  4.742  -27.518 0.0000000000
76065  -30.325  5.536  -27.244 0.0000000000
76882  -30.460  6.265  -26.996 0.0000000000
131094  -30.589  6.883  -26.711 0.0000000000
77783  -30.868  7.170  -26.004 0.0000000000
77769  -32.072  8.312  -24.341 0.0000000000
135216  -31.897  7.574  -24.050 0.0000000000
67969  -26.175  -3.594  -27.364 0.0000000000
67970  -27.069  -3.175  -27.077 0.0000000000
68852  -27.436  -2.487  -27.490 0.0000000000
69833  -27.808  -1.794  -27.899 0.0000000000
68842  -28.591  -2.457  -26.512 0.0000000000
81528  -29.178  10.419  -31.266 0.0000000000
80632  -29.955  10.229  -31.686 0.0000000000
79709  -30.166  9.759  -31.479 0.0000000000
78818  -29.333  8.575  -31.335 0.0000000000
78819  -29.888  9.028  -31.306 0.0000000000
79694  -30.388  9.545  -30.817 0.0000000000
118033  -30.523  8.740  -29.479 0.0000000000
73447  -28.636  3.089  -30.424 0.0000000000
75163  -29.843  3.879  -27.952 0.0000000000
134365  -29.724  3.053  -27.902 0.0000000000
75134  -30.749  4.838  -25.536 0.0000000000
75135  -31.090  4.014  -25.148 0.0000000000
73392  -31.176  2.408  -25.462 0.0000000000
67010  -25.723  -4.635  -26.537 0.0000000000
66996  -25.968  -4.907  -25.869 0.0000000000
67011  -26.400  -4.380  -26.195 0.0000000000
67942  -27.169  -4.048  -25.795 0.0000000000
73460  -27.838  2.937  -30.702 0.0000000000
73446  -28.347  2.380  -30.381 0.0000000000
72552  -28.771  1.991  -29.682 0.0000000000
71643  -27.637  1.378  -30.527 0.0000000000
72540  -28.698  1.196  -29.397 0.0000000000
71614  -29.127  0.792  -28.473 0.0000000000
90531  -27.868  22.860  -30.553 0.0000000000
88998  -27.609  20.700  -29.840 0.0000000000
130007  -28.522  21.392  -30.685 0.0000000000
89789  -29.658  21.551  -32.703 0.0000000000
88165  -30.513  19.985  -32.785 0.0000000000
89014  -30.093  19.900  -34.669 0.0000000000
88172  -29.747  18.912  -34.601 0.0000000000
87311  -29.149  17.825  -35.198 0.0000000000
127594  -30.168  17.714  -30.574 0.0000000000
87241  -30.470  17.757  -31.016 0.0000000000
86393  -30.484  17.336  -31.436 0.0000000000
86399  -30.371  17.593  -32.224 0.0000000000
139878  -29.830  17.792  -33.528 0.0000000000
122269  -28.925  16.592  -35.542 0.0000000000
85630  -30.148  16.955  -35.703 0.0000000000
84809  -28.903  15.486  -34.875 0.0000000000
83098  -27.752  13.399  -29.701 0.0000000000
83130  -29.885  13.381  -33.611 0.0000000000
83965  -30.068  13.873  -33.933 0.0000000000
137349  -30.125  13.191  -33.605 0.0000000000
83966  -30.499  14.189  -33.884 0.0000000000
84797  -31.689  15.752  -33.345 0.0000000000
83943  -32.322  14.863  -31.118 0.0000000000
84749  -33.025  15.359  -30.697 0.0000000000
132429  -34.188  15.037  -30.199 0.0000000000
83905  -34.053  14.489  -29.613 0.0000000000
81514  -31.170  11.658  -30.843 0.0000000000
124525  -32.434  11.935  -27.067 0.0000000000
133451  -27.781  6.631  -31.515 0.0000000000
76105  -28.598  5.789  -31.365 0.0000000000
76944  -29.065  6.471  -31.315 0.0000000000
77848  -29.936  7.323  -30.631 0.0000000000
122916  -30.435  7.944  -29.235 0.0000000000
128933  -29.588  4.652  -30.021 0.0000000000
136146  -29.903  5.805  -29.584 0.0000000000
76088  -30.159  5.953  -28.768 0.0000000000
77834  -30.301  7.258  -29.008 0.0000000000
120841  -30.637  8.579  -28.448 0.0000000000
79629  -31.584  9.794  -26.142 0.0000000000
124014  -31.372  8.876  -26.059 0.0000000000
69861  -27.022  -1.014  -29.497 0.0000000000
70755  -27.791  -0.746  -29.179 0.0000000000
69848  -28.184  -1.127  -28.347 0.0000000000
70743  -29.458  -0.386  -27.479 0.0000000000
67028  -26.123  -4.151  -26.794 0.0000000000
79630  -32.290  9.967  -25.310 0.0000000000
82285  -31.632  12.782  -29.595 0.0000000000
85614  -28.675  16.146  -34.759 0.0000000000
87258  -30.379  18.931  -31.554 0.0000000000
140145  -30.124  9.301  -31.283 0.0000000000
140880  -29.338  15.167  -34.615 0.0000000000
