#!ascii label  , from subject sub-s002 vox2ras=TkReg
447
24963  35.096  -45.642  39.035 0.0000000000
41997  39.269  -27.158  34.839 0.0000000000
40879  45.580  -28.490  40.299 0.0000000000
129586  37.030  -31.730  35.822 0.0000000000
27991  35.520  -41.599  36.357 0.0000000000
24991  38.884  -44.526  36.457 0.0000000000
40915  43.293  -28.281  36.970 0.0000000000
39877  39.803  -30.897  40.842 0.0000000000
123354  36.680  -34.246  34.894 0.0000000000
29065  38.472  -39.760  33.307 0.0000000000
48900  50.814  -19.240  36.939 0.0000000000
44787  46.247  -24.158  37.376 0.0000000000
37868  34.805  -31.239  34.258 0.0000000000
40919  37.328  -29.325  37.268 0.0000000000
28957  38.557  -41.081  39.789 0.0000000000
24961  36.320  -44.921  38.506 0.0000000000
124563  40.991  -27.530  36.084 0.0000000000
39895  41.353  -29.455  39.685 0.0000000000
41938  39.906  -28.270  37.630 0.0000000000
33986  38.239  -35.373  32.716 0.0000000000
26019  39.759  -43.475  34.432 0.0000000000
28013  36.519  -41.751  33.916 0.0000000000
121576  39.315  -41.221  33.103 0.0000000000
47876  49.443  -20.828  35.453 0.0000000000
48874  50.281  -20.782  38.420 0.0000000000
47840  49.112  -21.281  37.395 0.0000000000
41956  45.282  -27.014  37.197 0.0000000000
43847  45.456  -24.722  35.829 0.0000000000
43805  46.116  -25.769  38.562 0.0000000000
43787  47.729  -25.621  40.038 0.0000000000
40878  47.079  -28.521  40.019 0.0000000000
35840  36.579  -33.147  35.393 0.0000000000
35854  35.313  -32.998  34.496 0.0000000000
37849  35.797  -31.478  36.313 0.0000000000
39945  35.689  -29.880  35.234 0.0000000000
37817  36.672  -31.158  37.711 0.0000000000
38882  37.622  -31.026  39.135 0.0000000000
38919  37.751  -30.872  36.552 0.0000000000
126093  39.471  -42.862  37.318 0.0000000000
41992  44.226  -27.024  34.946 0.0000000000
40895  44.488  -28.328  38.102 0.0000000000
39885  42.872  -29.982  40.743 0.0000000000
38854  40.958  -31.589  41.607 0.0000000000
131988  37.669  -37.341  33.994 0.0000000000
33964  37.861  -35.767  34.499 0.0000000000
35851  37.530  -34.174  34.563 0.0000000000
36818  37.615  -32.775  33.719 0.0000000000
38929  37.829  -30.415  34.556 0.0000000000
31066  35.867  -38.958  32.655 0.0000000000
31045  38.461  -38.335  33.483 0.0000000000
49886  52.080  -18.716  36.269 0.0000000000
46842  47.702  -22.591  35.648 0.0000000000
46782  48.174  -23.021  39.519 0.0000000000
42878  48.568  -25.930  38.737 0.0000000000
139199  38.341  -27.867  35.890 0.0000000000
40901  38.335  -29.548  38.687 0.0000000000
38879  39.009  -31.386  39.782 0.0000000000
24038  35.202  -46.277  38.661 0.0000000000
24024  35.625  -45.349  38.957 0.0000000000
135659  35.803  -46.417  37.937 0.0000000000
41996  40.008  -27.145  35.136 0.0000000000
41961  40.292  -27.763  36.781 0.0000000000
41981  40.142  -27.408  35.931 0.0000000000
28023  39.594  -42.222  33.348 0.0000000000
47895  49.351  -20.889  34.278 0.0000000000
47859  49.228  -21.132  36.375 0.0000000000
124978  48.828  -21.551  35.475 0.0000000000
41935  45.421  -27.184  38.231 0.0000000000
42880  45.658  -26.372  37.882 0.0000000000
41904  46.462  -26.875  39.971 0.0000000000
41879  47.158  -27.000  40.215 0.0000000000
36794  36.644  -32.360  35.643 0.0000000000
36795  36.209  -32.415  35.709 0.0000000000
37848  36.204  -31.689  36.448 0.0000000000
37833  35.968  -31.269  36.885 0.0000000000
37847  36.620  -31.526  36.838 0.0000000000
38910  37.087  -31.346  37.715 0.0000000000
137570  37.100  -31.469  36.640 0.0000000000
27974  39.350  -42.181  38.554 0.0000000000
24982  39.769  -44.010  36.940 0.0000000000
26007  39.999  -44.059  35.768 0.0000000000
41979  42.614  -27.577  35.420 0.0000000000
41993  43.309  -27.289  34.740 0.0000000000
41958  43.910  -27.903  36.315 0.0000000000
40914  44.211  -28.166  37.174 0.0000000000
40896  43.679  -28.600  37.839 0.0000000000
39893  43.587  -29.272  39.715 0.0000000000
40886  43.125  -29.005  38.645 0.0000000000
39896  40.234  -29.838  39.974 0.0000000000
39886  41.663  -30.028  40.538 0.0000000000
39876  40.747  -30.788  41.182 0.0000000000
37781  40.465  -32.129  41.383 0.0000000000
37782  39.791  -31.750  41.001 0.0000000000
33007  38.345  -36.778  34.074 0.0000000000
33008  37.922  -36.872  34.288 0.0000000000
33973  38.499  -36.169  33.942 0.0000000000
135865  38.211  -34.435  33.308 0.0000000000
126847  37.594  -33.482  34.274 0.0000000000
28026  36.336  -40.991  33.448 0.0000000000
29066  35.441  -40.372  33.238 0.0000000000
30058  36.799  -39.347  33.013 0.0000000000
31046  38.113  -38.282  33.664 0.0000000000
30039  38.554  -38.835  33.349 0.0000000000
49896  50.246  -19.167  34.883 0.0000000000
49887  51.390  -18.536  36.450 0.0000000000
46780  49.568  -21.928  39.090 0.0000000000
44788  45.831  -24.275  36.483 0.0000000000
45848  45.675  -23.688  35.139 0.0000000000
45826  45.923  -23.777  35.953 0.0000000000
46843  46.884  -23.113  35.244 0.0000000000
45824  46.834  -23.314  37.164 0.0000000000
127382  47.641  -22.628  37.569 0.0000000000
45790  47.107  -24.014  39.120 0.0000000000
41922  47.849  -27.521  39.341 0.0000000000
42865  48.343  -26.344  39.307 0.0000000000
126155  36.168  -34.980  34.159 0.0000000000
34864  35.655  -34.323  34.017 0.0000000000
132210  35.115  -31.792  34.717 0.0000000000
36811  34.904  -32.311  34.256 0.0000000000
40928  36.539  -29.394  36.162 0.0000000000
39944  36.314  -29.235  35.348 0.0000000000
122853  36.842  -28.734  35.464 0.0000000000
40933  37.430  -28.091  35.041 0.0000000000
40926  37.983  -28.317  36.355 0.0000000000
138444  38.457  -28.777  37.755 0.0000000000
40902  37.743  -29.507  38.120 0.0000000000
38908  38.448  -30.921  38.123 0.0000000000
38895  37.982  -31.233  39.353 0.0000000000
38894  38.981  -30.994  38.672 0.0000000000
38893  40.087  -30.720  38.496 0.0000000000
25955  37.385  -43.153  39.008 0.0000000000
24053  37.551  -44.766  36.873 0.0000000000
123577  36.752  -45.368  35.710 0.0000000000
24063  36.017  -45.914  36.402 0.0000000000
117091  41.931  -27.771  36.114 0.0000000000
40897  42.645  -28.574  37.760 0.0000000000
41960  41.252  -27.947  36.828 0.0000000000
41937  40.660  -28.156  37.433 0.0000000000
39897  39.742  -29.420  39.324 0.0000000000
27044  36.576  -42.444  35.558 0.0000000000
28002  35.581  -41.802  35.438 0.0000000000
137244  37.214  -42.351  34.348 0.0000000000
28024  39.144  -41.565  33.428 0.0000000000
29064  38.978  -40.468  33.244 0.0000000000
30057  38.999  -39.580  33.083 0.0000000000
29077  39.083  -40.189  32.835 0.0000000000
48901  50.196  -19.942  36.228 0.0000000000
48890  50.389  -20.027  37.261 0.0000000000
47858  49.771  -20.463  36.563 0.0000000000
47824  49.775  -20.910  38.378 0.0000000000
47810  49.385  -21.573  38.864 0.0000000000
42914  44.868  -26.390  35.412 0.0000000000
42913  45.353  -25.705  36.007 0.0000000000
134616  45.817  -25.515  37.586 0.0000000000
43818  46.184  -25.104  38.186 0.0000000000
125882  46.923  -24.621  39.399 0.0000000000
42851  47.180  -26.173  40.125 0.0000000000
41903  47.577  -27.228  39.899 0.0000000000
35853  36.394  -33.517  35.194 0.0000000000
35860  35.873  -33.752  34.703 0.0000000000
127016  35.839  -33.058  35.210 0.0000000000
37858  35.583  -31.807  35.573 0.0000000000
37859  35.212  -31.231  35.049 0.0000000000
38930  35.389  -30.662  35.283 0.0000000000
38921  35.740  -30.758  36.373 0.0000000000
38911  36.083  -30.979  37.206 0.0000000000
39923  36.674  -30.264  37.581 0.0000000000
39908  37.112  -30.569  38.319 0.0000000000
38896  37.066  -31.067  38.322 0.0000000000
120747  37.525  -31.158  38.623 0.0000000000
39922  38.996  -30.290  36.923 0.0000000000
28959  37.690  -40.228  39.792 0.0000000000
27967  37.773  -41.200  38.538 0.0000000000
27976  37.045  -41.619  37.706 0.0000000000
27042  39.108  -43.263  35.310 0.0000000000
26018  39.887  -43.749  34.179 0.0000000000
41957  44.664  -27.534  36.682 0.0000000000
41936  44.900  -27.740  37.603 0.0000000000
40884  45.355  -28.149  39.599 0.0000000000
122209  44.710  -28.876  39.944 0.0000000000
39874  43.585  -30.375  41.201 0.0000000000
38852  42.928  -31.269  41.591 0.0000000000
39894  42.472  -29.381  39.623 0.0000000000
39875  41.797  -30.783  41.384 0.0000000000
130421  36.680  -37.399  33.432 0.0000000000
33009  37.125  -36.757  33.951 0.0000000000
118075  36.784  -35.595  34.314 0.0000000000
33966  36.826  -34.961  34.620 0.0000000000
34872  38.442  -35.595  33.922 0.0000000000
34862  38.164  -35.571  34.357 0.0000000000
34855  37.493  -34.904  34.613 0.0000000000
35852  36.996  -33.964  35.133 0.0000000000
35839  37.121  -33.414  35.107 0.0000000000
141061  37.198  -32.039  35.064 0.0000000000
122901  37.427  -31.889  34.023 0.0000000000
32029  37.533  -37.972  33.667 0.0000000000
32028  38.288  -37.649  33.817 0.0000000000
32027  38.505  -37.413  33.495 0.0000000000
31086  38.865  -39.018  32.950 0.0000000000
32041  38.755  -37.892  33.026 0.0000000000
50813  51.492  -18.016  35.787 0.0000000000
46868  48.329  -22.181  35.063 0.0000000000
122413  47.842  -22.446  36.606 0.0000000000
46802  48.532  -22.028  38.527 0.0000000000
45773  48.718  -23.288  39.672 0.0000000000
44747  47.812  -24.903  40.053 0.0000000000
44745  48.547  -23.998  39.714 0.0000000000
129271  48.737  -25.251  38.960 0.0000000000
35861  35.156  -33.601  33.826 0.0000000000
41984  38.064  -27.600  35.008 0.0000000000
41983  38.601  -27.522  35.414 0.0000000000
41962  39.517  -27.685  36.468 0.0000000000
40900  39.099  -28.512  37.797 0.0000000000
39898  38.631  -30.227  39.594 0.0000000000
39907  37.665  -30.420  38.885 0.0000000000
38868  38.117  -30.973  39.901 0.0000000000
118287  39.196  -31.284  40.417 0.0000000000
38866  39.636  -31.631  40.458 0.0000000000
38920  37.484  -30.994  35.599 0.0000000000
39934  38.609  -30.232  36.195 0.0000000000
23146  34.770  -47.067  38.429 0.0000000000
24039  34.626  -46.498  38.689 0.0000000000
24962  35.370  -44.691  39.386 0.0000000000
47877  48.824  -21.589  34.613 0.0000000000
41923  45.690  -27.380  39.337 0.0000000000
41905  45.973  -27.725  40.114 0.0000000000
41880  46.590  -27.587  40.296 0.0000000000
41881  46.106  -28.118  40.369 0.0000000000
24983  38.750  -44.263  37.121 0.0000000000
25986  39.642  -43.377  37.519 0.0000000000
25000  38.895  -44.697  35.811 0.0000000000
41959  42.938  -27.915  36.166 0.0000000000
39887  40.728  -30.153  40.482 0.0000000000
38855  40.092  -31.530  41.257 0.0000000000
33020  38.603  -36.605  33.501 0.0000000000
28025  37.906  -41.020  33.439 0.0000000000
137355  37.046  -40.102  33.094 0.0000000000
30040  37.917  -39.129  33.433 0.0000000000
48910  50.512  -19.067  36.025 0.0000000000
126347  50.804  -18.212  35.825 0.0000000000
50814  51.131  -18.092  36.059 0.0000000000
49888  51.035  -18.532  36.492 0.0000000000
45825  46.280  -23.781  36.841 0.0000000000
131122  46.386  -23.494  36.357 0.0000000000
45809  46.747  -23.711  37.982 0.0000000000
41934  47.853  -27.717  38.543 0.0000000000
34856  36.255  -34.423  34.535 0.0000000000
40920  36.728  -29.573  36.888 0.0000000000
130691  37.259  -28.720  36.096 0.0000000000
39906  39.311  -30.405  37.516 0.0000000000
39905  40.014  -30.204  37.509 0.0000000000
25971  37.000  -43.886  38.518 0.0000000000
24970  37.532  -44.226  37.701 0.0000000000
120851  36.635  -45.500  36.724 0.0000000000
140642  36.405  -45.483  37.648 0.0000000000
130462  40.764  -27.302  35.323 0.0000000000
41995  41.349  -27.221  34.680 0.0000000000
41980  41.638  -27.458  35.388 0.0000000000
40899  40.340  -28.561  38.310 0.0000000000
27052  37.435  -42.754  34.982 0.0000000000
126142  38.559  -42.730  34.469 0.0000000000
28038  39.529  -41.732  32.974 0.0000000000
136373  39.123  -40.281  33.065 0.0000000000
48925  49.740  -20.105  33.978 0.0000000000
48911  49.966  -20.061  35.084 0.0000000000
47825  49.049  -21.468  38.259 0.0000000000
42895  45.077  -26.735  36.285 0.0000000000
42894  45.481  -26.090  36.911 0.0000000000
42868  45.938  -26.567  39.001 0.0000000000
43804  46.523  -25.149  39.090 0.0000000000
42867  46.591  -25.940  39.607 0.0000000000
40862  47.172  -27.763  40.166 0.0000000000
40877  47.525  -28.025  39.670 0.0000000000
39882  47.331  -28.838  39.306 0.0000000000
35841  36.186  -32.953  35.466 0.0000000000
131309  35.926  -32.001  36.041 0.0000000000
36796  35.876  -32.477  35.606 0.0000000000
131932  35.517  -31.195  35.792 0.0000000000
37832  36.337  -31.192  37.274 0.0000000000
39924  36.262  -30.347  36.987 0.0000000000
39909  36.515  -30.921  37.787 0.0000000000
38909  38.049  -30.881  37.420 0.0000000000
28938  37.916  -40.447  40.420 0.0000000000
29960  37.258  -39.411  40.919 0.0000000000
28958  38.357  -40.694  39.950 0.0000000000
27975  39.233  -42.285  38.105 0.0000000000
27966  39.041  -41.649  38.822 0.0000000000
141137  38.326  -41.771  38.126 0.0000000000
27018  37.973  -42.339  37.324 0.0000000000
126208  38.430  -42.820  36.650 0.0000000000
41978  43.609  -27.557  35.519 0.0000000000
41977  44.435  -27.282  35.801 0.0000000000
41924  45.118  -27.898  38.603 0.0000000000
40885  44.745  -28.411  38.992 0.0000000000
39884  44.137  -29.569  40.725 0.0000000000
137260  42.650  -30.799  41.498 0.0000000000
40887  42.006  -28.885  38.717 0.0000000000
38853  41.942  -31.534  41.826 0.0000000000
37780  41.340  -32.257  41.633 0.0000000000
33000  37.927  -36.280  34.459 0.0000000000
33001  37.404  -36.206  34.333 0.0000000000
33965  37.448  -35.624  34.521 0.0000000000
33985  38.516  -35.852  33.396 0.0000000000
34873  38.375  -35.092  33.337 0.0000000000
34863  38.153  -34.845  34.067 0.0000000000
36809  37.313  -32.726  34.744 0.0000000000
28014  35.495  -41.551  34.499 0.0000000000
28003  34.798  -41.190  35.122 0.0000000000
123095  35.156  -38.237  32.492 0.0000000000
32042  36.303  -38.136  32.901 0.0000000000
31044  38.556  -38.205  33.352 0.0000000000
136050  38.425  -37.468  32.608 0.0000000000
48875  50.354  -20.431  37.954 0.0000000000
138055  45.316  -24.456  35.283 0.0000000000
44805  45.116  -24.258  34.814 0.0000000000
46870  46.801  -23.161  34.321 0.0000000000
46869  47.618  -22.716  34.655 0.0000000000
46803  47.936  -22.664  38.792 0.0000000000
46765  48.630  -22.955  39.647 0.0000000000
45774  48.358  -23.525  39.782 0.0000000000
43788  47.233  -25.252  39.884 0.0000000000
44760  47.522  -24.454  39.811 0.0000000000
43803  48.452  -25.544  39.499 0.0000000000
44759  48.666  -24.727  39.483 0.0000000000
40934  36.712  -28.486  34.721 0.0000000000
40927  37.961  -27.970  35.612 0.0000000000
41982  39.373  -27.402  35.684 0.0000000000
41963  38.720  -27.852  36.276 0.0000000000
40888  39.334  -29.002  38.582 0.0000000000
140371  38.397  -31.288  39.581 0.0000000000
38881  37.965  -31.066  39.681 0.0000000000
38880  38.275  -31.141  39.890 0.0000000000
38867  38.472  -30.979  40.123 0.0000000000
38892  41.245  -30.623  38.133 0.0000000000
37857  37.425  -31.258  34.643 0.0000000000
126140  36.199  -44.182  39.323 0.0000000000
24037  35.788  -45.995  38.427 0.0000000000
23145  35.355  -46.766  38.264 0.0000000000
140540  40.595  -27.096  34.684 0.0000000000
27077  39.836  -42.914  33.490 0.0000000000
27063  39.809  -42.925  33.721 0.0000000000
27078  39.676  -42.503  33.034 0.0000000000
46841  48.468  -21.880  36.229 0.0000000000
27965  39.313  -41.877  38.997 0.0000000000
27003  39.332  -42.349  38.574 0.0000000000
27017  39.662  -42.807  37.984 0.0000000000
27032  39.697  -43.527  37.113 0.0000000000
27033  39.575  -43.441  36.411 0.0000000000
25999  39.998  -43.952  36.360 0.0000000000
41994  42.294  -27.326  34.686 0.0000000000
116537  44.087  -28.815  38.805 0.0000000000
132316  40.865  -28.968  38.973 0.0000000000
32999  38.240  -36.124  34.326 0.0000000000
35859  37.971  -34.036  33.772 0.0000000000
137423  37.827  -33.427  33.459 0.0000000000
29050  35.409  -41.106  33.838 0.0000000000
30059  36.022  -39.698  32.828 0.0000000000
31065  37.172  -38.670  33.282 0.0000000000
50822  51.027  -17.573  35.479 0.0000000000
47809  49.996  -21.104  38.865 0.0000000000
44804  45.497  -24.062  35.418 0.0000000000
45870  46.071  -23.429  34.840 0.0000000000
45847  46.238  -23.447  35.646 0.0000000000
45846  47.027  -23.032  36.306 0.0000000000
135900  47.261  -23.105  38.098 0.0000000000
45808  47.465  -23.337  38.929 0.0000000000
41902  47.971  -26.760  39.655 0.0000000000
42849  48.072  -25.958  39.876 0.0000000000
42866  48.162  -27.065  38.954 0.0000000000
33975  36.056  -35.671  33.688 0.0000000000
36819  34.377  -32.040  33.389 0.0000000000
39935  36.005  -29.932  36.108 0.0000000000
40918  38.192  -28.567  37.138 0.0000000000
27948  37.927  -41.218  40.325 0.0000000000
26979  37.351  -42.092  40.131 0.0000000000
26978  38.495  -41.637  39.634 0.0000000000
131228  38.330  -43.376  38.306 0.0000000000
24062  37.623  -45.121  36.108 0.0000000000
134473  36.702  -45.517  36.200 0.0000000000
23165  35.929  -46.247  37.289 0.0000000000
40916  42.248  -28.172  36.900 0.0000000000
40898  41.453  -28.390  37.824 0.0000000000
33021  38.414  -36.181  32.840 0.0000000000
133156  36.070  -42.177  36.110 0.0000000000
27053  36.321  -42.207  34.691 0.0000000000
27064  39.415  -42.551  33.779 0.0000000000
27065  38.079  -42.098  33.848 0.0000000000
117842  38.865  -39.547  33.193 0.0000000000
30076  38.883  -39.634  32.764 0.0000000000
47839  49.776  -20.592  37.426 0.0000000000
45772  49.035  -22.732  39.538 0.0000000000
43848  45.139  -25.171  35.145 0.0000000000
43833  45.622  -25.130  36.699 0.0000000000
44776  45.999  -24.725  37.427 0.0000000000
44775  46.497  -24.465  38.370 0.0000000000
42850  47.621  -26.444  40.004 0.0000000000
40883  47.685  -28.278  38.939 0.0000000000
36810  35.471  -32.407  35.010 0.0000000000
38931  35.018  -30.655  34.437 0.0000000000
28998  35.400  -40.654  37.687 0.0000000000
28977  38.311  -40.916  39.334 0.0000000000
28979  35.979  -40.307  38.546 0.0000000000
28997  36.451  -40.965  38.138 0.0000000000
27977  35.834  -41.344  37.272 0.0000000000
27034  37.055  -42.541  36.378 0.0000000000
27043  37.904  -42.928  35.856 0.0000000000
26008  40.008  -43.877  35.628 0.0000000000
40865  45.039  -29.098  40.718 0.0000000000
39873  44.564  -29.823  40.974 0.0000000000
33010  36.013  -36.532  33.281 0.0000000000
33974  36.702  -36.143  33.972 0.0000000000
139777  38.386  -35.894  34.167 0.0000000000
135713  37.462  -31.237  33.860 0.0000000000
27992  34.913  -41.272  35.869 0.0000000000
28015  34.808  -41.028  34.398 0.0000000000
32043  35.413  -37.398  32.631 0.0000000000
30038  38.687  -38.874  33.202 0.0000000000
31064  38.806  -38.573  32.986 0.0000000000
137883  34.922  -45.073  39.276 0.0000000000
50820  52.024  -18.262  35.232 0.0000000000
46821  48.404  -21.925  37.447 0.0000000000
46781  48.776  -22.333  39.336 0.0000000000
44744  49.037  -23.368  39.556 0.0000000000
45789  47.779  -23.728  39.676 0.0000000000
43786  48.190  -24.987  39.923 0.0000000000
137371  48.956  -24.038  39.412 0.0000000000
44774  49.014  -24.531  38.687 0.0000000000
42933  39.086  -26.870  34.013 0.0000000000
41998  38.531  -27.254  34.572 0.0000000000
41939  39.580  -28.016  37.099 0.0000000000
40917  38.958  -28.171  37.047 0.0000000000
39888  39.199  -30.561  40.187 0.0000000000
40889  37.951  -30.714  39.488 0.0000000000
38878  40.217  -31.455  39.587 0.0000000000
38928  38.221  -30.283  35.364 0.0000000000
26017  39.878  -43.300  33.876 0.0000000000
26990  38.044  -42.376  39.456 0.0000000000
27004  38.777  -42.613  38.799 0.0000000000
27958  38.866  -41.637  39.324 0.0000000000
27990  36.434  -42.016  36.857 0.0000000000
28976  38.745  -41.404  39.397 0.0000000000
28978  37.202  -40.507  38.963 0.0000000000
29959  37.582  -39.828  40.919 0.0000000000
29970  37.745  -39.999  40.384 0.0000000000
29971  37.135  -39.579  40.209 0.0000000000
44746  48.086  -24.256  39.996 0.0000000000
139251  39.653  -31.440  40.970 0.0000000000
