#!ascii label  , from subject sub-s002 vox2ras=TkReg
289
16593  36.574  -54.239  -19.793 0.0000000000
18506  46.606  -53.007  -23.579 0.0000000000
12028  38.884  -59.900  -17.072 0.0000000000
15650  41.737  -55.586  -22.332 0.0000000000
12058  43.823  -59.511  -18.949 0.0000000000
12025  42.833  -59.632  -17.090 0.0000000000
129476  42.174  -63.147  -17.850 0.0000000000
121091  44.648  -53.788  -21.604 0.0000000000
19454  41.847  -51.377  -21.108 0.0000000000
13716  37.737  -57.221  -18.232 0.0000000000
119274  41.208  -57.527  -19.167 0.0000000000
13723  44.622  -57.583  -18.772 0.0000000000
13766  46.635  -56.651  -21.053 0.0000000000
12097  42.934  -59.341  -22.091 0.0000000000
18442  34.746  -52.338  -17.231 0.0000000000
14626  35.766  -56.235  -16.668 0.0000000000
12866  36.912  -58.828  -15.103 0.0000000000
18480  40.479  -52.428  -20.913 0.0000000000
9514  42.256  -63.002  -15.794 0.0000000000
17575  46.493  -53.027  -22.529 0.0000000000
19451  44.300  -51.598  -22.178 0.0000000000
12887  38.530  -58.859  -17.776 0.0000000000
12043  40.114  -59.243  -17.974 0.0000000000
11163  43.970  -60.244  -17.692 0.0000000000
123285  44.141  -58.317  -17.695 0.0000000000
12904  44.981  -58.101  -18.262 0.0000000000
14672  45.685  -57.054  -20.015 0.0000000000
12936  45.177  -58.241  -19.752 0.0000000000
12986  44.144  -58.991  -23.455 0.0000000000
14615  35.434  -56.718  -15.145 0.0000000000
13678  36.350  -57.561  -16.211 0.0000000000
13651  36.196  -58.089  -14.208 0.0000000000
15644  40.192  -55.730  -22.221 0.0000000000
17565  40.763  -53.526  -21.823 0.0000000000
21162  40.696  -49.679  -21.179 0.0000000000
21154  40.806  -50.041  -20.414 0.0000000000
11126  40.298  -61.308  -15.712 0.0000000000
12026  40.877  -59.876  -17.503 0.0000000000
11125  42.086  -61.549  -16.129 0.0000000000
10331  43.259  -61.749  -16.757 0.0000000000
10359  42.708  -61.519  -18.534 0.0000000000
16604  43.048  -54.835  -21.865 0.0000000000
17564  41.733  -53.058  -21.473 0.0000000000
18477  43.252  -52.007  -21.538 0.0000000000
20314  42.144  -50.453  -21.902 0.0000000000
17600  46.330  -53.792  -24.816 0.0000000000
15615  37.156  -55.692  -18.837 0.0000000000
14675  39.593  -56.446  -20.840 0.0000000000
14673  41.256  -56.974  -21.056 0.0000000000
12884  42.371  -58.851  -17.665 0.0000000000
13725  42.085  -57.507  -19.200 0.0000000000
14693  42.972  -56.488  -21.587 0.0000000000
15642  44.791  -55.864  -21.317 0.0000000000
16601  46.171  -54.867  -21.472 0.0000000000
16616  46.968  -54.317  -22.400 0.0000000000
12085  43.288  -58.927  -20.905 0.0000000000
129474  45.090  -58.516  -21.683 0.0000000000
135147  45.895  -57.212  -22.810 0.0000000000
15664  46.824  -54.593  -23.666 0.0000000000
19423  35.076  -51.347  -18.434 0.0000000000
17544  35.507  -52.778  -18.844 0.0000000000
17534  35.217  -53.836  -17.356 0.0000000000
16578  36.001  -54.768  -18.051 0.0000000000
14631  37.015  -56.850  -17.845 0.0000000000
12888  37.332  -58.523  -16.925 0.0000000000
12011  38.318  -59.893  -16.190 0.0000000000
11981  38.257  -60.202  -13.563 0.0000000000
11109  39.348  -60.948  -14.546 0.0000000000
18479  41.369  -52.122  -20.918 0.0000000000
137583  35.909  -52.827  -19.737 0.0000000000
18454  36.217  -52.346  -20.239 0.0000000000
17551  36.456  -53.307  -20.309 0.0000000000
18498  46.681  -52.849  -23.046 0.0000000000
125501  45.914  -52.410  -22.820 0.0000000000
12909  39.396  -58.620  -18.222 0.0000000000
12886  39.278  -59.377  -17.761 0.0000000000
11172  44.123  -59.753  -18.212 0.0000000000
12042  44.328  -59.293  -17.815 0.0000000000
12057  44.398  -59.076  -18.484 0.0000000000
12926  45.261  -58.043  -18.826 0.0000000000
12072  44.198  -58.972  -19.254 0.0000000000
12139  43.451  -59.532  -23.934 0.0000000000
14599  35.652  -57.359  -14.195 0.0000000000
15651  41.016  -55.938  -22.337 0.0000000000
16606  40.438  -54.429  -22.356 0.0000000000
132587  41.435  -54.105  -22.047 0.0000000000
122617  40.355  -49.220  -20.203 0.0000000000
120974  41.214  -61.756  -15.652 0.0000000000
10322  41.636  -62.411  -15.298 0.0000000000
9527  42.380  -63.098  -16.670 0.0000000000
9513  42.715  -62.453  -16.306 0.0000000000
9526  42.864  -62.479  -17.088 0.0000000000
10343  43.225  -61.712  -17.510 0.0000000000
9534  42.665  -62.359  -17.937 0.0000000000
16603  44.310  -54.856  -21.636 0.0000000000
120491  43.514  -53.820  -21.587 0.0000000000
17562  44.028  -52.772  -21.562 0.0000000000
20312  43.113  -50.974  -22.061 0.0000000000
20320  42.110  -50.466  -22.367 0.0000000000
21161  41.425  -50.163  -21.853 0.0000000000
14638  37.440  -56.450  -18.503 0.0000000000
14655  37.799  -56.084  -19.185 0.0000000000
14637  38.179  -56.766  -18.800 0.0000000000
14674  40.476  -56.847  -20.738 0.0000000000
13744  41.103  -57.237  -19.978 0.0000000000
11146  41.927  -60.346  -16.893 0.0000000000
124120  41.825  -59.507  -17.442 0.0000000000
13711  43.892  -57.761  -18.110 0.0000000000
13742  43.706  -57.256  -19.968 0.0000000000
13769  43.013  -57.091  -20.941 0.0000000000
13768  43.945  -56.891  -20.804 0.0000000000
121534  44.021  -56.356  -21.289 0.0000000000
14692  45.050  -56.592  -20.651 0.0000000000
14671  46.115  -56.856  -20.469 0.0000000000
14691  46.056  -56.091  -20.833 0.0000000000
15641  46.577  -55.697  -21.384 0.0000000000
16600  46.663  -54.670  -21.840 0.0000000000
14697  46.764  -56.137  -21.835 0.0000000000
10409  39.150  -61.545  -23.786 0.0000000000
11214  41.646  -59.930  -23.044 0.0000000000
11215  40.640  -59.923  -22.477 0.0000000000
12087  41.051  -59.639  -21.453 0.0000000000
12086  42.010  -59.302  -21.266 0.0000000000
12096  44.093  -59.002  -21.957 0.0000000000
135661  44.925  -57.824  -23.301 0.0000000000
13798  45.399  -57.822  -22.887 0.0000000000
14704  45.456  -57.017  -23.406 0.0000000000
14703  46.216  -56.420  -23.076 0.0000000000
14707  45.886  -55.944  -23.782 0.0000000000
133586  34.847  -50.772  -18.054 0.0000000000
135790  35.310  -51.929  -18.866 0.0000000000
18449  35.041  -52.130  -18.131 0.0000000000
15592  35.375  -55.384  -16.590 0.0000000000
16561  34.895  -54.641  -16.224 0.0000000000
15601  35.708  -55.074  -17.361 0.0000000000
16579  35.568  -54.421  -17.601 0.0000000000
14633  35.857  -55.741  -17.174 0.0000000000
15600  36.213  -55.544  -17.757 0.0000000000
14632  36.328  -56.364  -17.369 0.0000000000
13661  36.452  -58.224  -15.201 0.0000000000
13677  36.845  -57.913  -16.827 0.0000000000
12874  36.882  -58.499  -16.059 0.0000000000
12012  37.546  -59.206  -16.210 0.0000000000
12865  37.288  -59.142  -15.459 0.0000000000
11953  38.122  -60.780  -11.847 0.0000000000
11967  38.399  -60.559  -12.321 0.0000000000
11110  38.882  -60.607  -14.050 0.0000000000
18478  42.327  -52.105  -21.290 0.0000000000
121630  40.674  -50.464  -19.674 0.0000000000
17561  45.172  -53.067  -21.800 0.0000000000
18476  44.749  -52.229  -21.951 0.0000000000
13695  38.067  -58.003  -18.040 0.0000000000
13715  38.518  -57.479  -18.527 0.0000000000
12910  38.765  -58.138  -18.294 0.0000000000
13713  40.693  -57.748  -18.808 0.0000000000
12024  43.649  -59.802  -17.084 0.0000000000
12883  43.483  -58.925  -17.385 0.0000000000
12023  44.138  -59.126  -17.507 0.0000000000
13710  44.776  -57.975  -18.044 0.0000000000
13722  45.141  -57.899  -18.611 0.0000000000
13741  44.819  -57.189  -19.806 0.0000000000
12925  45.313  -57.749  -19.209 0.0000000000
12935  45.517  -57.811  -19.749 0.0000000000
136329  45.848  -57.562  -20.367 0.0000000000
12117  43.680  -59.469  -23.064 0.0000000000
12118  43.110  -59.930  -23.773 0.0000000000
15584  35.319  -56.101  -15.908 0.0000000000
14625  36.147  -56.848  -16.715 0.0000000000
13679  35.781  -56.838  -16.027 0.0000000000
13662  35.927  -57.465  -15.226 0.0000000000
17576  39.857  -53.760  -22.142 0.0000000000
119138  40.169  -53.066  -21.539 0.0000000000
21153  41.444  -50.288  -21.266 0.0000000000
20304  41.272  -50.763  -20.633 0.0000000000
125070  40.522  -49.624  -19.435 0.0000000000
11148  39.724  -60.555  -16.623 0.0000000000
12027  39.832  -60.048  -17.392 0.0000000000
11147  40.773  -60.858  -16.664 0.0000000000
127773  43.076  -60.658  -16.660 0.0000000000
10320  42.886  -61.722  -16.378 0.0000000000
11145  43.406  -61.104  -16.755 0.0000000000
10330  43.684  -60.900  -17.143 0.0000000000
10342  43.515  -60.992  -17.828 0.0000000000
15649  42.544  -55.706  -22.111 0.0000000000
16617  42.060  -54.861  -22.203 0.0000000000
16605  42.424  -53.900  -21.715 0.0000000000
17563  42.855  -52.913  -21.456 0.0000000000
19453  42.724  -51.250  -21.580 0.0000000000
133617  44.011  -51.917  -21.741 0.0000000000
20313  42.626  -50.737  -21.902 0.0000000000
19442  42.053  -50.760  -21.442 0.0000000000
17589  46.622  -53.517  -24.143 0.0000000000
15629  36.825  -54.988  -19.262 0.0000000000
16592  37.062  -54.802  -19.989 0.0000000000
15628  37.413  -55.403  -19.600 0.0000000000
14695  40.421  -56.404  -21.646 0.0000000000
14699  41.315  -56.541  -21.787 0.0000000000
12907  41.642  -58.270  -18.256 0.0000000000
12906  42.981  -58.164  -17.944 0.0000000000
123542  42.861  -57.746  -18.492 0.0000000000
13743  42.350  -57.275  -20.286 0.0000000000
14694  42.101  -56.840  -21.384 0.0000000000
14698  41.923  -56.269  -22.061 0.0000000000
15643  43.578  -55.773  -21.736 0.0000000000
16602  45.279  -54.491  -21.532 0.0000000000
125614  45.440  -55.229  -21.377 0.0000000000
121222  45.704  -53.908  -21.690 0.0000000000
117902  46.384  -54.089  -21.797 0.0000000000
17559  46.686  -53.797  -22.206 0.0000000000
121016  47.090  -54.067  -23.174 0.0000000000
132201  42.029  -61.026  -19.447 0.0000000000
10398  39.409  -61.184  -22.898 0.0000000000
12074  42.364  -59.353  -20.380 0.0000000000
12073  43.421  -59.123  -19.857 0.0000000000
12937  44.309  -58.727  -19.961 0.0000000000
12945  44.635  -58.600  -20.798 0.0000000000
12943  45.912  -57.827  -21.325 0.0000000000
12966  44.540  -58.838  -22.666 0.0000000000
12965  45.305  -58.258  -22.366 0.0000000000
13797  46.436  -56.778  -22.248 0.0000000000
14702  46.680  -55.827  -22.536 0.0000000000
15657  46.936  -54.882  -22.823 0.0000000000
16639  46.556  -54.326  -24.406 0.0000000000
121502  36.121  -49.331  -18.833 0.0000000000
21137  35.475  -49.617  -18.552 0.0000000000
21146  35.928  -49.971  -19.255 0.0000000000
19436  35.483  -51.323  -19.225 0.0000000000
18455  35.676  -52.099  -19.578 0.0000000000
17541  36.045  -53.578  -19.327 0.0000000000
130571  34.649  -54.036  -15.902 0.0000000000
18441  35.183  -53.022  -17.785 0.0000000000
17542  35.676  -53.846  -18.268 0.0000000000
16590  36.298  -54.438  -18.850 0.0000000000
15616  36.552  -55.248  -18.476 0.0000000000
14639  36.765  -56.042  -18.149 0.0000000000
13697  36.630  -57.218  -17.129 0.0000000000
13696  37.312  -57.748  -17.546 0.0000000000
123817  37.795  -58.486  -17.525 0.0000000000
12029  37.986  -59.204  -17.040 0.0000000000
11997  37.984  -59.836  -15.101 0.0000000000
11996  38.699  -60.391  -15.228 0.0000000000
11127  39.275  -60.695  -15.808 0.0000000000
120939  40.935  -52.814  -21.303 0.0000000000
18464  40.635  -51.789  -20.379 0.0000000000
18463  41.192  -51.405  -20.576 0.0000000000
134031  40.659  -51.144  -19.972 0.0000000000
8709  41.946  -63.381  -16.266 0.0000000000
8710  41.676  -63.268  -15.559 0.0000000000
11144  44.024  -59.993  -17.266 0.0000000000
11174  42.620  -60.541  -19.226 0.0000000000
11200  39.884  -60.517  -22.390 0.0000000000
12041  44.735  -58.485  -18.279 0.0000000000
12098  41.713  -59.538  -22.191 0.0000000000
12905  44.623  -58.476  -17.904 0.0000000000
12908  40.426  -58.376  -18.377 0.0000000000
12927  44.792  -58.536  -19.009 0.0000000000
12944  45.532  -58.103  -20.583 0.0000000000
12985  44.777  -58.419  -23.057 0.0000000000
13712  41.924  -57.811  -18.594 0.0000000000
13724  43.274  -57.489  -19.042 0.0000000000
13739  45.630  -57.381  -19.959 0.0000000000
13740  45.306  -57.608  -19.281 0.0000000000
13767  46.309  -57.065  -20.647 0.0000000000
13789  46.682  -56.584  -21.513 0.0000000000
13790  46.432  -57.143  -21.470 0.0000000000
13791  45.946  -57.621  -22.237 0.0000000000
13799  44.327  -58.198  -23.590 0.0000000000
14689  46.777  -56.133  -21.279 0.0000000000
14690  46.487  -56.463  -20.942 0.0000000000
15648  46.864  -55.343  -21.903 0.0000000000
15652  39.800  -55.093  -22.419 0.0000000000
15658  46.568  -55.459  -23.369 0.0000000000
16560  35.253  -54.556  -16.963 0.0000000000
16618  41.199  -55.031  -22.442 0.0000000000
16638  46.941  -53.956  -23.948 0.0000000000
16648  46.609  -53.947  -24.507 0.0000000000
17560  46.109  -53.389  -22.031 0.0000000000
17574  46.963  -53.499  -22.757 0.0000000000
17583  46.939  -53.437  -23.439 0.0000000000
19452  43.536  -51.414  -21.916 0.0000000000
19460  45.049  -51.722  -22.963 0.0000000000
19462  43.708  -51.185  -22.445 0.0000000000
20288  35.306  -50.523  -18.751 0.0000000000
20298  35.814  -50.701  -19.467 0.0000000000
20319  42.860  -50.770  -22.364 0.0000000000
21138  34.879  -50.043  -18.020 0.0000000000
127536  38.830  -62.294  -23.844 0.0000000000
128766  43.639  -60.490  -16.965 0.0000000000
129451  40.513  -55.260  -22.443 0.0000000000
