#!ascii label  , from subject sub-s002 vox2ras=TkReg
269
80484  28.414  12.064  -29.014 0.0000000000
134202  26.612  1.061  -28.001 0.0000000000
117775  26.603  15.767  -29.486 0.0000000000
135710  26.636  24.918  -27.906 0.0000000000
69060  25.281  -0.529  -27.668 0.0000000000
85974  29.407  18.973  -28.182 0.0000000000
124484  27.044  20.191  -30.446 0.0000000000
127614  25.897  8.937  -31.324 0.0000000000
74331  27.861  6.052  -29.856 0.0000000000
130776  29.318  9.094  -28.842 0.0000000000
82385  31.110  14.539  -27.324 0.0000000000
79589  32.629  11.915  -27.532 0.0000000000
118667  27.204  14.175  -29.656 0.0000000000
84219  30.911  16.627  -27.276 0.0000000000
89283  26.427  22.558  -27.316 0.0000000000
89326  26.089  21.092  -30.703 0.0000000000
72583  28.568  3.630  -27.371 0.0000000000
86813  26.826  19.061  -29.961 0.0000000000
87634  26.473  19.917  -29.203 0.0000000000
78795  27.001  10.505  -30.473 0.0000000000
77985  28.365  9.210  -30.220 0.0000000000
78783  29.116  10.537  -28.800 0.0000000000
69943  26.359  0.375  -27.863 0.0000000000
82397  27.284  14.992  -29.642 0.0000000000
83320  28.353  15.156  -29.031 0.0000000000
84221  28.624  16.766  -28.783 0.0000000000
87631  30.287  20.470  -28.354 0.0000000000
86799  31.391  19.823  -28.506 0.0000000000
90868  26.133  24.909  -27.252 0.0000000000
89273  26.136  22.659  -26.664 0.0000000000
90867  26.559  24.125  -27.696 0.0000000000
91622  26.235  25.073  -30.487 0.0000000000
90898  25.413  23.303  -31.519 0.0000000000
90102  25.779  22.218  -30.562 0.0000000000
89327  25.667  21.336  -31.369 0.0000000000
88518  26.410  20.740  -31.451 0.0000000000
74316  28.965  6.092  -28.419 0.0000000000
73469  28.167  4.738  -28.684 0.0000000000
68063  24.619  -1.868  -27.071 0.0000000000
85146  27.841  17.548  -29.774 0.0000000000
85987  27.672  18.435  -29.839 0.0000000000
87633  28.296  20.093  -29.444 0.0000000000
88490  28.658  21.404  -29.542 0.0000000000
74347  26.042  6.859  -30.545 0.0000000000
76265  26.751  7.818  -30.846 0.0000000000
76241  28.682  7.600  -29.646 0.0000000000
76231  29.737  7.768  -27.846 0.0000000000
80483  29.902  12.840  -27.837 0.0000000000
80469  30.320  12.027  -27.714 0.0000000000
81425  31.486  12.960  -27.470 0.0000000000
79620  26.621  11.634  -29.837 0.0000000000
80497  26.095  12.548  -29.786 0.0000000000
125571  27.393  12.829  -29.529 0.0000000000
138069  29.103  14.372  -28.323 0.0000000000
133694  30.785  15.734  -27.294 0.0000000000
84217  32.573  16.578  -28.674 0.0000000000
125606  29.847  18.318  -27.715 0.0000000000
85971  31.712  18.354  -28.014 0.0000000000
88469  26.151  20.879  -27.322 0.0000000000
90876  26.596  24.441  -28.661 0.0000000000
90093  26.458  23.390  -28.531 0.0000000000
89291  26.384  22.433  -28.286 0.0000000000
88468  26.369  20.665  -28.611 0.0000000000
88492  26.656  20.572  -30.624 0.0000000000
88507  27.974  21.386  -30.168 0.0000000000
71721  26.376  2.562  -28.574 0.0000000000
73483  26.856  5.203  -29.784 0.0000000000
78769  30.486  10.632  -27.722 0.0000000000
77956  30.644  9.257  -27.560 0.0000000000
86789  26.202  19.403  -28.521 0.0000000000
87618  26.111  20.065  -27.961 0.0000000000
79618  28.036  11.359  -29.470 0.0000000000
78784  28.453  10.619  -29.428 0.0000000000
79608  28.752  11.282  -28.905 0.0000000000
66059  24.031  -3.099  -26.242 0.0000000000
67037  23.999  -2.328  -26.586 0.0000000000
83332  27.018  15.361  -29.684 0.0000000000
83331  27.339  15.639  -29.696 0.0000000000
128983  27.591  16.166  -29.700 0.0000000000
88478  29.920  21.157  -28.712 0.0000000000
87644  30.724  21.014  -28.753 0.0000000000
90082  26.395  23.422  -27.133 0.0000000000
90112  25.421  22.206  -31.420 0.0000000000
89338  25.406  21.334  -32.057 0.0000000000
74306  29.624  6.260  -27.603 0.0000000000
74307  28.796  5.241  -28.190 0.0000000000
69957  25.069  0.876  -28.122 0.0000000000
85148  26.395  17.034  -29.222 0.0000000000
137214  26.340  17.601  -29.177 0.0000000000
87646  27.395  19.871  -30.111 0.0000000000
131253  27.286  19.220  -30.127 0.0000000000
87645  28.948  20.964  -29.137 0.0000000000
88491  27.878  20.611  -29.986 0.0000000000
92330  25.108  25.748  -28.206 0.0000000000
76266  26.193  7.871  -30.791 0.0000000000
77147  26.344  8.337  -31.102 0.0000000000
129808  28.871  8.960  -29.498 0.0000000000
77133  28.574  8.371  -30.006 0.0000000000
77123  29.074  8.348  -29.167 0.0000000000
76240  29.219  7.661  -28.677 0.0000000000
77122  29.563  8.439  -28.378 0.0000000000
68076  24.964  -1.256  -27.404 0.0000000000
68062  25.441  -1.910  -27.147 0.0000000000
117032  30.158  13.868  -27.525 0.0000000000
128645  30.674  13.204  -27.472 0.0000000000
81439  31.236  13.743  -27.388 0.0000000000
78805  25.805  10.253  -31.121 0.0000000000
117285  26.618  13.546  -29.633 0.0000000000
81453  27.129  13.403  -29.631 0.0000000000
80496  26.740  12.574  -29.642 0.0000000000
81452  27.691  13.711  -29.463 0.0000000000
81441  28.509  13.584  -28.850 0.0000000000
82386  28.205  14.303  -29.133 0.0000000000
127510  28.886  15.992  -28.455 0.0000000000
83319  29.227  15.276  -28.170 0.0000000000
84218  32.074  16.685  -27.692 0.0000000000
129566  28.268  18.068  -29.370 0.0000000000
85135  28.424  17.469  -29.112 0.0000000000
128707  28.926  18.195  -28.499 0.0000000000
85986  31.893  19.060  -28.630 0.0000000000
85145  32.500  17.882  -29.529 0.0000000000
89274  25.488  21.857  -26.123 0.0000000000
89284  26.271  21.747  -26.785 0.0000000000
88463  25.626  20.922  -26.455 0.0000000000
90885  25.744  24.060  -30.487 0.0000000000
90101  26.045  23.494  -29.679 0.0000000000
89307  26.194  22.286  -29.467 0.0000000000
124024  26.363  21.217  -29.359 0.0000000000
88479  26.566  20.289  -29.961 0.0000000000
89325  27.027  21.280  -31.358 0.0000000000
88508  27.024  20.805  -30.981 0.0000000000
129850  27.681  21.710  -30.617 0.0000000000
89324  28.493  22.370  -30.136 0.0000000000
71722  25.473  2.740  -28.593 0.0000000000
75333  26.444  6.780  -30.564 0.0000000000
122931  26.216  6.032  -30.348 0.0000000000
74332  27.031  5.963  -30.245 0.0000000000
72605  28.100  4.007  -28.223 0.0000000000
140324  27.802  4.266  -28.670 0.0000000000
72593  27.826  3.255  -27.987 0.0000000000
71720  27.140  2.927  -28.415 0.0000000000
80468  31.224  12.147  -27.482 0.0000000000
79592  29.998  11.268  -27.932 0.0000000000
79591  30.869  11.377  -27.547 0.0000000000
85989  26.696  18.476  -29.689 0.0000000000
86803  26.319  18.807  -29.064 0.0000000000
126023  26.554  19.407  -29.507 0.0000000000
87647  26.825  19.688  -30.163 0.0000000000
131062  26.706  9.747  -31.210 0.0000000000
77997  26.986  8.958  -31.302 0.0000000000
77986  27.622  9.768  -30.740 0.0000000000
77974  28.834  9.764  -29.302 0.0000000000
69059  26.083  -0.412  -27.659 0.0000000000
69045  26.542  -0.929  -27.114 0.0000000000
69044  27.179  -0.537  -26.593 0.0000000000
120139  31.940  15.088  -27.548 0.0000000000
82384  32.651  14.736  -28.081 0.0000000000
82399  26.075  14.159  -29.495 0.0000000000
82396  27.662  14.650  -29.525 0.0000000000
84220  29.588  16.772  -27.775 0.0000000000
86801  29.829  19.757  -28.141 0.0000000000
85973  30.312  19.077  -27.776 0.0000000000
87630  30.945  20.398  -28.424 0.0000000000
90087  26.484  23.246  -27.731 0.0000000000
91629  25.688  24.457  -31.286 0.0000000000
88509  26.398  20.684  -31.172 0.0000000000
88510  25.958  20.721  -31.670 0.0000000000
89336  26.260  20.736  -31.968 0.0000000000
121843  28.446  6.246  -29.312 0.0000000000
74318  27.648  5.324  -29.480 0.0000000000
74317  28.357  5.574  -29.017 0.0000000000
139322  24.075  -1.708  -26.871 0.0000000000
69061  24.399  -0.520  -27.446 0.0000000000
69945  24.724  0.198  -27.768 0.0000000000
69944  25.600  0.209  -27.990 0.0000000000
69956  25.916  1.016  -28.327 0.0000000000
84235  26.075  16.211  -29.047 0.0000000000
84233  27.488  16.901  -29.844 0.0000000000
84234  27.027  17.021  -29.807 0.0000000000
85147  27.320  17.702  -30.000 0.0000000000
85975  28.509  18.792  -28.981 0.0000000000
85988  27.068  18.479  -30.124 0.0000000000
86812  27.997  19.319  -29.649 0.0000000000
86802  28.902  19.596  -28.723 0.0000000000
87632  29.389  20.394  -28.641 0.0000000000
88489  29.492  21.654  -29.223 0.0000000000
91599  25.419  25.421  -27.344 0.0000000000
91609  25.836  25.398  -27.881 0.0000000000
75345  26.093  7.404  -30.652 0.0000000000
76251  27.215  7.271  -30.663 0.0000000000
76264  27.185  8.283  -30.993 0.0000000000
76250  27.869  7.716  -30.606 0.0000000000
75331  28.142  6.825  -30.158 0.0000000000
75320  28.793  6.886  -29.015 0.0000000000
75319  29.369  6.954  -28.097 0.0000000000
75310  30.184  7.034  -27.387 0.0000000000
80470  29.388  11.924  -28.373 0.0000000000
81426  30.703  12.633  -27.524 0.0000000000
80467  32.115  12.361  -27.508 0.0000000000
81438  32.760  13.842  -28.026 0.0000000000
81424  32.445  13.067  -27.710 0.0000000000
80466  32.913  12.465  -27.769 0.0000000000
78804  26.341  10.391  -30.920 0.0000000000
79632  26.603  10.976  -30.228 0.0000000000
79619  27.217  11.314  -29.780 0.0000000000
126522  26.238  11.878  -29.936 0.0000000000
135043  27.093  12.103  -29.558 0.0000000000
80495  27.693  12.113  -29.436 0.0000000000
120764  28.922  12.793  -28.610 0.0000000000
81440  29.325  13.485  -28.225 0.0000000000
83318  30.145  14.982  -27.428 0.0000000000
137675  31.159  15.248  -27.323 0.0000000000
136354  32.520  15.709  -28.139 0.0000000000
84232  28.017  16.795  -29.614 0.0000000000
85134  29.266  17.521  -28.151 0.0000000000
85133  30.356  17.578  -27.451 0.0000000000
123188  30.841  18.365  -27.564 0.0000000000
85132  31.468  17.566  -27.527 0.0000000000
85131  32.290  17.540  -28.382 0.0000000000
87619  25.530  20.101  -26.881 0.0000000000
91608  26.619  25.286  -28.427 0.0000000000
129016  26.361  21.619  -27.844 0.0000000000
134325  27.222  20.647  -30.523 0.0000000000
89306  28.987  22.069  -29.618 0.0000000000
70823  25.781  1.903  -28.484 0.0000000000
70822  26.498  1.694  -28.314 0.0000000000
73484  26.054  5.098  -29.754 0.0000000000
73471  26.714  4.402  -29.198 0.0000000000
72607  26.576  3.519  -28.771 0.0000000000
71711  26.967  2.219  -28.257 0.0000000000
79607  29.409  11.122  -28.460 0.0000000000
78770  29.788  10.553  -28.234 0.0000000000
77957  30.181  9.922  -27.950 0.0000000000
78768  31.403  10.638  -27.369 0.0000000000
125725  30.808  10.036  -27.543 0.0000000000
130698  29.885  9.191  -28.153 0.0000000000
77111  30.137  8.517  -27.741 0.0000000000
73470  27.460  4.599  -29.100 0.0000000000
75332  27.196  6.685  -30.488 0.0000000000
75344  26.506  7.369  -30.700 0.0000000000
76267  25.903  7.823  -30.679 0.0000000000
77146  28.015  8.464  -30.647 0.0000000000
77973  29.541  9.841  -28.559 0.0000000000
77996  27.692  8.921  -30.879 0.0000000000
78794  27.817  10.633  -30.067 0.0000000000
79590  31.896  11.529  -27.392 0.0000000000
79633  26.093  11.081  -30.435 0.0000000000
81423  33.201  13.087  -28.206 0.0000000000
82398  26.858  14.551  -29.643 0.0000000000
83317  31.662  15.864  -27.458 0.0000000000
83330  27.672  15.451  -29.583 0.0000000000
83333  26.383  14.988  -29.436 0.0000000000
85136  26.785  17.795  -29.688 0.0000000000
85972  31.182  19.123  -27.916 0.0000000000
85976  26.222  18.062  -28.992 0.0000000000
86800  30.675  19.809  -28.064 0.0000000000
89337  25.785  21.135  -32.323 0.0000000000
122341  31.997  14.275  -27.580 0.0000000000
123605  25.765  15.461  -29.099 0.0000000000
124419  29.850  15.916  -27.590 0.0000000000
125167  27.154  16.184  -29.771 0.0000000000
126439  28.318  10.047  -30.068 0.0000000000
126694  28.095  12.865  -29.251 0.0000000000
129417  28.141  16.045  -29.351 0.0000000000
136381  32.008  13.588  -27.570 0.0000000000
137530  26.314  9.020  -31.446 0.0000000000
138602  27.678  19.610  -29.937 0.0000000000
139840  32.241  18.345  -28.740 0.0000000000
140233  26.720  16.442  -29.562 0.0000000000
