#!ascii label  , from subject sub-s018 vox2ras=TkReg
369
75220  -20.278  5.874  -31.206 0.0000000000
71599  -17.630  1.272  -28.468 0.0000000000
145350  -22.461  1.606  -30.251 0.0000000000
67277  -19.773  -2.897  -27.823 0.0000000000
87886  -18.204  19.687  -32.280 0.0000000000
141542  -20.686  15.779  -31.983 0.0000000000
79838  -17.358  10.357  -31.719 0.0000000000
64663  -17.975  -6.170  -25.974 0.0000000000
68984  -18.424  -0.885  -28.209 0.0000000000
68143  -16.492  -1.904  -27.104 0.0000000000
86048  -19.576  17.460  -32.531 0.0000000000
136169  -17.359  15.098  -33.058 0.0000000000
75197  -17.584  5.480  -29.660 0.0000000000
77189  -15.968  7.785  -29.640 0.0000000000
77208  -18.892  8.022  -31.378 0.0000000000
79868  -20.440  10.568  -32.871 0.0000000000
78116  -21.537  8.517  -31.996 0.0000000000
76247  -22.639  6.504  -30.964 0.0000000000
73356  -16.354  3.630  -28.411 0.0000000000
73372  -18.633  3.250  -29.443 0.0000000000
74282  -21.332  4.205  -30.970 0.0000000000
131876  -19.637  1.066  -29.294 0.0000000000
68996  -20.781  -0.959  -28.984 0.0000000000
124929  -22.465  -3.234  -28.571 0.0000000000
131041  -15.820  12.010  -31.064 0.0000000000
82547  -18.655  13.293  -33.468 0.0000000000
83388  -21.604  14.038  -31.549 0.0000000000
66386  -16.330  -3.494  -26.234 0.0000000000
65480  -18.930  -4.999  -26.945 0.0000000000
68968  -16.057  -1.162  -27.262 0.0000000000
68954  -15.654  -1.665  -26.620 0.0000000000
84260  -16.961  15.715  -32.810 0.0000000000
83386  -16.053  14.590  -31.432 0.0000000000
76233  -18.838  6.408  -30.716 0.0000000000
76232  -17.909  6.747  -30.337 0.0000000000
76243  -19.289  7.193  -31.288 0.0000000000
78114  -20.460  8.411  -32.092 0.0000000000
77221  -20.711  7.343  -31.782 0.0000000000
77212  -22.145  7.565  -31.577 0.0000000000
76253  -21.127  6.797  -31.698 0.0000000000
72493  -16.464  2.238  -28.248 0.0000000000
73357  -17.158  3.381  -28.758 0.0000000000
72510  -18.189  2.466  -28.939 0.0000000000
129389  -18.941  2.253  -29.306 0.0000000000
71600  -18.404  1.601  -28.782 0.0000000000
68155  -18.782  -1.588  -27.984 0.0000000000
69808  -19.157  -0.565  -28.545 0.0000000000
68157  -20.256  -2.307  -28.198 0.0000000000
68167  -21.888  -1.982  -29.053 0.0000000000
67278  -20.715  -3.074  -28.101 0.0000000000
87884  -16.799  19.071  -31.940 0.0000000000
88770  -16.735  20.086  -31.709 0.0000000000
88779  -17.846  20.539  -32.167 0.0000000000
89724  -18.144  21.287  -32.601 0.0000000000
140985  -20.113  19.933  -32.182 0.0000000000
85151  -19.900  16.766  -32.572 0.0000000000
78087  -16.749  8.755  -30.504 0.0000000000
78989  -15.845  9.611  -30.194 0.0000000000
80694  -16.319  11.161  -31.312 0.0000000000
81617  -17.200  12.568  -32.537 0.0000000000
80717  -17.545  11.565  -32.435 0.0000000000
80705  -21.458  11.747  -32.166 0.0000000000
81607  -21.190  12.551  -32.425 0.0000000000
81609  -22.466  12.492  -30.958 0.0000000000
72521  -22.295  2.685  -30.795 0.0000000000
127913  -22.675  4.023  -31.062 0.0000000000
64647  -17.147  -5.786  -25.728 0.0000000000
65479  -17.689  -5.268  -26.248 0.0000000000
66388  -18.113  -4.515  -26.717 0.0000000000
129636  -18.525  -5.595  -26.475 0.0000000000
70685  -16.463  0.282  -27.785 0.0000000000
70695  -17.478  0.436  -28.270 0.0000000000
139092  -16.834  -0.826  -27.607 0.0000000000
68970  -17.937  -1.417  -27.765 0.0000000000
67261  -17.934  -2.743  -27.315 0.0000000000
86913  -17.285  18.524  -32.444 0.0000000000
86915  -18.994  18.965  -32.399 0.0000000000
135059  -17.507  17.211  -33.094 0.0000000000
85158  -18.691  16.317  -33.326 0.0000000000
84267  -19.101  15.531  -33.440 0.0000000000
75183  -15.912  5.300  -28.591 0.0000000000
76220  -16.423  6.549  -29.459 0.0000000000
143662  -17.314  8.253  -30.622 0.0000000000
79003  -17.627  9.510  -31.475 0.0000000000
79851  -18.391  10.562  -32.439 0.0000000000
136750  -19.455  9.520  -32.309 0.0000000000
79021  -20.566  9.578  -32.497 0.0000000000
79839  -22.346  10.115  -31.560 0.0000000000
79006  -22.757  9.018  -31.357 0.0000000000
63799  -19.452  -7.400  -25.744 0.0000000000
63811  -19.328  -6.798  -26.125 0.0000000000
74254  -16.850  4.132  -28.818 0.0000000000
75198  -18.194  5.058  -29.780 0.0000000000
124542  -19.339  5.009  -30.457 0.0000000000
74281  -20.704  5.011  -31.055 0.0000000000
73383  -19.906  3.733  -30.187 0.0000000000
71624  -20.374  2.709  -30.011 0.0000000000
71616  -21.095  1.378  -29.862 0.0000000000
70697  -19.066  0.084  -28.681 0.0000000000
70713  -20.160  0.411  -29.322 0.0000000000
70714  -21.720  -0.028  -29.593 0.0000000000
68998  -22.516  -1.498  -29.442 0.0000000000
67296  -23.348  -2.147  -29.589 0.0000000000
87875  -20.340  19.019  -31.846 0.0000000000
82533  -16.460  13.305  -31.965 0.0000000000
83399  -18.248  14.101  -33.490 0.0000000000
83402  -20.066  14.517  -33.093 0.0000000000
132035  -19.832  12.014  -33.453 0.0000000000
82541  -20.317  13.570  -33.155 0.0000000000
84253  -21.055  15.294  -31.796 0.0000000000
140464  -21.775  5.538  -31.362 0.0000000000
75212  -23.000  5.214  -30.664 0.0000000000
67247  -15.584  -2.966  -25.747 0.0000000000
143412  -18.261  -3.952  -26.992 0.0000000000
67263  -19.301  -3.569  -27.514 0.0000000000
64665  -19.701  -6.311  -26.492 0.0000000000
122143  -20.563  -5.082  -27.405 0.0000000000
66399  -20.560  -4.351  -27.702 0.0000000000
83377  -15.754  14.314  -31.070 0.0000000000
75210  -19.485  5.763  -30.793 0.0000000000
75219  -19.770  6.521  -31.258 0.0000000000
77210  -20.121  7.230  -31.629 0.0000000000
76244  -20.592  6.661  -31.575 0.0000000000
71598  -16.718  1.086  -28.123 0.0000000000
71586  -16.108  1.592  -27.881 0.0000000000
127984  -17.119  1.759  -28.407 0.0000000000
72494  -17.381  2.553  -28.638 0.0000000000
72495  -17.798  1.933  -28.624 0.0000000000
68156  -19.342  -2.151  -27.908 0.0000000000
68986  -19.677  -1.621  -28.290 0.0000000000
129980  -17.508  19.162  -32.226 0.0000000000
87885  -17.328  19.800  -31.950 0.0000000000
88780  -18.554  20.625  -32.414 0.0000000000
88781  -19.445  20.654  -32.538 0.0000000000
87887  -19.168  19.907  -32.231 0.0000000000
85152  -20.632  16.602  -31.905 0.0000000000
86050  -20.867  17.392  -31.673 0.0000000000
129224  -21.316  15.942  -31.466 0.0000000000
79002  -16.901  9.905  -31.198 0.0000000000
78990  -16.487  9.488  -30.643 0.0000000000
79826  -16.212  10.304  -30.786 0.0000000000
79837  -16.757  10.570  -31.423 0.0000000000
80704  -17.053  11.192  -31.920 0.0000000000
79850  -17.725  10.836  -32.242 0.0000000000
80706  -22.117  11.676  -31.460 0.0000000000
71637  -22.753  2.058  -30.625 0.0000000000
72530  -22.998  2.577  -31.067 0.0000000000
63798  -18.593  -7.012  -25.804 0.0000000000
138184  -17.254  -6.341  -25.514 0.0000000000
64664  -18.905  -6.279  -26.288 0.0000000000
70684  -15.546  0.135  -27.296 0.0000000000
69791  -17.096  -0.301  -27.849 0.0000000000
69790  -16.183  -0.432  -27.502 0.0000000000
68969  -17.080  -1.340  -27.529 0.0000000000
68144  -17.452  -1.993  -27.430 0.0000000000
68145  -18.291  -2.024  -27.632 0.0000000000
136221  -17.057  17.867  -32.684 0.0000000000
86046  -17.799  17.933  -32.991 0.0000000000
84265  -17.612  15.737  -33.263 0.0000000000
85157  -17.925  16.461  -33.398 0.0000000000
84266  -18.318  15.652  -33.490 0.0000000000
75196  -16.695  5.582  -29.253 0.0000000000
76221  -17.332  6.216  -29.793 0.0000000000
77199  -18.442  7.365  -30.837 0.0000000000
140141  -17.579  7.578  -30.486 0.0000000000
77198  -18.003  8.154  -30.931 0.0000000000
78088  -17.485  8.796  -30.999 0.0000000000
78101  -18.237  8.776  -31.400 0.0000000000
79004  -18.454  9.383  -31.822 0.0000000000
78102  -19.003  8.734  -31.750 0.0000000000
78115  -20.995  8.239  -32.066 0.0000000000
135298  -20.671  8.829  -32.295 0.0000000000
79022  -21.238  9.144  -32.297 0.0000000000
79854  -21.716  9.863  -32.102 0.0000000000
79005  -22.051  9.200  -31.881 0.0000000000
144932  -22.523  9.541  -31.483 0.0000000000
133380  -22.221  6.899  -31.386 0.0000000000
78105  -22.805  8.156  -31.277 0.0000000000
77200  -23.428  6.955  -30.668 0.0000000000
62877  -18.832  -7.930  -25.411 0.0000000000
62878  -19.628  -8.067  -25.261 0.0000000000
73355  -15.726  3.825  -28.054 0.0000000000
74253  -15.992  4.448  -28.345 0.0000000000
73371  -17.865  3.251  -29.068 0.0000000000
133163  -17.509  3.895  -29.127 0.0000000000
74268  -18.185  4.115  -29.492 0.0000000000
74279  -18.779  4.668  -29.982 0.0000000000
74269  -18.816  4.024  -29.747 0.0000000000
146560  -19.292  4.306  -30.132 0.0000000000
73373  -19.186  3.694  -29.800 0.0000000000
71614  -19.496  1.744  -29.414 0.0000000000
72512  -19.710  2.282  -29.604 0.0000000000
71615  -20.251  1.745  -29.683 0.0000000000
138694  -20.996  2.083  -30.058 0.0000000000
145309  -20.422  1.025  -29.566 0.0000000000
69806  -17.908  -0.290  -28.246 0.0000000000
70696  -18.350  0.270  -28.497 0.0000000000
69807  -18.573  -0.288  -28.448 0.0000000000
69809  -19.936  -0.945  -28.642 0.0000000000
69824  -19.819  -0.206  -28.908 0.0000000000
69825  -20.725  -0.244  -29.290 0.0000000000
141997  -21.003  0.575  -29.617 0.0000000000
69826  -21.610  -0.814  -29.320 0.0000000000
69827  -22.570  -0.729  -29.625 0.0000000000
68997  -21.502  -1.415  -29.083 0.0000000000
67279  -21.655  -3.185  -28.382 0.0000000000
68159  -22.425  -2.506  -28.958 0.0000000000
67280  -23.199  -2.657  -29.010 0.0000000000
86047  -18.817  17.918  -32.722 0.0000000000
86916  -19.678  19.240  -32.137 0.0000000000
130725  -19.743  18.299  -32.237 0.0000000000
76219  -15.507  7.092  -29.140 0.0000000000
81598  -15.079  12.365  -30.244 0.0000000000
81605  -15.714  12.845  -31.032 0.0000000000
82532  -15.885  13.622  -31.259 0.0000000000
81606  -16.207  12.702  -31.547 0.0000000000
81629  -17.641  12.597  -32.849 0.0000000000
82546  -17.865  13.290  -33.236 0.0000000000
83400  -19.050  14.072  -33.585 0.0000000000
134987  -19.702  14.061  -33.418 0.0000000000
79867  -19.561  10.758  -32.909 0.0000000000
79866  -18.785  11.022  -32.806 0.0000000000
80734  -20.074  11.364  -33.291 0.0000000000
82534  -21.359  13.245  -31.878 0.0000000000
139589  -20.888  13.273  -32.604 0.0000000000
141554  -21.011  13.852  -32.194 0.0000000000
83395  -20.589  14.232  -32.598 0.0000000000
83396  -21.064  14.596  -31.953 0.0000000000
84254  -21.734  15.018  -31.219 0.0000000000
74290  -21.634  4.987  -31.286 0.0000000000
74292  -22.501  4.913  -30.956 0.0000000000
66368  -16.121  -4.412  -25.686 0.0000000000
67231  -15.536  -3.762  -25.434 0.0000000000
67248  -17.601  -3.608  -26.819 0.0000000000
67262  -18.461  -3.459  -27.261 0.0000000000
66397  -18.801  -4.190  -27.178 0.0000000000
68967  -15.390  -1.076  -26.724 0.0000000000
85149  -16.601  16.405  -32.455 0.0000000000
84259  -16.456  15.593  -32.258 0.0000000000
83393  -16.855  14.880  -32.630 0.0000000000
75208  -18.119  5.874  -30.138 0.0000000000
77209  -19.664  7.714  -31.608 0.0000000000
78103  -19.547  8.223  -31.737 0.0000000000
77220  -20.216  7.919  -31.854 0.0000000000
125887  -20.740  7.868  -31.899 0.0000000000
77223  -21.490  7.825  -31.817 0.0000000000
77222  -21.071  7.492  -31.832 0.0000000000
77211  -21.592  6.981  -31.646 0.0000000000
76246  -22.075  6.272  -31.327 0.0000000000
139593  -15.821  2.234  -27.817 0.0000000000
125072  -16.651  2.958  -28.452 0.0000000000
71613  -19.036  1.485  -29.125 0.0000000000
68985  -19.163  -1.130  -28.361 0.0000000000
68987  -20.753  -1.665  -28.651 0.0000000000
68158  -21.298  -2.459  -28.530 0.0000000000
86898  -16.162  18.519  -31.138 0.0000000000
87874  -16.767  19.735  -31.466 0.0000000000
88782  -20.286  20.746  -32.507 0.0000000000
86026  -20.603  18.138  -31.768 0.0000000000
86049  -20.213  17.445  -32.151 0.0000000000
78975  -15.375  9.609  -29.683 0.0000000000
79813  -15.494  10.345  -30.149 0.0000000000
80693  -15.670  11.125  -30.606 0.0000000000
81616  -16.734  12.560  -32.146 0.0000000000
80716  -17.089  11.968  -32.287 0.0000000000
130169  -17.474  12.128  -32.582 0.0000000000
80732  -17.886  11.975  -32.783 0.0000000000
79869  -21.154  11.095  -32.743 0.0000000000
80735  -20.722  11.403  -33.158 0.0000000000
81608  -21.731  12.502  -31.641 0.0000000000
82535  -22.054  13.306  -31.225 0.0000000000
73385  -21.832  3.431  -30.891 0.0000000000
73394  -22.153  4.174  -31.163 0.0000000000
73395  -22.604  3.344  -31.083 0.0000000000
65464  -16.711  -5.139  -25.785 0.0000000000
66387  -17.072  -4.429  -26.281 0.0000000000
144779  -18.322  -5.107  -26.607 0.0000000000
137084  -15.828  0.898  -27.576 0.0000000000
68983  -17.560  -0.846  -27.848 0.0000000000
68146  -18.846  -2.668  -27.579 0.0000000000
86025  -16.468  17.588  -31.996 0.0000000000
86912  -16.563  18.474  -31.932 0.0000000000
146139  -16.744  18.365  -32.222 0.0000000000
86914  -18.117  18.692  -32.512 0.0000000000
85150  -17.220  16.477  -32.999 0.0000000000
86060  -18.276  17.153  -33.219 0.0000000000
86061  -19.119  16.937  -32.868 0.0000000000
85159  -19.496  16.149  -33.048 0.0000000000
85160  -20.184  15.974  -32.574 0.0000000000
127213  -16.322  7.282  -29.673 0.0000000000
76231  -17.045  7.041  -30.002 0.0000000000
77197  -16.704  7.880  -30.153 0.0000000000
78991  -17.049  9.295  -30.972 0.0000000000
79018  -18.023  10.075  -32.041 0.0000000000
79019  -18.741  9.848  -32.228 0.0000000000
79853  -19.860  9.945  -32.571 0.0000000000
78113  -19.735  8.725  -32.045 0.0000000000
126721  -21.155  10.146  -32.480 0.0000000000
80719  -21.723  10.792  -31.951 0.0000000000
131453  -22.419  10.958  -31.325 0.0000000000
79840  -22.972  10.623  -30.936 0.0000000000
128322  -23.572  10.211  -30.598 0.0000000000
78104  -22.124  8.359  -31.733 0.0000000000
70727  -22.970  0.400  -29.920 0.0000000000
74266  -16.559  4.828  -28.868 0.0000000000
74267  -17.384  4.709  -29.316 0.0000000000
75209  -18.782  5.448  -30.343 0.0000000000
75211  -19.932  5.270  -30.819 0.0000000000
74280  -19.923  4.603  -30.563 0.0000000000
127815  -20.561  4.190  -30.671 0.0000000000
72511  -19.425  3.005  -29.678 0.0000000000
73384  -20.917  3.486  -30.508 0.0000000000
72520  -21.395  2.720  -30.412 0.0000000000
71625  -21.871  1.936  -30.272 0.0000000000
130221  -18.177  0.894  -28.556 0.0000000000
70711  -18.881  0.835  -28.816 0.0000000000
70712  -19.499  0.422  -28.997 0.0000000000
70726  -22.081  0.926  -29.931 0.0000000000
70715  -22.574  0.022  -29.769 0.0000000000
68168  -22.826  -2.031  -29.420 0.0000000000
136360  -15.520  13.624  -30.775 0.0000000000
134911  -16.294  14.051  -31.811 0.0000000000
134909  -16.754  13.903  -32.447 0.0000000000
82539  -16.886  13.076  -32.435 0.0000000000
82540  -17.289  13.229  -32.783 0.0000000000
83394  -17.450  14.186  -33.056 0.0000000000
132753  -18.680  14.849  -33.566 0.0000000000
83401  -19.431  14.743  -33.434 0.0000000000
84262  -20.494  15.113  -32.464 0.0000000000
80718  -18.105  11.287  -32.641 0.0000000000
80733  -18.532  11.794  -32.989 0.0000000000
81631  -19.136  12.450  -33.412 0.0000000000
81632  -20.487  12.024  -33.352 0.0000000000
123601  -20.075  12.700  -33.493 0.0000000000
82548  -19.518  13.367  -33.530 0.0000000000
75221  -21.150  5.912  -31.445 0.0000000000
76245  -21.611  6.202  -31.475 0.0000000000
74291  -22.153  4.858  -31.218 0.0000000000
75222  -22.070  5.546  -31.263 0.0000000000
75223  -22.499  5.688  -30.919 0.0000000000
129090  -15.443  -2.038  -25.905 0.0000000000
68129  -15.980  -2.469  -26.451 0.0000000000
68130  -16.957  -2.691  -26.928 0.0000000000
65481  -19.327  -5.697  -26.715 0.0000000000
65482  -20.137  -5.747  -26.910 0.0000000000
65493  -19.729  -5.225  -27.143 0.0000000000
66398  -19.719  -4.481  -27.434 0.0000000000
67264  -20.183  -3.724  -27.791 0.0000000000
66413  -21.048  -3.822  -27.989 0.0000000000
71626  -22.973  1.266  -30.198 0.0000000000
79020  -20.140  9.121  -32.337 0.0000000000
79852  -19.114  10.273  -32.544 0.0000000000
80703  -16.543  11.912  -31.757 0.0000000000
81599  -15.373  12.591  -30.592 0.0000000000
81618  -20.729  12.670  -33.112 0.0000000000
81630  -18.242  12.544  -33.162 0.0000000000
81633  -21.096  11.921  -33.020 0.0000000000
82526  -15.496  13.198  -30.759 0.0000000000
83387  -16.387  14.752  -32.042 0.0000000000
84261  -19.823  15.353  -33.085 0.0000000000
129119  -19.284  11.546  -33.180 0.0000000000
133518  -17.790  -6.801  -25.564 0.0000000000
134772  -17.914  14.940  -33.448 0.0000000000
134940  -22.930  9.823  -31.087 0.0000000000
140611  -18.796  -2.058  -27.769 0.0000000000
143477  -16.593  1.633  -28.191 0.0000000000
143628  -20.693  13.733  -32.652 0.0000000000
143885  -19.085  9.246  -32.050 0.0000000000
144498  -20.291  -0.588  -28.937 0.0000000000
