#!ascii label  , from subject sub-s018 vox2ras=TkReg
370
66417  -24.329  -3.718  -28.423 0.0000000000
145350  -22.461  1.606  -30.251 0.0000000000
141542  -20.686  15.779  -31.983 0.0000000000
80707  -22.928  11.594  -30.760 0.0000000000
135117  -25.442  7.740  -29.458 0.0000000000
71601  -27.137  1.983  -28.446 0.0000000000
86048  -19.576  17.460  -32.531 0.0000000000
78993  -24.146  9.756  -30.291 0.0000000000
76247  -22.639  6.504  -30.964 0.0000000000
135248  -23.999  -1.758  -30.177 0.0000000000
71628  -24.300  1.225  -29.592 0.0000000000
69001  -25.631  -1.492  -29.795 0.0000000000
64648  -20.805  -6.773  -25.950 0.0000000000
124929  -22.465  -3.234  -28.571 0.0000000000
131554  -18.554  23.596  -33.203 0.0000000000
125021  -19.880  21.822  -33.491 0.0000000000
89711  -21.749  20.841  -31.990 0.0000000000
122934  -22.850  19.029  -30.882 0.0000000000
86011  -23.718  17.303  -30.479 0.0000000000
83388  -21.604  14.038  -31.549 0.0000000000
134261  -24.779  14.898  -30.254 0.0000000000
82519  -25.996  13.240  -29.577 0.0000000000
79807  -27.019  10.569  -28.420 0.0000000000
78046  -27.719  8.496  -27.727 0.0000000000
74284  -23.632  4.269  -30.313 0.0000000000
74272  -25.901  5.002  -28.845 0.0000000000
77212  -22.145  7.565  -31.577 0.0000000000
76253  -21.127  6.797  -31.698 0.0000000000
67298  -24.393  -2.654  -29.538 0.0000000000
69008  -24.521  -1.796  -30.397 0.0000000000
67299  -25.200  -3.117  -29.288 0.0000000000
60936  -21.220  -10.226  -22.718 0.0000000000
61864  -21.636  -9.487  -23.069 0.0000000000
140360  -21.545  -8.338  -23.940 0.0000000000
68167  -21.888  -1.982  -29.053 0.0000000000
67278  -20.715  -3.074  -28.101 0.0000000000
89727  -20.509  21.384  -32.818 0.0000000000
85151  -19.900  16.766  -32.572 0.0000000000
86026  -20.603  18.138  -31.768 0.0000000000
86027  -21.416  17.885  -31.383 0.0000000000
129355  -22.809  18.188  -30.699 0.0000000000
135538  -22.402  16.939  -30.794 0.0000000000
81609  -22.466  12.492  -30.958 0.0000000000
83390  -23.301  14.200  -30.407 0.0000000000
82527  -23.713  13.393  -30.184 0.0000000000
126539  -25.459  13.792  -30.047 0.0000000000
81602  -24.786  12.612  -29.853 0.0000000000
78090  -24.497  8.318  -30.142 0.0000000000
130271  -25.346  10.050  -29.563 0.0000000000
78969  -26.432  9.185  -28.800 0.0000000000
78970  -27.199  9.717  -28.266 0.0000000000
78064  -26.559  8.168  -28.640 0.0000000000
72521  -22.295  2.685  -30.795 0.0000000000
127913  -22.675  4.023  -31.062 0.0000000000
73396  -23.103  3.089  -31.072 0.0000000000
71617  -24.982  1.490  -29.032 0.0000000000
73375  -25.345  3.530  -28.902 0.0000000000
73376  -26.165  3.757  -28.623 0.0000000000
139182  -27.178  4.941  -28.246 0.0000000000
73359  -27.858  3.525  -28.016 0.0000000000
63802  -21.977  -6.905  -25.010 0.0000000000
64667  -21.271  -6.178  -26.402 0.0000000000
64668  -22.013  -5.955  -26.146 0.0000000000
65484  -22.531  -5.426  -26.514 0.0000000000
79839  -22.346  10.115  -31.560 0.0000000000
79827  -23.658  11.048  -30.476 0.0000000000
79006  -22.757  9.018  -31.357 0.0000000000
78089  -23.605  7.982  -30.668 0.0000000000
77201  -24.286  7.434  -30.275 0.0000000000
69834  -23.390  -0.561  -29.906 0.0000000000
72531  -23.324  1.813  -30.464 0.0000000000
69842  -24.255  -0.709  -30.261 0.0000000000
121840  -25.354  -0.300  -29.686 0.0000000000
70716  -25.931  0.019  -29.036 0.0000000000
63777  -21.567  -7.676  -24.501 0.0000000000
70714  -21.720  -0.028  -29.593 0.0000000000
68998  -22.516  -1.498  -29.442 0.0000000000
67296  -23.348  -2.147  -29.589 0.0000000000
66416  -23.477  -3.826  -28.280 0.0000000000
92298  -18.665  24.470  -34.016 0.0000000000
89710  -17.773  21.848  -32.375 0.0000000000
90662  -19.218  22.395  -33.687 0.0000000000
91496  -21.466  23.134  -33.049 0.0000000000
89729  -22.372  21.999  -32.281 0.0000000000
89712  -22.507  21.216  -31.836 0.0000000000
87875  -20.340  19.019  -31.846 0.0000000000
87877  -21.983  19.504  -31.400 0.0000000000
88774  -23.761  20.580  -31.285 0.0000000000
87879  -24.591  19.617  -31.137 0.0000000000
86902  -24.571  18.709  -30.880 0.0000000000
86013  -25.438  17.093  -30.629 0.0000000000
84253  -21.055  15.294  -31.796 0.0000000000
84255  -22.829  15.060  -30.658 0.0000000000
84240  -24.426  15.758  -30.290 0.0000000000
85121  -26.330  16.021  -30.672 0.0000000000
84242  -26.379  15.302  -30.394 0.0000000000
140927  -27.482  13.361  -28.781 0.0000000000
79818  -24.952  10.920  -29.669 0.0000000000
81577  -26.793  12.162  -28.746 0.0000000000
140464  -21.775  5.538  -31.362 0.0000000000
75212  -23.000  5.214  -30.664 0.0000000000
76222  -24.562  6.006  -29.753 0.0000000000
73387  -23.811  3.375  -29.881 0.0000000000
74271  -25.046  4.468  -29.232 0.0000000000
76223  -25.424  6.388  -29.316 0.0000000000
76207  -26.816  6.331  -28.459 0.0000000000
76209  -28.315  6.508  -27.397 0.0000000000
66401  -22.102  -4.553  -27.789 0.0000000000
66402  -22.944  -4.441  -27.714 0.0000000000
66389  -24.364  -4.397  -26.822 0.0000000000
67282  -24.613  -3.229  -28.990 0.0000000000
67283  -25.122  -3.540  -28.576 0.0000000000
132201  -25.876  -3.379  -28.715 0.0000000000
60916  -21.673  -10.734  -22.203 0.0000000000
85152  -20.632  16.602  -31.905 0.0000000000
86050  -20.867  17.392  -31.673 0.0000000000
85137  -21.564  16.915  -31.247 0.0000000000
129224  -21.316  15.942  -31.466 0.0000000000
80706  -22.117  11.676  -31.460 0.0000000000
82536  -22.846  13.357  -30.602 0.0000000000
81600  -23.305  12.562  -30.429 0.0000000000
81601  -24.088  12.654  -30.015 0.0000000000
80695  -23.790  11.883  -30.269 0.0000000000
78091  -24.863  7.813  -29.821 0.0000000000
134014  -25.645  9.229  -29.396 0.0000000000
78077  -25.903  8.399  -29.181 0.0000000000
77190  -26.061  7.578  -29.023 0.0000000000
71637  -22.753  2.058  -30.625 0.0000000000
72530  -22.998  2.577  -31.067 0.0000000000
72514  -26.036  1.915  -28.723 0.0000000000
132028  -26.098  2.988  -28.678 0.0000000000
72496  -26.768  2.647  -28.500 0.0000000000
73358  -26.932  3.498  -28.377 0.0000000000
72497  -27.508  2.774  -28.223 0.0000000000
64650  -22.356  -6.276  -25.482 0.0000000000
79005  -22.051  9.200  -31.881 0.0000000000
144932  -22.523  9.541  -31.483 0.0000000000
133380  -22.221  6.899  -31.386 0.0000000000
78105  -22.805  8.156  -31.277 0.0000000000
77213  -22.789  7.331  -31.113 0.0000000000
77200  -23.428  6.955  -30.668 0.0000000000
142578  -23.805  -1.310  -30.053 0.0000000000
69841  -23.867  -0.862  -30.087 0.0000000000
69016  -24.168  -1.311  -30.499 0.0000000000
69000  -25.043  -1.989  -29.982 0.0000000000
69828  -25.203  -1.188  -30.076 0.0000000000
69829  -25.763  -0.782  -29.589 0.0000000000
69830  -26.557  -0.582  -28.904 0.0000000000
69002  -26.384  -1.383  -29.198 0.0000000000
60935  -20.232  -10.542  -23.055 0.0000000000
60009  -20.227  -11.246  -22.455 0.0000000000
62862  -22.268  -8.013  -23.838 0.0000000000
69827  -22.570  -0.729  -29.625 0.0000000000
67279  -21.655  -3.185  -28.382 0.0000000000
68159  -22.425  -2.506  -28.958 0.0000000000
67280  -23.199  -2.657  -29.010 0.0000000000
144002  -23.129  -3.321  -28.595 0.0000000000
92285  -18.643  24.040  -33.598 0.0000000000
92299  -19.219  24.385  -34.475 0.0000000000
91509  -19.050  23.762  -34.126 0.0000000000
141996  -19.159  21.725  -33.388 0.0000000000
89725  -18.411  21.994  -33.124 0.0000000000
91494  -19.586  23.045  -34.000 0.0000000000
90663  -20.065  22.407  -33.782 0.0000000000
90664  -20.748  22.584  -33.342 0.0000000000
88783  -21.061  20.812  -32.349 0.0000000000
89728  -21.470  21.506  -32.464 0.0000000000
89730  -23.142  21.785  -31.834 0.0000000000
130725  -19.743  18.299  -32.237 0.0000000000
86900  -22.064  18.501  -31.119 0.0000000000
86899  -21.196  18.780  -31.488 0.0000000000
126549  -23.096  19.948  -31.183 0.0000000000
123225  -23.954  20.009  -31.069 0.0000000000
87878  -23.767  19.348  -30.852 0.0000000000
86029  -22.929  17.439  -30.626 0.0000000000
142222  -23.424  17.888  -30.558 0.0000000000
86895  -24.155  17.946  -30.566 0.0000000000
86896  -25.018  17.850  -30.781 0.0000000000
86012  -24.572  17.233  -30.482 0.0000000000
82534  -21.359  13.245  -31.878 0.0000000000
141554  -21.011  13.852  -32.194 0.0000000000
83396  -21.064  14.596  -31.953 0.0000000000
84254  -21.734  15.018  -31.219 0.0000000000
135679  -23.825  15.005  -30.245 0.0000000000
142444  -25.715  16.414  -30.567 0.0000000000
84241  -25.478  15.651  -30.396 0.0000000000
82529  -26.203  14.098  -29.855 0.0000000000
134580  -26.763  13.725  -29.428 0.0000000000
82520  -27.501  14.053  -29.185 0.0000000000
144141  -27.150  13.529  -29.138 0.0000000000
79828  -24.228  10.577  -30.157 0.0000000000
80696  -24.314  11.395  -30.025 0.0000000000
79820  -26.426  10.699  -28.865 0.0000000000
79819  -25.778  10.795  -29.289 0.0000000000
80671  -26.889  11.343  -28.562 0.0000000000
80672  -27.527  11.995  -28.150 0.0000000000
141549  -27.600  9.175  -27.873 0.0000000000
78047  -28.410  8.322  -27.190 0.0000000000
74290  -21.634  4.987  -31.286 0.0000000000
74283  -23.037  4.465  -30.781 0.0000000000
74292  -22.501  4.913  -30.956 0.0000000000
75213  -23.778  5.593  -30.350 0.0000000000
128073  -23.491  4.891  -30.444 0.0000000000
138985  -23.649  1.562  -29.927 0.0000000000
72522  -23.432  2.578  -30.611 0.0000000000
72523  -23.959  2.288  -29.706 0.0000000000
125440  -25.809  4.257  -28.772 0.0000000000
73374  -24.601  3.703  -29.400 0.0000000000
75200  -25.210  5.476  -29.304 0.0000000000
75201  -26.027  5.899  -28.873 0.0000000000
76224  -26.121  6.768  -28.932 0.0000000000
75184  -26.653  5.379  -28.506 0.0000000000
74256  -27.820  4.964  -27.919 0.0000000000
75185  -27.343  5.614  -28.121 0.0000000000
75186  -28.069  5.707  -27.651 0.0000000000
65465  -23.220  -5.380  -26.031 0.0000000000
65495  -22.345  -5.033  -27.232 0.0000000000
65485  -23.295  -4.829  -26.880 0.0000000000
66403  -23.868  -4.206  -27.673 0.0000000000
65486  -23.981  -4.953  -26.086 0.0000000000
77223  -21.490  7.825  -31.817 0.0000000000
77211  -21.592  6.981  -31.646 0.0000000000
76246  -22.075  6.272  -31.327 0.0000000000
68169  -23.951  -1.918  -30.039 0.0000000000
68180  -24.158  -2.004  -30.250 0.0000000000
68170  -24.178  -2.245  -29.905 0.0000000000
68171  -24.668  -2.436  -29.851 0.0000000000
68172  -25.531  -2.737  -29.558 0.0000000000
68160  -26.267  -2.880  -29.203 0.0000000000
67300  -25.937  -3.168  -29.191 0.0000000000
60915  -20.932  -10.954  -22.317 0.0000000000
62861  -20.793  -8.378  -24.398 0.0000000000
61889  -21.157  -8.961  -23.707 0.0000000000
62834  -21.994  -8.748  -23.426 0.0000000000
68997  -21.502  -1.415  -29.083 0.0000000000
68158  -21.298  -2.459  -28.530 0.0000000000
91487  -18.146  23.576  -32.537 0.0000000000
89726  -19.686  21.285  -32.968 0.0000000000
121162  -20.622  22.040  -33.094 0.0000000000
88782  -20.286  20.746  -32.507 0.0000000000
87888  -20.773  20.283  -32.126 0.0000000000
86049  -20.213  17.445  -32.151 0.0000000000
86028  -22.175  17.641  -30.928 0.0000000000
85139  -23.138  16.688  -30.581 0.0000000000
82535  -22.054  13.306  -31.225 0.0000000000
83389  -22.381  14.171  -30.903 0.0000000000
83378  -24.205  14.176  -30.162 0.0000000000
83380  -25.686  14.658  -30.243 0.0000000000
82528  -24.665  13.410  -30.070 0.0000000000
134219  -25.262  13.121  -29.836 0.0000000000
81592  -25.435  12.483  -29.588 0.0000000000
78981  -24.786  9.268  -29.872 0.0000000000
78980  -24.691  10.116  -29.889 0.0000000000
78982  -26.081  9.993  -29.175 0.0000000000
129273  -26.618  10.030  -28.710 0.0000000000
78065  -27.143  8.760  -28.276 0.0000000000
77180  -27.294  7.806  -28.123 0.0000000000
73394  -22.153  4.174  -31.163 0.0000000000
73395  -22.604  3.344  -31.083 0.0000000000
73386  -23.273  3.634  -30.818 0.0000000000
72524  -24.587  2.085  -29.279 0.0000000000
72513  -25.232  2.495  -28.880 0.0000000000
74255  -26.594  4.453  -28.488 0.0000000000
126199  -27.447  4.276  -28.141 0.0000000000
74236  -28.285  4.252  -27.784 0.0000000000
63801  -21.171  -7.183  -25.257 0.0000000000
64649  -21.592  -6.543  -25.724 0.0000000000
65483  -21.761  -5.593  -26.807 0.0000000000
140071  -22.647  -5.773  -25.887 0.0000000000
80719  -21.723  10.792  -31.951 0.0000000000
131453  -22.419  10.958  -31.325 0.0000000000
79840  -22.972  10.623  -30.936 0.0000000000
128322  -23.572  10.211  -30.598 0.0000000000
78992  -23.447  9.410  -30.735 0.0000000000
78104  -22.124  8.359  -31.733 0.0000000000
132134  -23.316  8.704  -30.863 0.0000000000
125464  -24.004  8.915  -30.439 0.0000000000
70727  -22.970  0.400  -29.920 0.0000000000
131879  -23.218  1.952  -30.684 0.0000000000
70728  -23.436  0.075  -29.869 0.0000000000
71638  -23.671  0.801  -29.871 0.0000000000
70729  -24.070  0.792  -29.776 0.0000000000
69835  -24.702  -0.850  -30.374 0.0000000000
69843  -24.541  -0.528  -30.184 0.0000000000
139017  -24.828  0.618  -29.499 0.0000000000
125196  -25.471  0.736  -29.007 0.0000000000
71618  -26.665  0.974  -28.708 0.0000000000
70717  -26.825  0.158  -28.710 0.0000000000
68161  -26.910  -2.581  -28.696 0.0000000000
59988  -19.761  -11.894  -22.218 0.0000000000
63800  -20.316  -7.481  -25.487 0.0000000000
63776  -20.810  -7.739  -24.887 0.0000000000
63778  -22.491  -7.291  -24.359 0.0000000000
70726  -22.081  0.926  -29.931 0.0000000000
70715  -22.574  0.022  -29.769 0.0000000000
68999  -23.515  -1.835  -29.821 0.0000000000
68168  -22.826  -2.031  -29.420 0.0000000000
67297  -23.844  -2.316  -29.650 0.0000000000
67281  -23.866  -3.080  -28.952 0.0000000000
92297  -18.400  24.897  -33.415 0.0000000000
90651  -17.864  22.705  -32.514 0.0000000000
90661  -18.501  22.877  -33.225 0.0000000000
141246  -18.918  23.250  -33.712 0.0000000000
91510  -19.922  23.661  -34.224 0.0000000000
90665  -21.471  22.337  -32.763 0.0000000000
140905  -22.280  22.673  -32.572 0.0000000000
90666  -23.322  22.532  -32.143 0.0000000000
131884  -24.034  21.846  -31.688 0.0000000000
140985  -20.113  19.933  -32.182 0.0000000000
87876  -20.955  19.625  -31.777 0.0000000000
88772  -21.457  20.247  -31.844 0.0000000000
88773  -22.306  20.407  -31.594 0.0000000000
89713  -23.485  21.221  -31.543 0.0000000000
89714  -24.382  21.118  -31.447 0.0000000000
89715  -25.215  20.812  -31.584 0.0000000000
88776  -25.258  20.006  -31.492 0.0000000000
86901  -23.582  18.542  -30.657 0.0000000000
84262  -20.494  15.113  -32.464 0.0000000000
85138  -22.314  16.053  -30.853 0.0000000000
84239  -23.435  15.862  -30.465 0.0000000000
85119  -24.050  16.574  -30.349 0.0000000000
85120  -24.960  16.479  -30.386 0.0000000000
86014  -26.305  16.758  -30.984 0.0000000000
83381  -26.446  14.714  -30.081 0.0000000000
83382  -27.060  15.092  -30.093 0.0000000000
131914  -28.195  15.374  -29.416 0.0000000000
83370  -28.325  14.759  -28.871 0.0000000000
80697  -24.889  11.863  -29.715 0.0000000000
80688  -25.581  11.648  -29.420 0.0000000000
81593  -26.159  12.342  -29.273 0.0000000000
140756  -27.313  12.712  -28.568 0.0000000000
79808  -27.609  10.521  -27.849 0.0000000000
76245  -21.611  6.202  -31.475 0.0000000000
74291  -22.153  4.858  -31.218 0.0000000000
75222  -22.070  5.546  -31.263 0.0000000000
75223  -22.499  5.688  -30.919 0.0000000000
76234  -23.189  6.042  -30.620 0.0000000000
76235  -24.096  6.504  -30.331 0.0000000000
76236  -24.883  7.016  -29.705 0.0000000000
138018  -23.252  2.391  -30.931 0.0000000000
73388  -24.593  2.923  -29.337 0.0000000000
74270  -24.195  4.174  -29.691 0.0000000000
75199  -24.219  5.003  -29.833 0.0000000000
133745  -25.602  7.108  -29.292 0.0000000000
77179  -26.688  7.272  -28.578 0.0000000000
124587  -27.253  6.984  -28.208 0.0000000000
76208  -27.573  6.375  -27.910 0.0000000000
77181  -27.785  7.147  -27.692 0.0000000000
66413  -21.048  -3.822  -27.989 0.0000000000
66414  -21.861  -3.914  -28.154 0.0000000000
66415  -22.658  -3.903  -28.191 0.0000000000
68173  -26.141  -2.202  -29.433 0.0000000000
69006  -23.456  -1.395  -29.893 0.0000000000
69007  -24.294  -1.626  -30.499 0.0000000000
70736  -23.794  0.015  -29.891 0.0000000000
70737  -24.167  -0.129  -29.953 0.0000000000
71626  -22.973  1.266  -30.198 0.0000000000
71627  -23.440  1.069  -29.991 0.0000000000
77162  -27.925  7.833  -27.558 0.0000000000
78076  -25.201  8.470  -29.642 0.0000000000
80689  -26.277  11.491  -29.050 0.0000000000
81594  -26.782  13.023  -29.043 0.0000000000
83368  -26.931  14.422  -29.708 0.0000000000
83379  -25.003  14.161  -30.263 0.0000000000
129429  -23.038  20.680  -31.458 0.0000000000
134620  -24.376  12.081  -29.946 0.0000000000
134940  -22.930  9.823  -31.087 0.0000000000
141332  -24.428  0.120  -29.867 0.0000000000
143293  -24.298  -1.121  -30.543 0.0000000000
144745  -24.351  -2.144  -30.173 0.0000000000
