#!ascii label  , from subject sub-s018 vox2ras=TkReg
274
20945  40.353  -47.484  -8.283 0.0000000000
17798  44.076  -52.583  -15.696 0.0000000000
16299  42.461  -54.032  -8.497 0.0000000000
19359  41.470  -50.705  -11.194 0.0000000000
16280  48.573  -54.964  -8.136 0.0000000000
126302  45.572  -54.616  -7.715 0.0000000000
13966  46.869  -57.375  -5.382 0.0000000000
18558  42.078  -52.154  -13.797 0.0000000000
21911  40.981  -47.050  -14.892 0.0000000000
18505  41.143  -51.817  -8.502 0.0000000000
18501  44.180  -51.372  -8.846 0.0000000000
17740  45.261  -52.664  -9.412 0.0000000000
16326  46.016  -54.553  -12.082 0.0000000000
14788  46.746  -56.578  -10.631 0.0000000000
21806  38.455  -46.917  -6.821 0.0000000000
19314  38.226  -51.057  -7.784 0.0000000000
139384  39.298  -54.739  -7.463 0.0000000000
22866  39.152  -46.442  -13.089 0.0000000000
15540  45.350  -56.562  -5.645 0.0000000000
18570  43.194  -52.287  -15.216 0.0000000000
19405  41.859  -50.158  -15.235 0.0000000000
17017  41.803  -53.300  -8.541 0.0000000000
137494  43.502  -52.611  -8.433 0.0000000000
16282  47.539  -54.502  -7.446 0.0000000000
17013  46.146  -53.309  -8.446 0.0000000000
17027  46.838  -53.614  -8.777 0.0000000000
124882  45.521  -53.907  -11.194 0.0000000000
16312  47.635  -54.934  -10.182 0.0000000000
14027  46.222  -56.792  -12.303 0.0000000000
17711  37.590  -52.286  -7.461 0.0000000000
17020  38.940  -53.220  -8.248 0.0000000000
16991  37.811  -53.954  -6.859 0.0000000000
19349  42.110  -49.976  -10.402 0.0000000000
21012  39.802  -48.923  -12.239 0.0000000000
23876  41.775  -45.379  -15.205 0.0000000000
23877  41.020  -45.516  -14.551 0.0000000000
122093  43.250  -55.961  -6.782 0.0000000000
16285  43.855  -54.578  -8.195 0.0000000000
15569  44.924  -55.491  -7.300 0.0000000000
129220  46.860  -55.761  -6.355 0.0000000000
15549  48.224  -55.950  -6.374 0.0000000000
131629  41.896  -52.272  -12.693 0.0000000000
20176  40.452  -50.191  -13.116 0.0000000000
20188  41.153  -49.685  -14.618 0.0000000000
21047  41.694  -48.301  -15.489 0.0000000000
17797  44.905  -52.746  -16.173 0.0000000000
20128  41.029  -49.219  -8.445 0.0000000000
19340  43.083  -49.785  -9.149 0.0000000000
18520  43.493  -51.120  -9.706 0.0000000000
17014  45.194  -52.798  -8.488 0.0000000000
17732  44.650  -51.837  -9.026 0.0000000000
17743  42.982  -51.853  -10.625 0.0000000000
17050  43.389  -53.259  -12.025 0.0000000000
17061  43.769  -53.502  -12.936 0.0000000000
17069  44.666  -54.111  -14.059 0.0000000000
14777  48.005  -55.939  -9.217 0.0000000000
14799  47.174  -55.905  -11.301 0.0000000000
15626  46.219  -55.566  -13.349 0.0000000000
16353  45.475  -54.816  -14.802 0.0000000000
22784  38.883  -46.150  -7.377 0.0000000000
21818  39.016  -47.559  -7.355 0.0000000000
20948  38.055  -48.892  -6.923 0.0000000000
20115  39.408  -49.062  -7.835 0.0000000000
18506  39.547  -51.538  -8.459 0.0000000000
17724  39.651  -52.832  -8.491 0.0000000000
16301  40.854  -54.697  -8.262 0.0000000000
15573  39.936  -55.346  -7.131 0.0000000000
15571  41.533  -55.573  -7.413 0.0000000000
21902  40.144  -47.125  -14.212 0.0000000000
21832  40.117  -46.795  -8.433 0.0000000000
23794  39.638  -46.019  -9.081 0.0000000000
22798  40.235  -46.602  -9.070 0.0000000000
17788  43.659  -53.144  -14.745 0.0000000000
18583  42.858  -51.425  -15.497 0.0000000000
17016  42.791  -53.158  -8.485 0.0000000000
16281  48.258  -54.814  -7.553 0.0000000000
16296  47.630  -54.149  -7.898 0.0000000000
17011  47.580  -54.105  -8.507 0.0000000000
124948  47.390  -54.244  -9.401 0.0000000000
16306  48.142  -54.775  -8.963 0.0000000000
143471  45.308  -57.178  -12.228 0.0000000000
17004  37.670  -53.111  -7.292 0.0000000000
19360  41.092  -49.899  -11.041 0.0000000000
139080  40.446  -49.401  -11.507 0.0000000000
144276  40.557  -49.955  -11.744 0.0000000000
15570  44.009  -55.470  -7.587 0.0000000000
15553  44.178  -56.106  -6.530 0.0000000000
14749  46.253  -56.801  -5.478 0.0000000000
15551  46.142  -56.221  -6.053 0.0000000000
14756  47.101  -56.282  -5.815 0.0000000000
15550  47.665  -55.787  -6.290 0.0000000000
14747  47.932  -56.701  -5.888 0.0000000000
132650  41.251  -51.057  -13.833 0.0000000000
18572  41.749  -51.425  -14.246 0.0000000000
20202  41.734  -49.201  -15.347 0.0000000000
21046  42.196  -47.891  -16.045 0.0000000000
21922  42.292  -46.844  -16.113 0.0000000000
19329  40.745  -50.208  -8.392 0.0000000000
19328  41.864  -49.678  -8.513 0.0000000000
128628  41.709  -50.742  -8.426 0.0000000000
19339  43.528  -50.434  -9.099 0.0000000000
18513  43.979  -50.978  -9.086 0.0000000000
16284  44.719  -54.675  -7.969 0.0000000000
16297  44.730  -53.541  -8.235 0.0000000000
144681  45.234  -54.049  -8.050 0.0000000000
17718  45.257  -52.586  -8.806 0.0000000000
17741  44.534  -52.365  -9.848 0.0000000000
17742  43.748  -52.087  -10.258 0.0000000000
127010  43.094  -52.596  -11.249 0.0000000000
17759  44.035  -53.073  -11.011 0.0000000000
121068  45.073  -54.078  -12.178 0.0000000000
17049  44.236  -53.622  -12.083 0.0000000000
17060  44.550  -53.915  -13.068 0.0000000000
17059  45.340  -54.500  -13.220 0.0000000000
12428  44.249  -58.595  -8.585 0.0000000000
132863  45.431  -56.751  -9.456 0.0000000000
13990  45.653  -57.026  -8.744 0.0000000000
14779  46.368  -56.691  -9.581 0.0000000000
14778  47.317  -56.389  -9.554 0.0000000000
14787  47.486  -56.043  -10.372 0.0000000000
136023  46.978  -56.339  -11.175 0.0000000000
131725  46.317  -56.286  -13.267 0.0000000000
15614  46.588  -55.858  -12.577 0.0000000000
16344  45.705  -54.975  -13.819 0.0000000000
16352  45.853  -55.382  -14.337 0.0000000000
22768  38.219  -45.924  -6.731 0.0000000000
129793  39.147  -46.827  -7.446 0.0000000000
19315  37.703  -50.610  -7.288 0.0000000000
20117  37.845  -49.741  -7.109 0.0000000000
134964  38.343  -50.259  -7.650 0.0000000000
20116  38.569  -49.411  -7.481 0.0000000000
139289  38.790  -50.674  -8.058 0.0000000000
19330  39.598  -50.676  -8.335 0.0000000000
18507  38.848  -51.365  -8.265 0.0000000000
17002  39.077  -54.074  -7.965 0.0000000000
17019  39.796  -53.626  -8.427 0.0000000000
17018  40.766  -53.944  -8.529 0.0000000000
16287  40.001  -54.626  -8.075 0.0000000000
15545  40.926  -55.655  -4.682 0.0000000000
15556  40.910  -55.729  -6.419 0.0000000000
20189  40.550  -49.008  -14.217 0.0000000000
21022  40.106  -48.541  -13.817 0.0000000000
24863  40.794  -44.960  -14.187 0.0000000000
17789  42.822  -52.614  -14.283 0.0000000000
19392  42.112  -51.028  -15.044 0.0000000000
17722  41.728  -52.362  -8.511 0.0000000000
18504  42.245  -51.518  -8.442 0.0000000000
17720  43.875  -51.753  -8.572 0.0000000000
16283  46.613  -54.426  -7.550 0.0000000000
17001  45.849  -53.599  -8.076 0.0000000000
17000  46.870  -53.811  -7.916 0.0000000000
17028  46.070  -53.089  -9.071 0.0000000000
17036  44.969  -53.216  -10.481 0.0000000000
16307  46.617  -53.843  -9.723 0.0000000000
17035  46.456  -54.314  -10.876 0.0000000000
125258  47.137  -54.792  -10.897 0.0000000000
14010  46.436  -56.668  -11.530 0.0000000000
14011  45.887  -57.008  -11.934 0.0000000000
14028  45.698  -57.210  -12.745 0.0000000000
18493  38.189  -51.876  -7.949 0.0000000000
17710  38.227  -52.746  -7.913 0.0000000000
17003  38.338  -53.593  -7.643 0.0000000000
16288  38.588  -54.385  -7.254 0.0000000000
20998  39.651  -48.205  -11.720 0.0000000000
21013  39.420  -48.048  -12.493 0.0000000000
22890  41.660  -46.466  -15.437 0.0000000000
22878  41.193  -46.141  -14.914 0.0000000000
24861  42.049  -44.358  -14.841 0.0000000000
16286  43.130  -55.346  -7.854 0.0000000000
133178  43.032  -54.559  -8.310 0.0000000000
15568  46.045  -55.442  -6.967 0.0000000000
15567  47.200  -55.167  -6.930 0.0000000000
16269  48.038  -55.238  -6.912 0.0000000000
18534  41.336  -51.476  -12.116 0.0000000000
133875  40.715  -50.532  -12.075 0.0000000000
19379  40.874  -50.988  -13.066 0.0000000000
126125  40.545  -49.749  -13.883 0.0000000000
21034  41.157  -48.675  -14.893 0.0000000000
129518  41.216  -47.888  -15.073 0.0000000000
134281  42.168  -45.973  -15.803 0.0000000000
142284  40.538  -48.047  -8.300 0.0000000000
21831  41.008  -47.742  -8.703 0.0000000000
20957  41.157  -48.363  -8.583 0.0000000000
19358  42.193  -50.683  -10.616 0.0000000000
17719  44.529  -51.971  -8.796 0.0000000000
18512  44.240  -51.301  -8.946 0.0000000000
18521  42.585  -51.225  -10.551 0.0000000000
18533  41.878  -51.283  -11.167 0.0000000000
17760  42.200  -52.046  -11.470 0.0000000000
17771  42.616  -52.786  -12.239 0.0000000000
17779  42.579  -52.751  -13.275 0.0000000000
145509  44.738  -53.624  -11.387 0.0000000000
17770  43.103  -53.159  -12.841 0.0000000000
17778  43.291  -53.198  -13.690 0.0000000000
17080  44.299  -53.674  -14.639 0.0000000000
14761  48.328  -56.354  -7.039 0.0000000000
13985  45.104  -57.468  -8.415 0.0000000000
14769  47.772  -56.425  -8.349 0.0000000000
15588  48.376  -55.406  -8.704 0.0000000000
15589  47.934  -55.459  -9.666 0.0000000000
16324  47.241  -55.280  -11.117 0.0000000000
16325  46.759  -54.940  -11.715 0.0000000000
14800  46.688  -56.348  -11.812 0.0000000000
16336  46.506  -55.301  -12.437 0.0000000000
144878  46.403  -54.935  -12.308 0.0000000000
16337  46.093  -54.960  -12.880 0.0000000000
17068  45.165  -54.515  -14.403 0.0000000000
17079  44.758  -53.965  -15.022 0.0000000000
17089  45.087  -53.454  -15.873 0.0000000000
24759  38.171  -44.464  -7.886 0.0000000000
23782  38.452  -45.288  -7.453 0.0000000000
23796  38.670  -45.037  -8.304 0.0000000000
23781  39.148  -45.734  -8.037 0.0000000000
22783  39.520  -46.439  -7.921 0.0000000000
21817  39.715  -47.167  -7.820 0.0000000000
20104  37.392  -49.264  -6.516 0.0000000000
20935  38.257  -47.969  -6.817 0.0000000000
20947  38.812  -48.494  -7.361 0.0000000000
20958  40.308  -48.729  -8.211 0.0000000000
20129  40.001  -49.668  -8.239 0.0000000000
134162  40.430  -51.199  -8.470 0.0000000000
17725  38.995  -52.265  -8.402 0.0000000000
126841  40.049  -52.101  -8.551 0.0000000000
17723  40.701  -52.867  -8.585 0.0000000000
16300  41.553  -54.367  -8.426 0.0000000000
15572  40.727  -55.267  -7.676 0.0000000000
15583  41.359  -55.087  -8.124 0.0000000000
15582  42.205  -55.093  -8.163 0.0000000000
124539  40.086  -49.289  -13.294 0.0000000000
136313  39.669  -48.453  -13.170 0.0000000000
140308  39.499  -47.153  -13.506 0.0000000000
22879  40.565  -46.287  -14.438 0.0000000000
22865  39.826  -46.353  -13.840 0.0000000000
13203  44.486  -57.727  -8.520 0.0000000000
14748  47.342  -56.779  -5.573 0.0000000000
14750  44.870  -56.898  -5.277 0.0000000000
14755  48.160  -56.526  -6.385 0.0000000000
14816  46.810  -56.016  -12.021 0.0000000000
14817  46.465  -56.383  -12.524 0.0000000000
15539  47.749  -56.301  -5.891 0.0000000000
15581  48.603  -55.453  -8.048 0.0000000000
15595  47.510  -55.542  -10.539 0.0000000000
15603  46.864  -55.567  -11.858 0.0000000000
16295  48.175  -54.488  -8.163 0.0000000000
16313  47.093  -54.446  -10.249 0.0000000000
17012  47.024  -53.702  -8.198 0.0000000000
17070  44.015  -53.654  -13.879 0.0000000000
17078  45.193  -54.202  -15.441 0.0000000000
17787  44.445  -53.301  -15.392 0.0000000000
18494  37.612  -51.446  -7.429 0.0000000000
18502  43.841  -51.105  -8.763 0.0000000000
18519  44.178  -51.510  -9.338 0.0000000000
18559  41.433  -51.641  -13.309 0.0000000000
18571  42.411  -51.859  -14.737 0.0000000000
18581  44.668  -52.004  -16.387 0.0000000000
19325  43.950  -50.918  -8.911 0.0000000000
19348  42.884  -50.289  -9.801 0.0000000000
19393  41.481  -50.625  -14.519 0.0000000000
20130  39.087  -49.953  -7.979 0.0000000000
20167  40.278  -49.759  -12.351 0.0000000000
20175  40.872  -50.434  -13.906 0.0000000000
20946  39.761  -48.073  -7.808 0.0000000000
21023  39.840  -47.858  -13.766 0.0000000000
21035  40.540  -48.023  -14.461 0.0000000000
21890  39.134  -47.271  -12.720 0.0000000000
21923  41.665  -47.406  -15.529 0.0000000000
23866  40.323  -45.551  -14.048 0.0000000000
23893  42.458  -45.355  -15.764 0.0000000000
120725  45.805  -53.509  -10.097 0.0000000000
128759  46.081  -56.887  -13.186 0.0000000000
130332  40.751  -47.223  -8.805 0.0000000000
143826  39.443  -47.772  -13.156 0.0000000000
144184  43.329  -50.009  -8.970 0.0000000000
145448  44.352  -51.538  -8.911 0.0000000000
