#!ascii label  , from subject sub-s018 vox2ras=TkReg
305
76241  31.155  9.776  -27.570 0.0000000000
66832  27.488  -0.708  -23.920 0.0000000000
129403  30.765  15.903  -27.412 0.0000000000
89859  30.684  23.367  -33.979 0.0000000000
64898  25.906  -1.943  -23.057 0.0000000000
145726  33.762  19.032  -25.728 0.0000000000
87309  33.824  22.403  -27.913 0.0000000000
74378  28.431  7.699  -28.538 0.0000000000
71391  29.163  3.810  -26.570 0.0000000000
73346  31.093  6.595  -26.300 0.0000000000
78954  33.820  12.279  -25.795 0.0000000000
76217  33.812  9.387  -25.522 0.0000000000
127486  30.993  12.944  -27.615 0.0000000000
81786  33.614  15.513  -25.546 0.0000000000
89004  31.364  23.775  -31.404 0.0000000000
89818  34.145  24.517  -30.614 0.0000000000
136535  29.932  1.340  -25.512 0.0000000000
86420  32.698  21.061  -27.133 0.0000000000
88188  32.099  22.217  -28.556 0.0000000000
74376  29.334  8.533  -28.274 0.0000000000
73359  29.406  7.211  -27.839 0.0000000000
75306  30.806  8.253  -27.273 0.0000000000
65905  26.984  -1.193  -23.179 0.0000000000
80919  31.278  14.333  -27.265 0.0000000000
138359  32.444  14.241  -26.507 0.0000000000
81806  32.125  15.805  -26.385 0.0000000000
86417  35.252  20.497  -27.127 0.0000000000
140008  35.480  19.137  -26.644 0.0000000000
89024  28.929  22.439  -33.933 0.0000000000
123652  30.005  22.793  -31.407 0.0000000000
89022  30.999  23.359  -33.166 0.0000000000
92271  33.080  27.604  -34.240 0.0000000000
90681  34.785  26.224  -33.626 0.0000000000
90668  33.863  25.746  -32.383 0.0000000000
90667  35.286  25.313  -32.550 0.0000000000
89827  35.579  24.452  -31.313 0.0000000000
140274  30.458  3.763  -26.186 0.0000000000
69436  30.032  2.626  -25.967 0.0000000000
63897  25.149  -3.093  -22.322 0.0000000000
83627  32.291  17.601  -25.974 0.0000000000
85514  32.196  19.359  -26.476 0.0000000000
86419  33.625  21.129  -26.890 0.0000000000
88184  35.384  22.374  -28.534 0.0000000000
71408  27.540  4.665  -27.590 0.0000000000
72408  28.752  5.666  -27.718 0.0000000000
72396  30.230  5.397  -26.781 0.0000000000
129805  31.915  4.802  -25.665 0.0000000000
78054  32.346  11.229  -26.719 0.0000000000
76234  32.144  9.708  -26.622 0.0000000000
77072  34.025  10.702  -25.614 0.0000000000
76251  29.501  9.766  -28.583 0.0000000000
78076  29.775  11.421  -28.602 0.0000000000
78067  30.858  11.030  -27.894 0.0000000000
143338  32.633  12.907  -26.530 0.0000000000
126955  33.804  13.872  -25.682 0.0000000000
81784  35.594  15.189  -25.438 0.0000000000
83626  33.204  17.674  -25.399 0.0000000000
83624  35.414  17.463  -25.606 0.0000000000
88202  31.441  22.778  -30.083 0.0000000000
90684  31.760  25.373  -33.498 0.0000000000
89845  32.253  24.926  -32.148 0.0000000000
89003  32.155  24.238  -30.971 0.0000000000
88201  32.401  23.324  -29.680 0.0000000000
88986  34.162  23.632  -29.325 0.0000000000
88200  36.114  23.094  -29.954 0.0000000000
65939  28.614  -1.452  -26.440 0.0000000000
69438  28.652  2.173  -26.408 0.0000000000
75296  32.464  8.443  -25.950 0.0000000000
137742  32.693  6.713  -25.486 0.0000000000
86429  31.369  20.858  -28.057 0.0000000000
87311  31.377  21.568  -28.640 0.0000000000
75325  29.636  9.136  -28.349 0.0000000000
75316  30.143  8.756  -27.949 0.0000000000
75305  30.933  9.120  -27.541 0.0000000000
62892  24.330  -4.377  -21.616 0.0000000000
63873  24.735  -3.692  -21.948 0.0000000000
81822  30.985  15.170  -27.339 0.0000000000
81807  31.717  15.057  -26.886 0.0000000000
128147  31.367  15.900  -26.941 0.0000000000
86427  36.120  21.146  -28.631 0.0000000000
127341  35.683  20.064  -27.366 0.0000000000
89037  29.779  22.782  -34.395 0.0000000000
89023  30.027  22.763  -33.609 0.0000000000
89012  30.265  23.062  -32.621 0.0000000000
133386  34.729  25.830  -32.822 0.0000000000
89858  35.915  24.922  -33.009 0.0000000000
70389  30.965  3.713  -25.898 0.0000000000
69424  31.098  3.244  -25.590 0.0000000000
66855  25.995  -0.496  -24.546 0.0000000000
83628  31.378  17.790  -26.675 0.0000000000
140707  31.543  18.732  -26.727 0.0000000000
87299  33.228  21.727  -27.438 0.0000000000
86406  33.089  20.629  -26.642 0.0000000000
87298  34.233  21.644  -27.337 0.0000000000
87308  34.858  22.082  -27.852 0.0000000000
88185  34.607  22.620  -28.322 0.0000000000
89885  29.199  23.429  -36.119 0.0000000000
72409  27.863  5.644  -28.084 0.0000000000
137547  28.408  6.336  -28.248 0.0000000000
73358  30.149  6.992  -27.354 0.0000000000
72406  29.821  6.338  -27.359 0.0000000000
132471  30.574  6.151  -26.647 0.0000000000
72395  31.007  5.080  -26.179 0.0000000000
72385  31.478  5.751  -25.884 0.0000000000
126453  25.517  -2.474  -22.660 0.0000000000
63896  25.930  -2.888  -21.986 0.0000000000
78053  33.167  11.795  -26.253 0.0000000000
77091  33.214  10.949  -26.083 0.0000000000
78036  33.899  11.502  -25.735 0.0000000000
140294  28.574  9.014  -28.759 0.0000000000
127485  30.444  12.920  -28.019 0.0000000000
78993  30.124  12.153  -28.350 0.0000000000
142524  29.976  10.999  -28.462 0.0000000000
78983  30.747  12.266  -27.870 0.0000000000
78066  31.853  11.930  -27.171 0.0000000000
78982  31.418  12.506  -27.435 0.0000000000
80881  33.046  14.981  -25.806 0.0000000000
80900  32.965  14.226  -26.104 0.0000000000
80880  33.719  14.719  -25.586 0.0000000000
80879  34.657  14.459  -25.359 0.0000000000
81785  34.503  15.337  -25.354 0.0000000000
140513  32.781  18.323  -25.608 0.0000000000
138307  33.595  18.511  -25.516 0.0000000000
84551  35.459  18.425  -26.017 0.0000000000
82742  35.933  16.905  -25.826 0.0000000000
89005  30.504  23.343  -31.748 0.0000000000
88997  30.864  23.269  -30.976 0.0000000000
88203  30.481  22.532  -30.636 0.0000000000
91504  33.497  27.103  -33.851 0.0000000000
92272  32.094  27.467  -34.176 0.0000000000
90683  32.381  25.723  -32.905 0.0000000000
90657  34.214  25.257  -31.764 0.0000000000
89830  32.658  24.738  -31.427 0.0000000000
89819  33.136  24.496  -30.684 0.0000000000
88995  32.697  23.941  -30.221 0.0000000000
88994  33.671  24.169  -30.000 0.0000000000
145029  33.207  23.746  -29.599 0.0000000000
89826  36.335  24.138  -31.816 0.0000000000
88992  35.689  23.837  -30.471 0.0000000000
89002  36.240  23.875  -31.160 0.0000000000
88991  36.467  23.272  -30.744 0.0000000000
66894  27.290  -0.399  -26.362 0.0000000000
71407  28.284  4.235  -27.041 0.0000000000
70404  28.195  3.237  -26.619 0.0000000000
68525  29.919  1.672  -25.834 0.0000000000
68539  29.546  0.826  -26.268 0.0000000000
68526  29.710  0.476  -26.007 0.0000000000
67703  29.393  -0.570  -26.087 0.0000000000
76218  32.796  9.392  -26.003 0.0000000000
75304  31.991  9.039  -26.510 0.0000000000
75295  33.413  8.557  -25.548 0.0000000000
85526  31.365  19.454  -27.277 0.0000000000
132626  31.515  20.278  -27.564 0.0000000000
87300  32.180  21.535  -27.847 0.0000000000
87310  32.825  22.211  -27.991 0.0000000000
74377  28.996  7.895  -28.179 0.0000000000
73371  28.801  7.334  -28.210 0.0000000000
74363  29.918  7.872  -27.840 0.0000000000
74352  30.520  7.500  -27.185 0.0000000000
65906  26.306  -1.437  -23.452 0.0000000000
64882  26.293  -2.311  -22.345 0.0000000000
65890  26.638  -1.723  -22.698 0.0000000000
65889  27.381  -1.369  -22.304 0.0000000000
79939  34.796  13.460  -25.388 0.0000000000
123886  35.286  12.634  -25.367 0.0000000000
127480  30.179  13.687  -28.156 0.0000000000
79973  30.816  13.626  -27.626 0.0000000000
79960  31.578  13.434  -27.201 0.0000000000
80902  31.991  14.260  -26.837 0.0000000000
80901  32.444  14.885  -26.369 0.0000000000
81787  32.851  15.658  -25.872 0.0000000000
86404  34.720  20.125  -26.547 0.0000000000
84552  34.422  18.823  -25.786 0.0000000000
86403  35.359  19.777  -26.839 0.0000000000
85524  35.687  19.421  -27.237 0.0000000000
89011  31.123  23.693  -32.248 0.0000000000
91503  34.349  26.775  -34.179 0.0000000000
91491  33.861  26.629  -33.426 0.0000000000
91492  33.217  26.251  -32.858 0.0000000000
145028  34.643  25.471  -32.267 0.0000000000
89844  35.068  25.080  -31.840 0.0000000000
89828  34.641  24.783  -31.232 0.0000000000
89843  35.816  24.745  -32.166 0.0000000000
71390  29.948  4.168  -26.559 0.0000000000
70392  29.280  2.866  -26.269 0.0000000000
70390  30.575  3.215  -25.903 0.0000000000
69425  30.464  2.667  -25.645 0.0000000000
63898  24.342  -3.094  -22.444 0.0000000000
64883  24.774  -2.514  -22.823 0.0000000000
65907  25.578  -1.446  -23.668 0.0000000000
65924  26.081  -1.033  -24.085 0.0000000000
65923  26.815  -0.917  -24.023 0.0000000000
66854  27.537  -0.491  -24.983 0.0000000000
82765  30.898  16.758  -27.165 0.0000000000
82746  31.741  16.742  -26.434 0.0000000000
84553  32.166  18.497  -26.183 0.0000000000
131102  32.993  19.114  -25.765 0.0000000000
85525  32.229  20.258  -26.916 0.0000000000
85513  33.038  19.967  -26.253 0.0000000000
86405  33.860  20.458  -26.437 0.0000000000
86418  34.507  20.908  -26.890 0.0000000000
87297  35.118  21.301  -27.458 0.0000000000
87315  36.130  21.911  -29.042 0.0000000000
89038  28.907  22.501  -34.717 0.0000000000
89051  29.576  22.896  -35.013 0.0000000000
89873  30.415  23.548  -34.828 0.0000000000
137621  28.336  4.987  -27.501 0.0000000000
71406  29.181  4.791  -27.069 0.0000000000
73360  29.003  6.558  -27.907 0.0000000000
72407  29.524  5.636  -27.308 0.0000000000
140739  29.948  4.870  -26.842 0.0000000000
71389  30.577  4.420  -26.317 0.0000000000
71388  31.434  4.237  -25.800 0.0000000000
77093  31.743  10.289  -27.081 0.0000000000
76235  31.549  9.477  -27.040 0.0000000000
77092  32.603  10.289  -26.402 0.0000000000
121719  35.515  11.824  -25.403 0.0000000000
78035  34.763  11.233  -25.469 0.0000000000
77071  34.917  10.330  -25.406 0.0000000000
75327  28.613  8.430  -28.570 0.0000000000
76242  30.363  9.634  -28.064 0.0000000000
77113  29.486  10.633  -28.730 0.0000000000
77112  30.237  10.541  -28.288 0.0000000000
77104  31.005  10.383  -27.799 0.0000000000
78055  31.484  11.103  -27.393 0.0000000000
125660  32.529  12.205  -26.655 0.0000000000
78969  33.177  12.600  -26.230 0.0000000000
79959  32.388  13.600  -26.622 0.0000000000
79958  33.116  13.372  -26.177 0.0000000000
79940  33.818  13.045  -25.738 0.0000000000
80878  35.659  14.180  -25.376 0.0000000000
82745  32.714  16.644  -25.762 0.0000000000
82727  33.440  16.190  -25.556 0.0000000000
83625  34.433  17.907  -25.345 0.0000000000
82743  34.704  17.051  -25.345 0.0000000000
82726  34.359  16.230  -25.370 0.0000000000
82725  35.307  16.635  -25.469 0.0000000000
87316  31.407  22.186  -29.296 0.0000000000
142120  30.915  24.640  -34.823 0.0000000000
89872  31.133  24.432  -34.154 0.0000000000
127026  31.428  24.208  -33.425 0.0000000000
89846  31.611  24.218  -32.656 0.0000000000
89831  31.799  24.348  -31.796 0.0000000000
90669  32.773  25.580  -32.402 0.0000000000
88996  31.797  23.556  -30.565 0.0000000000
88194  32.141  22.711  -29.240 0.0000000000
145939  32.630  23.066  -29.132 0.0000000000
88187  32.928  22.797  -28.569 0.0000000000
88186  33.959  23.055  -28.598 0.0000000000
89817  34.981  24.368  -30.715 0.0000000000
88984  35.289  23.441  -29.606 0.0000000000
88985  34.920  23.062  -28.851 0.0000000000
88192  35.761  22.741  -29.242 0.0000000000
88191  36.255  22.426  -29.688 0.0000000000
66875  27.951  -1.209  -25.964 0.0000000000
66874  28.674  -1.284  -25.842 0.0000000000
68553  28.243  1.350  -26.678 0.0000000000
143448  29.073  1.305  -26.479 0.0000000000
67720  28.922  0.431  -26.675 0.0000000000
66891  29.181  -1.161  -26.429 0.0000000000
66873  29.197  -1.272  -26.162 0.0000000000
137732  31.371  8.847  -26.967 0.0000000000
74350  31.634  8.275  -26.500 0.0000000000
74351  31.186  7.416  -26.511 0.0000000000
74341  32.082  7.564  -25.903 0.0000000000
73335  31.748  6.665  -25.838 0.0000000000
73334  32.397  5.789  -25.554 0.0000000000
65938  29.092  -1.514  -26.420 0.0000000000
65951  28.945  -1.448  -26.700 0.0000000000
65961  28.478  -1.242  -26.686 0.0000000000
66892  28.727  -0.935  -26.764 0.0000000000
66893  27.963  -1.118  -26.438 0.0000000000
66906  29.065  -0.482  -26.671 0.0000000000
69437  29.506  1.878  -26.171 0.0000000000
70391  29.977  3.404  -26.225 0.0000000000
73372  28.418  7.001  -28.492 0.0000000000
75326  29.042  9.054  -28.572 0.0000000000
76262  28.833  9.516  -28.819 0.0000000000
77073  33.400  10.135  -25.811 0.0000000000
78075  30.416  11.439  -28.183 0.0000000000
78953  34.616  12.032  -25.530 0.0000000000
78970  32.059  12.762  -26.935 0.0000000000
82744  33.791  16.946  -25.337 0.0000000000
85511  34.967  19.325  -26.287 0.0000000000
85512  33.999  19.592  -26.029 0.0000000000
86421  31.963  20.823  -27.460 0.0000000000
87307  35.629  21.609  -28.198 0.0000000000
88193  33.193  23.349  -29.083 0.0000000000
88993  34.684  24.020  -30.095 0.0000000000
89052  28.934  22.845  -35.533 0.0000000000
89829  33.681  24.881  -31.231 0.0000000000
89871  35.902  25.016  -33.788 0.0000000000
90658  33.226  25.267  -31.834 0.0000000000
91505  32.525  26.992  -33.683 0.0000000000
91518  33.982  27.335  -34.611 0.0000000000
124514  35.815  20.706  -27.875 0.0000000000
126463  31.145  11.715  -27.676 0.0000000000
126704  35.154  15.914  -25.385 0.0000000000
130253  34.155  10.024  -25.510 0.0000000000
133992  33.018  7.661  -25.506 0.0000000000
134675  30.663  6.943  -26.762 0.0000000000
134849  26.644  -0.647  -24.564 0.0000000000
135233  33.105  26.754  -33.335 0.0000000000
141017  28.015  0.606  -26.815 0.0000000000
143177  34.450  12.692  -25.534 0.0000000000
