#!ascii label  , from subject sub-p022 vox2ras=TkReg
314
22153  44.552  -49.540  -16.488 0.0000000000
18620  40.718  -53.383  -20.083 0.0000000000
23044  36.953  -47.936  -10.949 0.0000000000
23104  35.415  -48.711  -15.658 0.0000000000
18552  41.009  -53.970  -15.081 0.0000000000
20319  37.290  -51.882  -13.261 0.0000000000
18535  40.852  -53.526  -12.574 0.0000000000
139218  37.461  -51.633  -18.083 0.0000000000
127901  35.991  -45.572  -17.111 0.0000000000
124029  40.822  -47.166  -13.028 0.0000000000
23069  36.008  -48.530  -13.459 0.0000000000
134923  37.103  -52.250  -15.997 0.0000000000
18574  40.424  -53.899  -17.633 0.0000000000
16973  44.353  -55.625  -16.110 0.0000000000
20352  48.969  -51.007  -16.163 0.0000000000
22097  45.257  -49.264  -13.145 0.0000000000
23949  41.481  -47.530  -10.631 0.0000000000
25959  40.708  -45.405  -16.783 0.0000000000
19402  39.650  -52.659  -12.107 0.0000000000
19468  39.089  -52.443  -19.357 0.0000000000
120802  37.600  -50.219  -19.526 0.0000000000
24887  39.808  -46.672  -11.870 0.0000000000
23968  36.981  -47.608  -11.908 0.0000000000
18542  38.944  -53.103  -14.559 0.0000000000
19423  37.395  -52.322  -14.131 0.0000000000
18554  39.261  -53.380  -15.424 0.0000000000
121587  39.313  -53.429  -16.999 0.0000000000
123190  41.287  -54.163  -15.866 0.0000000000
16979  44.388  -55.870  -17.088 0.0000000000
22083  45.856  -49.759  -12.407 0.0000000000
23056  43.744  -48.338  -12.458 0.0000000000
22074  44.008  -49.014  -10.903 0.0000000000
24026  37.702  -46.746  -14.727 0.0000000000
24954  38.115  -46.305  -15.209 0.0000000000
27890  36.912  -43.505  -17.387 0.0000000000
27869  39.423  -43.127  -16.484 0.0000000000
22056  36.597  -49.313  -10.881 0.0000000000
21179  36.435  -50.049  -12.009 0.0000000000
20304  37.159  -51.084  -12.010 0.0000000000
19414  38.956  -52.589  -12.964 0.0000000000
140583  41.285  -53.804  -13.477 0.0000000000
135986  35.726  -49.826  -16.965 0.0000000000
24957  35.718  -46.869  -16.191 0.0000000000
23152  36.145  -48.731  -18.403 0.0000000000
25002  36.150  -46.256  -18.537 0.0000000000
19481  42.232  -53.666  -20.768 0.0000000000
23085  42.677  -48.377  -14.737 0.0000000000
24010  37.863  -47.040  -14.108 0.0000000000
23087  35.803  -48.314  -14.316 0.0000000000
21196  36.111  -50.304  -12.888 0.0000000000
21215  35.666  -50.642  -14.570 0.0000000000
21226  35.522  -50.194  -15.279 0.0000000000
19438  37.471  -52.341  -16.673 0.0000000000
19456  39.111  -53.180  -17.892 0.0000000000
18588  40.919  -54.203  -18.853 0.0000000000
17779  42.539  -54.559  -15.457 0.0000000000
17796  43.160  -54.959  -16.579 0.0000000000
17815  42.278  -54.773  -18.022 0.0000000000
17828  42.334  -54.892  -19.790 0.0000000000
21245  48.548  -50.557  -17.375 0.0000000000
21236  46.411  -50.642  -16.520 0.0000000000
21214  46.849  -50.687  -15.064 0.0000000000
128860  45.014  -49.422  -14.859 0.0000000000
23067  43.755  -48.357  -13.412 0.0000000000
23979  41.392  -47.180  -12.162 0.0000000000
137914  39.016  -46.938  -10.223 0.0000000000
23917  38.794  -47.637  -8.863 0.0000000000
23936  37.611  -47.684  -9.624 0.0000000000
25948  38.750  -44.771  -15.950 0.0000000000
118119  45.174  -49.922  -17.019 0.0000000000
23135  45.243  -49.423  -17.647 0.0000000000
22162  44.464  -49.289  -17.142 0.0000000000
19467  39.887  -53.044  -19.629 0.0000000000
20374  38.825  -51.678  -19.804 0.0000000000
23967  37.561  -47.207  -11.195 0.0000000000
126637  37.595  -46.993  -11.912 0.0000000000
23045  36.633  -48.326  -11.742 0.0000000000
128265  39.707  -53.429  -14.696 0.0000000000
18553  40.137  -53.653  -15.305 0.0000000000
129251  40.575  -53.899  -16.024 0.0000000000
16122  45.094  -56.463  -17.275 0.0000000000
22073  44.812  -49.427  -11.268 0.0000000000
24934  36.559  -46.907  -14.906 0.0000000000
24955  37.052  -46.316  -15.202 0.0000000000
28868  37.928  -42.709  -16.773 0.0000000000
20295  36.915  -50.597  -11.455 0.0000000000
20294  37.624  -51.294  -11.304 0.0000000000
19403  38.784  -52.156  -12.098 0.0000000000
18536  40.211  -53.111  -12.717 0.0000000000
127159  40.554  -53.450  -13.368 0.0000000000
21249  36.341  -50.521  -17.518 0.0000000000
22163  35.903  -49.216  -17.751 0.0000000000
21260  36.665  -50.292  -18.286 0.0000000000
24087  36.453  -47.648  -19.191 0.0000000000
24086  36.984  -47.395  -19.900 0.0000000000
25996  36.482  -45.921  -19.379 0.0000000000
24006  42.089  -47.937  -14.190 0.0000000000
24007  41.256  -47.823  -14.491 0.0000000000
23991  40.773  -47.492  -13.933 0.0000000000
23995  36.406  -47.808  -13.836 0.0000000000
130925  36.668  -50.650  -12.264 0.0000000000
22085  36.194  -49.526  -12.471 0.0000000000
20320  36.747  -51.224  -12.879 0.0000000000
19434  37.205  -52.343  -15.206 0.0000000000
20333  36.712  -51.957  -14.692 0.0000000000
20334  36.146  -51.380  -14.646 0.0000000000
21225  35.846  -50.988  -15.420 0.0000000000
20347  36.520  -51.734  -15.555 0.0000000000
20354  36.206  -51.169  -16.277 0.0000000000
18564  40.163  -53.755  -16.863 0.0000000000
19446  38.584  -52.972  -17.188 0.0000000000
140505  39.769  -53.586  -17.529 0.0000000000
18590  39.831  -53.569  -18.227 0.0000000000
18573  41.227  -54.308  -17.937 0.0000000000
15166  46.694  -57.808  -14.255 0.0000000000
16085  45.074  -56.232  -15.730 0.0000000000
16084  45.357  -56.362  -14.700 0.0000000000
16971  44.644  -55.825  -15.230 0.0000000000
17786  43.203  -54.876  -15.761 0.0000000000
17787  42.589  -54.643  -16.345 0.0000000000
16974  43.681  -55.186  -16.106 0.0000000000
119054  43.753  -55.622  -17.882 0.0000000000
17814  43.090  -55.099  -17.402 0.0000000000
138763  43.013  -55.235  -18.203 0.0000000000
127936  42.085  -54.787  -19.015 0.0000000000
16991  43.351  -55.612  -18.902 0.0000000000
21233  48.786  -50.585  -16.863 0.0000000000
21234  48.411  -50.938  -16.849 0.0000000000
21246  47.671  -50.774  -17.352 0.0000000000
21235  47.450  -50.998  -16.752 0.0000000000
22096  46.105  -49.847  -13.488 0.0000000000
122436  47.537  -51.066  -14.301 0.0000000000
135423  46.629  -50.413  -14.170 0.0000000000
22118  45.909  -49.990  -14.696 0.0000000000
22119  45.370  -49.418  -14.034 0.0000000000
23066  44.563  -48.861  -13.984 0.0000000000
23043  42.742  -47.991  -11.375 0.0000000000
136263  43.134  -47.972  -12.151 0.0000000000
23963  41.870  -47.473  -11.415 0.0000000000
23965  40.190  -46.908  -10.888 0.0000000000
23950  40.653  -47.255  -10.421 0.0000000000
22986  39.201  -48.148  -8.213 0.0000000000
23918  37.920  -47.739  -8.951 0.0000000000
24980  35.806  -46.122  -16.707 0.0000000000
25949  36.925  -45.040  -15.865 0.0000000000
26912  37.252  -44.360  -16.268 0.0000000000
27868  40.344  -43.388  -16.603 0.0000000000
19469  38.334  -51.930  -19.041 0.0000000000
21259  37.306  -50.688  -18.839 0.0000000000
23980  39.866  -46.807  -12.660 0.0000000000
24888  39.078  -46.620  -12.108 0.0000000000
23983  36.621  -47.864  -12.852 0.0000000000
19422  38.392  -52.682  -13.900 0.0000000000
19433  38.011  -52.745  -14.872 0.0000000000
18555  38.526  -53.057  -15.428 0.0000000000
18566  38.728  -53.175  -16.273 0.0000000000
18565  39.695  -53.577  -16.166 0.0000000000
18563  41.098  -54.131  -16.785 0.0000000000
16980  43.725  -55.374  -16.842 0.0000000000
16106  44.875  -56.167  -16.510 0.0000000000
120076  44.574  -56.284  -18.021 0.0000000000
23055  44.492  -48.751  -12.822 0.0000000000
22084  45.056  -49.319  -12.134 0.0000000000
23042  43.554  -48.442  -11.602 0.0000000000
123870  43.275  -48.544  -10.912 0.0000000000
24953  39.182  -46.464  -15.509 0.0000000000
25947  39.502  -45.580  -15.984 0.0000000000
26930  36.695  -44.167  -17.049 0.0000000000
27871  37.468  -43.530  -16.671 0.0000000000
28846  40.305  -42.456  -16.494 0.0000000000
23030  36.722  -48.631  -10.434 0.0000000000
124776  36.629  -48.643  -11.134 0.0000000000
131074  36.594  -49.886  -11.325 0.0000000000
20303  37.788  -51.642  -12.232 0.0000000000
19415  38.077  -52.259  -13.097 0.0000000000
19421  39.135  -52.897  -13.665 0.0000000000
18541  39.797  -53.234  -13.778 0.0000000000
131458  35.424  -49.088  -16.435 0.0000000000
24028  35.562  -47.804  -15.910 0.0000000000
23124  35.457  -48.362  -16.480 0.0000000000
24058  35.631  -47.617  -17.511 0.0000000000
24057  35.821  -46.950  -17.976 0.0000000000
23167  36.646  -49.059  -19.048 0.0000000000
23153  35.981  -47.827  -18.390 0.0000000000
25960  36.181  -45.392  -17.908 0.0000000000
26948  36.382  -44.770  -18.524 0.0000000000
27906  36.597  -43.922  -18.101 0.0000000000
138158  41.465  -53.629  -20.394 0.0000000000
22141  43.866  -49.195  -15.928 0.0000000000
23121  43.096  -48.756  -16.108 0.0000000000
23102  42.469  -48.476  -15.558 0.0000000000
24011  36.925  -47.188  -14.278 0.0000000000
23088  35.484  -48.723  -14.833 0.0000000000
22098  35.868  -49.379  -13.201 0.0000000000
128033  36.627  -51.703  -13.890 0.0000000000
122630  35.981  -50.993  -13.744 0.0000000000
21197  35.655  -50.095  -13.827 0.0000000000
22121  35.538  -49.179  -14.144 0.0000000000
22142  35.400  -49.386  -15.049 0.0000000000
126247  35.456  -49.628  -15.923 0.0000000000
21238  35.731  -50.449  -16.129 0.0000000000
20359  36.581  -51.210  -17.122 0.0000000000
20358  37.291  -51.828  -17.440 0.0000000000
121140  38.095  -52.749  -16.692 0.0000000000
19447  37.938  -52.477  -17.357 0.0000000000
19457  37.942  -52.112  -18.167 0.0000000000
121652  38.690  -52.593  -18.544 0.0000000000
138276  39.949  -53.545  -18.941 0.0000000000
18602  40.484  -53.726  -19.314 0.0000000000
127207  41.987  -54.181  -13.657 0.0000000000
16067  45.906  -56.787  -13.992 0.0000000000
17778  43.211  -54.832  -14.784 0.0000000000
17780  41.809  -54.268  -15.236 0.0000000000
17788  41.904  -54.370  -16.134 0.0000000000
17798  41.989  -54.452  -17.041 0.0000000000
17797  42.635  -54.755  -17.061 0.0000000000
17816  41.540  -54.510  -18.833 0.0000000000
18601  41.190  -54.095  -19.658 0.0000000000
18619  41.853  -54.290  -20.175 0.0000000000
22160  48.905  -50.238  -17.953 0.0000000000
22159  48.909  -50.121  -17.449 0.0000000000
21258  47.982  -50.486  -17.931 0.0000000000
136007  46.914  -50.372  -17.773 0.0000000000
119242  45.846  -50.385  -16.928 0.0000000000
22152  45.413  -50.109  -16.331 0.0000000000
20332  48.564  -51.516  -14.816 0.0000000000
21222  48.218  -51.243  -16.244 0.0000000000
21223  47.137  -50.993  -16.009 0.0000000000
22139  45.406  -49.907  -15.510 0.0000000000
22140  44.700  -49.565  -15.743 0.0000000000
22120  44.154  -49.048  -15.071 0.0000000000
23068  42.942  -48.081  -13.833 0.0000000000
23989  42.326  -47.628  -13.308 0.0000000000
23057  43.107  -47.856  -12.923 0.0000000000
133251  41.707  -47.344  -12.899 0.0000000000
138483  40.168  -46.787  -11.431 0.0000000000
24873  39.337  -46.705  -11.097 0.0000000000
23952  38.334  -46.946  -10.652 0.0000000000
23934  39.346  -47.291  -9.559 0.0000000000
23935  38.342  -47.294  -9.706 0.0000000000
23953  37.584  -47.437  -10.337 0.0000000000
24956  36.186  -46.530  -15.550 0.0000000000
25929  38.472  -45.605  -15.608 0.0000000000
119946  39.624  -44.711  -16.312 0.0000000000
26910  39.035  -43.979  -16.275 0.0000000000
119487  39.958  -43.992  -16.517 0.0000000000
16066  46.373  -57.323  -14.265 0.0000000000
16992  42.635  -55.161  -18.937 0.0000000000
17829  41.767  -54.523  -19.542 0.0000000000
18589  40.449  -53.917  -18.485 0.0000000000
18603  39.382  -53.116  -18.803 0.0000000000
19413  39.595  -52.859  -13.028 0.0000000000
19437  37.842  -52.698  -15.899 0.0000000000
19482  40.378  -52.588  -20.403 0.0000000000
20353  36.821  -51.789  -16.526 0.0000000000
20365  37.660  -51.451  -18.632 0.0000000000
21195  46.948  -50.565  -13.366 0.0000000000
21216  35.486  -49.910  -14.563 0.0000000000
21224  46.141  -50.423  -15.710 0.0000000000
21237  36.075  -50.658  -16.813 0.0000000000
21247  46.648  -50.666  -17.171 0.0000000000
21248  36.984  -51.135  -18.033 0.0000000000
22075  36.429  -49.193  -11.712 0.0000000000
22154  43.791  -49.028  -16.616 0.0000000000
22164  35.543  -48.860  -17.103 0.0000000000
22175  36.951  -49.875  -18.985 0.0000000000
22176  36.401  -49.514  -18.393 0.0000000000
22186  37.284  -49.388  -19.627 0.0000000000
23027  42.680  -48.359  -10.491 0.0000000000
23029  37.105  -48.052  -10.019 0.0000000000
23041  44.325  -48.832  -11.840 0.0000000000
23084  43.572  -48.551  -14.408 0.0000000000
23086  41.852  -48.185  -15.036 0.0000000000
23101  43.277  -48.757  -15.329 0.0000000000
23139  35.730  -48.407  -17.732 0.0000000000
23948  42.174  -47.842  -10.791 0.0000000000
23951  39.807  -47.034  -10.289 0.0000000000
23964  40.924  -47.062  -11.275 0.0000000000
23966  38.309  -46.739  -11.540 0.0000000000
23978  42.360  -47.555  -12.324 0.0000000000
23990  41.501  -47.557  -13.641 0.0000000000
24012  36.148  -47.596  -14.630 0.0000000000
24013  35.659  -48.066  -15.108 0.0000000000
24027  35.862  -47.283  -15.373 0.0000000000
24045  35.523  -47.587  -16.703 0.0000000000
24979  39.933  -46.346  -15.915 0.0000000000
24989  35.864  -46.161  -17.538 0.0000000000
24990  35.613  -46.844  -17.090 0.0000000000
25021  36.477  -46.798  -19.328 0.0000000000
25930  37.454  -45.648  -15.497 0.0000000000
25931  36.579  -45.809  -15.710 0.0000000000
25950  36.272  -45.442  -16.403 0.0000000000
25978  36.290  -45.475  -18.767 0.0000000000
26899  37.782  -44.850  -15.781 0.0000000000
26911  38.100  -44.080  -16.116 0.0000000000
26913  36.662  -44.752  -16.487 0.0000000000
26968  36.475  -45.064  -19.354 0.0000000000
27870  38.424  -43.320  -16.433 0.0000000000
27905  36.884  -43.188  -17.953 0.0000000000
28847  38.669  -42.631  -16.557 0.0000000000
117368  36.015  -46.112  -16.083 0.0000000000
118641  41.266  -52.879  -20.720 0.0000000000
119247  36.143  -47.098  -18.709 0.0000000000
123750  36.407  -48.339  -18.965 0.0000000000
123841  38.439  -52.674  -17.846 0.0000000000
127113  39.270  -42.210  -16.512 0.0000000000
130573  36.308  -44.952  -17.091 0.0000000000
131997  40.527  -46.840  -12.071 0.0000000000
135074  36.604  -48.101  -12.247 0.0000000000
137101  36.401  -44.622  -17.729 0.0000000000
137875  36.191  -49.878  -17.790 0.0000000000
138550  35.509  -48.163  -17.115 0.0000000000
139263  41.757  -53.258  -20.747 0.0000000000
140774  40.118  -45.266  -16.428 0.0000000000
