#!ascii label  , from subject sub-p022 vox2ras=TkReg
306
76488  26.784  8.854  -28.775 0.0000000000
117894  25.496  0.927  -30.697 0.0000000000
139643  24.694  14.267  -28.234 0.0000000000
90934  25.783  25.954  -29.078 0.0000000000
68315  23.603  -0.773  -30.299 0.0000000000
83563  28.112  16.742  -27.969 0.0000000000
86104  28.384  19.188  -28.070 0.0000000000
75601  22.836  7.950  -30.752 0.0000000000
72781  25.050  4.758  -29.607 0.0000000000
74663  27.212  6.604  -30.464 0.0000000000
139780  28.544  11.011  -29.960 0.0000000000
76531  27.931  8.367  -33.115 0.0000000000
79990  24.123  12.001  -29.111 0.0000000000
80842  28.257  13.862  -28.872 0.0000000000
136489  25.253  22.379  -28.765 0.0000000000
88595  28.970  22.633  -28.667 0.0000000000
136605  27.385  1.979  -31.868 0.0000000000
85245  26.390  18.014  -27.570 0.0000000000
86106  26.308  19.582  -27.680 0.0000000000
133618  23.890  8.836  -29.754 0.0000000000
128548  25.525  7.098  -29.246 0.0000000000
76498  27.097  8.087  -29.333 0.0000000000
117895  24.751  -0.329  -30.618 0.0000000000
79974  24.333  12.869  -28.714 0.0000000000
79971  26.827  12.627  -28.164 0.0000000000
81714  26.512  14.159  -27.723 0.0000000000
85277  29.305  17.845  -29.952 0.0000000000
83573  28.979  16.604  -29.832 0.0000000000
139354  24.662  25.075  -29.429 0.0000000000
88611  24.575  22.246  -29.254 0.0000000000
90188  25.794  24.445  -28.810 0.0000000000
92412  29.262  27.951  -31.492 0.0000000000
91672  29.721  26.658  -31.171 0.0000000000
89407  29.241  24.258  -29.092 0.0000000000
128603  30.152  24.207  -30.737 0.0000000000
88620  30.064  22.797  -30.134 0.0000000000
72795  27.066  3.888  -31.033 0.0000000000
117653  25.167  3.829  -29.696 0.0000000000
67401  22.905  -1.217  -30.062 0.0000000000
82690  25.687  15.377  -27.616 0.0000000000
83550  26.018  16.589  -27.547 0.0000000000
84424  27.883  17.542  -27.737 0.0000000000
85262  29.456  19.147  -29.633 0.0000000000
73750  22.215  5.897  -30.814 0.0000000000
74678  23.829  6.416  -30.046 0.0000000000
73724  26.584  5.705  -29.924 0.0000000000
73735  27.451  4.862  -31.987 0.0000000000
77420  28.068  9.991  -29.357 0.0000000000
76497  27.692  8.619  -29.871 0.0000000000
118549  28.401  9.809  -31.003 0.0000000000
77424  23.906  9.705  -29.626 0.0000000000
79153  23.061  11.091  -29.993 0.0000000000
140375  24.932  10.718  -28.810 0.0000000000
79135  27.377  11.376  -28.482 0.0000000000
79969  28.294  12.289  -29.003 0.0000000000
80869  28.512  13.305  -31.161 0.0000000000
82688  27.780  15.098  -27.956 0.0000000000
81747  28.633  14.726  -30.500 0.0000000000
87812  25.594  21.129  -28.227 0.0000000000
91638  27.873  26.047  -28.741 0.0000000000
90186  27.822  24.589  -28.564 0.0000000000
131017  27.453  23.065  -28.236 0.0000000000
123853  26.381  21.011  -27.811 0.0000000000
86925  28.524  20.931  -28.167 0.0000000000
122056  29.806  21.144  -29.963 0.0000000000
138258  24.871  1.978  -30.132 0.0000000000
72797  24.101  4.217  -29.809 0.0000000000
76520  27.620  7.378  -32.034 0.0000000000
74698  27.758  5.399  -33.581 0.0000000000
86095  25.885  18.846  -27.762 0.0000000000
134028  25.560  19.488  -27.958 0.0000000000
76500  24.821  8.677  -29.061 0.0000000000
119257  25.460  7.844  -28.994 0.0000000000
126058  26.353  8.140  -28.918 0.0000000000
66451  23.169  -3.053  -29.960 0.0000000000
119422  25.350  0.182  -30.796 0.0000000000
80826  24.540  13.721  -28.426 0.0000000000
79973  25.208  13.111  -28.292 0.0000000000
131693  25.368  13.994  -27.933 0.0000000000
85276  29.435  18.513  -30.247 0.0000000000
84463  29.335  17.809  -30.866 0.0000000000
90202  24.173  24.556  -29.658 0.0000000000
89408  25.327  23.723  -28.967 0.0000000000
90211  30.079  25.144  -30.544 0.0000000000
89429  29.996  23.959  -31.698 0.0000000000
71877  27.588  3.133  -32.229 0.0000000000
70169  22.597  1.356  -30.073 0.0000000000
82691  24.810  15.828  -28.044 0.0000000000
83564  25.183  16.641  -27.886 0.0000000000
129932  27.673  18.854  -27.716 0.0000000000
85244  27.397  18.196  -27.579 0.0000000000
85254  28.174  18.318  -27.935 0.0000000000
85253  28.721  18.534  -28.458 0.0000000000
86118  29.091  19.264  -28.744 0.0000000000
140245  24.505  26.588  -29.558 0.0000000000
74679  22.931  6.452  -30.662 0.0000000000
125759  23.476  7.044  -30.346 0.0000000000
74664  26.824  6.551  -29.861 0.0000000000
74665  26.003  6.466  -29.413 0.0000000000
74677  27.123  5.818  -30.653 0.0000000000
73736  27.149  4.829  -30.847 0.0000000000
131042  24.487  -1.991  -30.517 0.0000000000
78307  28.417  10.291  -30.032 0.0000000000
77433  22.648  9.457  -30.799 0.0000000000
128652  23.327  11.906  -29.666 0.0000000000
79152  23.830  11.152  -29.445 0.0000000000
79138  24.632  11.240  -28.933 0.0000000000
79137  25.527  11.110  -28.574 0.0000000000
124450  26.114  11.924  -28.338 0.0000000000
138954  27.528  12.865  -28.329 0.0000000000
79970  27.629  12.220  -28.480 0.0000000000
129345  28.400  13.057  -29.306 0.0000000000
129757  28.588  13.141  -30.146 0.0000000000
137665  28.508  13.684  -29.642 0.0000000000
82673  27.424  15.997  -27.682 0.0000000000
82689  26.760  15.068  -27.543 0.0000000000
120248  28.200  15.872  -28.335 0.0000000000
120011  28.826  15.878  -30.022 0.0000000000
131692  28.603  15.047  -31.249 0.0000000000
87823  24.276  21.429  -29.198 0.0000000000
87813  25.089  21.648  -28.709 0.0000000000
86929  24.825  20.669  -28.651 0.0000000000
91663  29.525  27.023  -30.405 0.0000000000
92403  29.217  27.884  -30.511 0.0000000000
90917  28.059  25.247  -28.689 0.0000000000
89393  29.126  23.469  -28.854 0.0000000000
89394  28.510  24.028  -28.642 0.0000000000
88596  28.114  22.444  -28.246 0.0000000000
88597  27.162  22.312  -27.918 0.0000000000
87810  27.858  21.637  -27.948 0.0000000000
86926  27.481  20.737  -27.757 0.0000000000
87809  28.730  21.789  -28.439 0.0000000000
88631  30.010  22.314  -30.692 0.0000000000
87822  29.864  22.023  -29.793 0.0000000000
87834  29.875  21.629  -30.525 0.0000000000
125131  29.732  20.958  -30.821 0.0000000000
117879  23.037  2.846  -29.988 0.0000000000
73738  23.455  5.588  -30.274 0.0000000000
139300  23.088  5.158  -30.491 0.0000000000
73737  24.018  5.041  -29.869 0.0000000000
118586  26.727  2.198  -31.348 0.0000000000
71879  25.995  3.029  -30.160 0.0000000000
70984  25.748  2.343  -30.325 0.0000000000
118424  26.200  1.559  -30.912 0.0000000000
76519  27.872  8.305  -31.994 0.0000000000
76510  27.703  8.073  -30.925 0.0000000000
135975  27.708  7.629  -32.950 0.0000000000
84425  24.849  17.386  -28.185 0.0000000000
85255  25.355  18.126  -27.955 0.0000000000
86094  26.833  18.870  -27.589 0.0000000000
86105  27.408  19.659  -27.690 0.0000000000
75600  23.533  7.851  -30.261 0.0000000000
75599  24.135  7.183  -29.824 0.0000000000
75589  24.402  7.944  -29.513 0.0000000000
75587  26.413  7.334  -29.292 0.0000000000
75586  27.186  7.251  -29.902 0.0000000000
141910  24.123  -0.532  -30.441 0.0000000000
67399  24.460  -1.153  -30.542 0.0000000000
118421  25.308  -1.015  -30.777 0.0000000000
67397  26.005  -1.171  -30.911 0.0000000000
79174  28.606  11.666  -31.466 0.0000000000
121793  28.552  10.961  -32.023 0.0000000000
79991  23.551  12.731  -29.301 0.0000000000
122577  25.086  12.116  -28.557 0.0000000000
79972  25.869  12.623  -28.232 0.0000000000
80825  26.197  13.335  -27.981 0.0000000000
80824  27.417  13.577  -28.138 0.0000000000
84435  29.067  17.372  -29.335 0.0000000000
83562  28.667  16.660  -28.768 0.0000000000
84446  29.215  17.310  -30.153 0.0000000000
118498  29.119  16.996  -30.802 0.0000000000
88610  24.907  22.996  -29.181 0.0000000000
89396  26.159  23.688  -28.537 0.0000000000
121734  29.497  27.364  -31.093 0.0000000000
90943  29.850  26.092  -30.290 0.0000000000
90931  29.430  25.864  -29.445 0.0000000000
90199  29.895  24.475  -29.796 0.0000000000
89406  29.615  23.729  -29.413 0.0000000000
88609  29.655  22.888  -29.347 0.0000000000
89418  30.067  23.552  -30.023 0.0000000000
127391  30.135  23.207  -30.949 0.0000000000
72780  26.341  4.796  -29.976 0.0000000000
72796  26.161  3.887  -30.065 0.0000000000
71878  26.908  3.031  -31.208 0.0000000000
67381  22.262  -1.741  -29.760 0.0000000000
68317  22.077  -0.788  -29.887 0.0000000000
68316  22.752  -0.200  -30.145 0.0000000000
69277  23.732  0.070  -30.346 0.0000000000
70168  23.535  1.072  -30.163 0.0000000000
70167  24.398  1.309  -30.204 0.0000000000
81717  24.111  14.481  -28.637 0.0000000000
81716  24.915  14.837  -28.021 0.0000000000
82674  26.406  15.913  -27.497 0.0000000000
83549  26.803  16.494  -27.462 0.0000000000
84415  25.682  17.320  -27.703 0.0000000000
84414  26.573  17.141  -27.488 0.0000000000
84423  28.595  17.626  -28.424 0.0000000000
85263  29.191  18.308  -29.188 0.0000000000
86135  29.518  19.401  -30.576 0.0000000000
90936  23.996  25.348  -29.739 0.0000000000
90935  24.762  25.862  -29.398 0.0000000000
73726  24.386  5.684  -29.719 0.0000000000
74666  24.859  6.533  -29.461 0.0000000000
73725  25.524  5.663  -29.532 0.0000000000
72794  27.504  3.819  -32.253 0.0000000000
72812  28.283  3.487  -32.698 0.0000000000
77406  26.952  9.785  -28.560 0.0000000000
140072  27.346  8.689  -29.155 0.0000000000
77421  27.628  9.311  -29.061 0.0000000000
76509  28.076  8.921  -30.963 0.0000000000
77441  28.229  9.219  -32.163 0.0000000000
78316  28.470  10.190  -32.017 0.0000000000
129944  28.193  9.075  -33.270 0.0000000000
128696  28.139  8.472  -34.078 0.0000000000
76511  23.123  8.703  -30.494 0.0000000000
77423  24.478  9.460  -29.212 0.0000000000
78297  23.545  10.350  -29.798 0.0000000000
78296  24.407  10.333  -29.177 0.0000000000
77407  26.044  9.522  -28.552 0.0000000000
78280  26.244  10.396  -28.465 0.0000000000
78279  27.128  10.624  -28.495 0.0000000000
78294  28.234  10.761  -29.200 0.0000000000
129772  26.906  11.867  -28.293 0.0000000000
79134  28.068  11.501  -28.789 0.0000000000
79151  28.456  11.593  -29.464 0.0000000000
80004  28.601  12.454  -30.820 0.0000000000
81715  25.838  14.666  -27.645 0.0000000000
133828  27.344  14.445  -27.841 0.0000000000
81713  27.905  14.387  -28.293 0.0000000000
82687  28.641  15.859  -29.215 0.0000000000
82701  28.345  14.947  -28.814 0.0000000000
81731  28.536  14.398  -29.627 0.0000000000
80857  28.577  13.925  -30.389 0.0000000000
86930  24.326  19.928  -28.779 0.0000000000
91652  26.313  26.836  -29.139 0.0000000000
133931  27.248  26.667  -28.924 0.0000000000
90933  26.769  26.007  -28.798 0.0000000000
90919  26.275  25.209  -28.773 0.0000000000
90187  26.821  24.380  -28.518 0.0000000000
137532  26.915  23.592  -28.338 0.0000000000
90185  28.630  24.786  -28.837 0.0000000000
89395  27.648  23.815  -28.431 0.0000000000
128746  26.539  22.961  -28.202 0.0000000000
88598  26.031  22.033  -28.056 0.0000000000
86928  25.710  20.286  -27.963 0.0000000000
86927  26.644  20.266  -27.682 0.0000000000
123935  28.346  20.065  -28.020 0.0000000000
87808  29.450  21.985  -28.934 0.0000000000
86924  29.219  21.164  -28.728 0.0000000000
86103  29.054  20.227  -28.606 0.0000000000
86117  29.466  19.856  -29.346 0.0000000000
141122  29.588  19.649  -29.915 0.0000000000
70985  23.611  1.963  -29.925 0.0000000000
72798  23.273  4.221  -30.196 0.0000000000
118429  23.552  3.514  -29.955 0.0000000000
117902  23.900  2.715  -29.861 0.0000000000
75598  27.443  7.854  -30.127 0.0000000000
75597  27.473  7.102  -30.927 0.0000000000
75621  27.679  6.654  -33.329 0.0000000000
75610  27.481  6.328  -32.322 0.0000000000
74676  27.342  6.050  -31.404 0.0000000000
73749  27.763  4.520  -33.302 0.0000000000
66470  23.045  -2.163  -30.069 0.0000000000
67400  23.728  -1.654  -30.323 0.0000000000
69276  24.534  0.558  -30.435 0.0000000000
73739  22.756  5.477  -30.667 0.0000000000
74688  27.504  5.383  -32.590 0.0000000000
75588  24.868  7.312  -29.342 0.0000000000
76499  25.798  8.704  -28.737 0.0000000000
77422  25.189  9.380  -28.782 0.0000000000
77431  28.157  9.457  -29.994 0.0000000000
77432  23.337  9.557  -30.190 0.0000000000
78278  27.759  10.878  -28.690 0.0000000000
78281  25.283  10.182  -28.692 0.0000000000
78295  27.674  10.206  -28.807 0.0000000000
78308  22.915  10.308  -30.451 0.0000000000
79136  26.549  11.212  -28.397 0.0000000000
79164  28.629  11.657  -30.387 0.0000000000
79165  22.497  11.057  -30.675 0.0000000000
79989  28.573  12.372  -29.804 0.0000000000
80823  28.031  12.982  -28.628 0.0000000000
80827  23.759  13.585  -28.945 0.0000000000
82700  28.654  15.217  -29.776 0.0000000000
84413  27.400  16.894  -27.563 0.0000000000
86942  29.548  20.667  -29.292 0.0000000000
86953  29.674  20.251  -30.151 0.0000000000
87811  26.985  21.562  -27.760 0.0000000000
87842  29.731  21.717  -31.393 0.0000000000
88599  25.686  22.972  -28.581 0.0000000000
90200  29.349  25.044  -29.297 0.0000000000
90920  25.365  25.169  -29.096 0.0000000000
90932  28.731  25.569  -28.924 0.0000000000
90954  29.946  25.795  -31.288 0.0000000000
119836  28.353  9.729  -32.912 0.0000000000
121878  29.490  20.181  -31.172 0.0000000000
124065  23.044  7.311  -30.653 0.0000000000
125915  28.589  10.799  -30.967 0.0000000000
129803  27.165  17.553  -27.485 0.0000000000
131927  28.340  23.235  -28.489 0.0000000000
132926  29.615  21.400  -29.291 0.0000000000
134168  22.947  0.592  -30.189 0.0000000000
134403  23.415  4.838  -30.205 0.0000000000
134910  29.902  22.524  -31.440 0.0000000000
136882  28.754  19.677  -28.355 0.0000000000
137658  25.583  16.060  -27.659 0.0000000000
140121  24.809  9.832  -28.909 0.0000000000
