#!ascii label  , from subject sub-p020 vox2ras=TkReg
360
75970  -26.349  8.767  -32.314 0.0000000000
71487  -23.740  3.742  -29.061 0.0000000000
72408  -28.698  4.844  -31.468 0.0000000000
68962  -26.533  0.086  -29.669 0.0000000000
85633  -26.074  20.740  -30.945 0.0000000000
83215  -27.010  17.652  -32.518 0.0000000000
79328  -23.872  12.689  -30.250 0.0000000000
64517  -26.441  -4.130  -27.816 0.0000000000
69759  -24.608  1.824  -29.362 0.0000000000
68097  -24.202  -0.250  -28.421 0.0000000000
84885  -26.538  19.886  -31.581 0.0000000000
83200  -25.102  16.578  -31.684 0.0000000000
75046  -23.660  7.790  -29.485 0.0000000000
76770  -22.215  9.772  -28.563 0.0000000000
77654  -25.272  10.812  -31.555 0.0000000000
80157  -27.000  13.777  -33.646 0.0000000000
78507  -27.387  11.160  -34.236 0.0000000000
76833  -28.905  9.480  -33.681 0.0000000000
73232  -22.187  5.673  -27.792 0.0000000000
130766  -24.930  6.035  -30.204 0.0000000000
74197  -27.643  6.866  -31.945 0.0000000000
72396  -26.601  4.123  -30.617 0.0000000000
70626  -27.444  2.520  -30.653 0.0000000000
68976  -29.410  0.488  -30.242 0.0000000000
119661  -22.934  14.543  -29.387 0.0000000000
132053  -26.081  14.939  -32.856 0.0000000000
82450  -27.933  16.152  -32.617 0.0000000000
66297  -24.159  -2.200  -27.263 0.0000000000
66312  -26.289  -2.414  -28.390 0.0000000000
68938  -23.154  0.350  -27.832 0.0000000000
68083  -22.923  -0.350  -27.376 0.0000000000
131546  -24.786  17.536  -30.998 0.0000000000
82419  -23.595  15.775  -29.803 0.0000000000
75944  -25.122  8.314  -30.729 0.0000000000
75943  -24.724  9.156  -30.552 0.0000000000
76812  -25.581  9.666  -31.698 0.0000000000
78496  -26.303  11.465  -33.094 0.0000000000
76830  -26.860  9.798  -33.337 0.0000000000
77674  -28.508  10.204  -34.078 0.0000000000
130721  -27.804  8.975  -33.302 0.0000000000
72369  -23.256  4.373  -28.749 0.0000000000
119482  -23.590  6.078  -29.280 0.0000000000
72384  -23.922  4.575  -29.321 0.0000000000
73273  -25.245  5.293  -30.264 0.0000000000
71499  -24.884  3.894  -29.824 0.0000000000
68961  -25.598  0.428  -29.453 0.0000000000
69771  -26.048  1.912  -30.089 0.0000000000
68973  -27.329  1.194  -30.358 0.0000000000
123809  -28.060  0.996  -30.476 0.0000000000
68120  -28.027  -0.210  -29.963 0.0000000000
121309  -24.958  19.958  -30.123 0.0000000000
85619  -24.804  20.646  -29.610 0.0000000000
86407  -25.791  21.520  -30.479 0.0000000000
87215  -26.287  22.746  -30.579 0.0000000000
122789  -27.092  21.819  -30.745 0.0000000000
83976  -26.531  18.314  -32.320 0.0000000000
78463  -23.201  11.692  -29.505 0.0000000000
79300  -22.309  12.440  -28.811 0.0000000000
80126  -23.391  13.966  -29.779 0.0000000000
80902  -24.973  14.810  -31.339 0.0000000000
128114  -25.274  14.349  -31.534 0.0000000000
80149  -28.287  14.037  -33.301 0.0000000000
80914  -27.743  14.858  -33.573 0.0000000000
80908  -28.764  14.854  -31.768 0.0000000000
74198  -28.107  6.227  -31.739 0.0000000000
74209  -28.785  7.100  -32.144 0.0000000000
64502  -24.697  -4.086  -26.511 0.0000000000
65339  -24.877  -3.370  -27.036 0.0000000000
66310  -24.644  -1.848  -27.684 0.0000000000
65352  -26.644  -3.335  -28.290 0.0000000000
70602  -22.930  2.073  -27.974 0.0000000000
70612  -24.113  2.380  -29.169 0.0000000000
69746  -23.435  1.653  -28.377 0.0000000000
68950  -24.275  0.482  -28.737 0.0000000000
68107  -24.957  0.067  -28.896 0.0000000000
84869  -25.577  19.965  -31.036 0.0000000000
119461  -26.163  20.184  -31.394 0.0000000000
124511  -25.717  18.875  -31.956 0.0000000000
83974  -25.707  18.202  -32.174 0.0000000000
83214  -26.370  17.458  -32.701 0.0000000000
75039  -22.302  7.865  -28.448 0.0000000000
125449  -22.797  8.674  -28.852 0.0000000000
76802  -23.703  10.223  -29.832 0.0000000000
78483  -24.917  11.976  -31.239 0.0000000000
79337  -25.765  13.333  -32.144 0.0000000000
78495  -25.941  12.391  -32.737 0.0000000000
79353  -27.142  12.277  -33.998 0.0000000000
79355  -28.297  12.574  -33.696 0.0000000000
78509  -28.878  11.776  -33.558 0.0000000000
63707  -27.287  -5.494  -27.572 0.0000000000
64528  -27.201  -4.152  -28.266 0.0000000000
73258  -23.026  6.587  -28.818 0.0000000000
74164  -23.682  6.941  -29.421 0.0000000000
75057  -25.583  7.607  -30.912 0.0000000000
75084  -26.881  7.835  -32.525 0.0000000000
73284  -26.435  6.463  -31.221 0.0000000000
73285  -26.994  5.824  -31.211 0.0000000000
72407  -28.046  4.408  -31.130 0.0000000000
70624  -25.706  2.775  -30.081 0.0000000000
71502  -27.053  3.297  -30.646 0.0000000000
131414  -27.987  3.345  -30.959 0.0000000000
70628  -29.125  2.345  -31.090 0.0000000000
69776  -30.052  1.640  -30.521 0.0000000000
86424  -27.069  21.269  -30.887 0.0000000000
81684  -23.898  15.300  -30.201 0.0000000000
82438  -25.383  15.700  -31.905 0.0000000000
82447  -26.151  16.085  -33.306 0.0000000000
80919  -26.434  14.442  -33.070 0.0000000000
82448  -26.696  15.817  -33.553 0.0000000000
82440  -27.622  16.944  -32.526 0.0000000000
75973  -28.041  8.185  -32.922 0.0000000000
75095  -29.849  8.153  -32.820 0.0000000000
66282  -22.573  -1.564  -26.278 0.0000000000
67234  -23.898  -1.518  -27.550 0.0000000000
67246  -25.426  -1.279  -28.481 0.0000000000
67260  -26.564  -1.409  -28.904 0.0000000000
65353  -27.521  -3.348  -28.590 0.0000000000
66328  -27.534  -2.461  -28.887 0.0000000000
68109  -27.699  -0.863  -29.620 0.0000000000
82418  -23.052  15.874  -29.262 0.0000000000
116972  -25.808  8.220  -31.494 0.0000000000
75957  -25.351  8.957  -31.315 0.0000000000
75958  -26.005  8.828  -31.838 0.0000000000
133909  -26.513  9.942  -32.813 0.0000000000
76822  -26.626  9.238  -32.710 0.0000000000
76831  -27.390  9.653  -33.829 0.0000000000
75971  -26.729  8.488  -32.621 0.0000000000
71477  -23.187  3.437  -28.547 0.0000000000
72368  -22.719  4.114  -28.185 0.0000000000
72385  -24.647  4.616  -29.783 0.0000000000
124754  -24.314  4.019  -29.471 0.0000000000
69761  -26.446  1.010  -30.005 0.0000000000
68974  -27.419  0.454  -30.099 0.0000000000
68963  -27.287  -0.254  -29.736 0.0000000000
85620  -25.422  20.694  -30.373 0.0000000000
86422  -26.586  21.380  -30.778 0.0000000000
87229  -26.318  22.044  -30.617 0.0000000000
86423  -26.968  21.233  -30.837 0.0000000000
83964  -27.165  18.434  -31.889 0.0000000000
83954  -27.395  19.193  -31.375 0.0000000000
83955  -27.804  18.398  -31.121 0.0000000000
78472  -23.694  11.819  -29.987 0.0000000000
78462  -22.673  11.556  -29.020 0.0000000000
79318  -23.367  12.503  -29.748 0.0000000000
80125  -22.936  13.165  -29.450 0.0000000000
133358  -23.530  13.220  -29.935 0.0000000000
80134  -24.038  13.609  -30.432 0.0000000000
118836  -24.682  13.581  -30.987 0.0000000000
73287  -28.579  5.629  -31.621 0.0000000000
73295  -28.891  6.211  -31.852 0.0000000000
117835  -29.240  5.290  -31.711 0.0000000000
64516  -25.836  -4.483  -27.353 0.0000000000
64503  -25.369  -4.745  -26.790 0.0000000000
64515  -25.303  -4.055  -27.031 0.0000000000
65340  -25.655  -3.582  -27.511 0.0000000000
65351  -25.894  -2.859  -27.933 0.0000000000
135734  -26.175  -3.446  -27.879 0.0000000000
134225  -23.087  1.393  -27.956 0.0000000000
68096  -23.496  -0.107  -28.004 0.0000000000
68949  -23.678  0.387  -28.315 0.0000000000
135789  -25.024  18.466  -30.912 0.0000000000
84883  -25.446  19.079  -31.352 0.0000000000
83194  -24.444  16.480  -30.715 0.0000000000
83201  -25.290  17.549  -31.822 0.0000000000
83213  -25.725  17.253  -32.430 0.0000000000
135895  -22.941  8.021  -29.085 0.0000000000
118028  -23.534  8.617  -29.375 0.0000000000
76811  -25.082  9.922  -30.972 0.0000000000
76803  -24.334  10.082  -30.394 0.0000000000
77646  -24.590  10.929  -30.850 0.0000000000
77645  -23.997  11.001  -30.207 0.0000000000
78484  -25.459  12.345  -31.933 0.0000000000
118125  -25.733  11.374  -32.279 0.0000000000
78506  -26.740  11.360  -33.886 0.0000000000
79354  -27.635  12.861  -33.928 0.0000000000
78508  -28.015  11.796  -34.075 0.0000000000
116400  -28.914  12.406  -33.206 0.0000000000
77675  -29.347  10.194  -33.687 0.0000000000
76834  -29.744  9.469  -33.302 0.0000000000
62800  -27.571  -6.087  -27.070 0.0000000000
131733  -22.020  6.431  -27.752 0.0000000000
74152  -22.477  6.261  -28.281 0.0000000000
74165  -24.373  6.455  -29.838 0.0000000000
74178  -25.184  6.796  -30.499 0.0000000000
74179  -26.009  7.005  -31.087 0.0000000000
117832  -25.681  6.219  -30.647 0.0000000000
72395  -25.902  4.691  -30.501 0.0000000000
73274  -26.162  5.618  -30.741 0.0000000000
136700  -26.611  5.056  -30.748 0.0000000000
72406  -27.304  4.861  -30.892 0.0000000000
70613  -24.834  2.583  -29.631 0.0000000000
126454  -25.293  2.068  -29.740 0.0000000000
69772  -26.939  1.818  -30.386 0.0000000000
70625  -26.587  2.593  -30.396 0.0000000000
70627  -28.303  2.399  -30.902 0.0000000000
70636  -28.727  2.965  -31.185 0.0000000000
68975  -28.811  0.728  -30.458 0.0000000000
69775  -29.457  1.147  -30.541 0.0000000000
68977  -30.105  0.791  -30.007 0.0000000000
85635  -26.909  20.616  -31.183 0.0000000000
76769  -21.656  9.432  -28.060 0.0000000000
128193  -22.458  14.393  -28.924 0.0000000000
80892  -23.081  15.023  -29.467 0.0000000000
81676  -23.330  15.385  -29.613 0.0000000000
80893  -23.633  14.923  -29.974 0.0000000000
81691  -25.022  15.294  -31.448 0.0000000000
81692  -25.527  15.124  -32.060 0.0000000000
81698  -25.848  15.547  -32.771 0.0000000000
79351  -26.261  13.210  -33.017 0.0000000000
80148  -26.168  13.940  -32.673 0.0000000000
125708  -26.809  14.315  -33.444 0.0000000000
81701  -27.891  15.561  -33.160 0.0000000000
81700  -27.229  15.418  -33.653 0.0000000000
82449  -27.341  16.156  -33.250 0.0000000000
82441  -28.286  16.333  -31.643 0.0000000000
75074  -27.206  7.343  -32.303 0.0000000000
75085  -27.431  7.755  -32.661 0.0000000000
74208  -27.950  7.385  -32.409 0.0000000000
75087  -29.506  7.506  -32.470 0.0000000000
66284  -23.816  -2.538  -26.706 0.0000000000
66283  -23.191  -2.324  -26.140 0.0000000000
66296  -23.398  -1.899  -26.900 0.0000000000
67233  -23.125  -1.162  -27.136 0.0000000000
66311  -25.463  -1.922  -28.052 0.0000000000
67247  -26.059  -1.674  -28.583 0.0000000000
67259  -25.951  -0.994  -28.798 0.0000000000
64529  -27.809  -4.088  -28.426 0.0000000000
67261  -27.367  -1.596  -29.207 0.0000000000
69737  -22.881  0.912  -27.693 0.0000000000
68937  -22.553  0.353  -27.271 0.0000000000
83193  -23.875  16.354  -29.939 0.0000000000
82428  -24.160  15.777  -30.440 0.0000000000
75056  -24.363  8.457  -29.926 0.0000000000
77655  -25.785  10.359  -32.080 0.0000000000
77663  -26.206  10.543  -32.625 0.0000000000
77664  -26.580  10.592  -33.333 0.0000000000
77672  -26.957  10.416  -34.057 0.0000000000
124381  -28.093  10.894  -34.248 0.0000000000
77673  -27.709  10.276  -34.224 0.0000000000
76832  -28.096  9.502  -33.969 0.0000000000
121271  -28.452  8.890  -33.342 0.0000000000
73246  -22.719  5.183  -28.386 0.0000000000
135931  -22.999  5.870  -28.759 0.0000000000
73259  -23.409  5.249  -29.067 0.0000000000
73260  -24.288  5.464  -29.683 0.0000000000
72394  -25.252  4.448  -30.136 0.0000000000
71500  -25.671  3.765  -30.248 0.0000000000
69760  -25.311  1.278  -29.569 0.0000000000
69773  -27.795  1.737  -30.624 0.0000000000
128547  -28.261  0.367  -30.264 0.0000000000
68121  -28.894  -0.091  -30.144 0.0000000000
84856  -24.373  19.887  -29.335 0.0000000000
86406  -25.194  21.238  -29.874 0.0000000000
84894  -26.770  19.182  -31.928 0.0000000000
84886  -27.065  19.976  -31.478 0.0000000000
79299  -21.583  11.957  -28.103 0.0000000000
80112  -22.382  13.573  -28.870 0.0000000000
126633  -23.860  14.385  -30.265 0.0000000000
80135  -24.621  14.229  -30.917 0.0000000000
80907  -25.653  14.638  -32.047 0.0000000000
80158  -27.402  13.657  -33.785 0.0000000000
124433  -27.121  14.344  -33.671 0.0000000000
80922  -27.555  14.235  -33.712 0.0000000000
80915  -28.388  14.859  -32.807 0.0000000000
81693  -28.341  15.552  -32.193 0.0000000000
124194  -28.231  6.794  -31.944 0.0000000000
74210  -29.583  6.670  -32.097 0.0000000000
65328  -24.231  -3.204  -26.579 0.0000000000
124623  -24.437  -2.760  -26.998 0.0000000000
66298  -25.028  -2.624  -27.490 0.0000000000
127715  -22.641  3.081  -27.970 0.0000000000
70603  -23.248  2.531  -28.417 0.0000000000
70611  -23.664  2.899  -28.910 0.0000000000
133939  -23.664  2.198  -28.725 0.0000000000
69758  -23.965  1.671  -28.869 0.0000000000
115413  -23.346  0.923  -28.139 0.0000000000
69747  -23.821  1.010  -28.584 0.0000000000
127585  -24.439  1.128  -29.063 0.0000000000
68960  -24.877  0.656  -29.156 0.0000000000
68108  -25.781  -0.318  -29.148 0.0000000000
83941  -24.231  19.031  -29.434 0.0000000000
133401  -24.570  19.312  -29.899 0.0000000000
85634  -26.689  20.635  -31.095 0.0000000000
84884  -25.912  19.547  -31.732 0.0000000000
83963  -25.341  18.286  -31.577 0.0000000000
84893  -26.144  18.931  -32.165 0.0000000000
83975  -26.075  18.067  -32.457 0.0000000000
75931  -22.639  9.358  -28.794 0.0000000000
75942  -24.055  9.343  -29.811 0.0000000000
75932  -23.244  9.506  -29.294 0.0000000000
76789  -22.743  10.070  -29.064 0.0000000000
77637  -23.487  11.005  -29.683 0.0000000000
78473  -24.255  11.908  -30.529 0.0000000000
79336  -25.082  13.062  -31.417 0.0000000000
78505  -26.471  12.339  -33.495 0.0000000000
134007  -27.177  13.175  -33.853 0.0000000000
80159  -27.928  13.443  -33.754 0.0000000000
80150  -28.862  13.461  -32.655 0.0000000000
125825  -29.249  12.691  -32.498 0.0000000000
78497  -29.499  11.891  -32.810 0.0000000000
121799  -28.764  10.973  -33.896 0.0000000000
72409  -29.424  4.403  -31.636 0.0000000000
63706  -26.643  -5.491  -27.419 0.0000000000
63720  -26.962  -4.902  -27.893 0.0000000000
116290  -22.543  7.015  -28.477 0.0000000000
75045  -23.010  7.356  -28.909 0.0000000000
75047  -24.581  7.470  -30.113 0.0000000000
75959  -26.348  8.105  -32.160 0.0000000000
75072  -26.203  7.596  -31.651 0.0000000000
74195  -26.507  7.099  -31.665 0.0000000000
74196  -27.009  6.813  -31.787 0.0000000000
130610  -27.521  6.275  -31.646 0.0000000000
73286  -27.908  5.467  -31.367 0.0000000000
71488  -24.350  3.247  -29.447 0.0000000000
71489  -25.083  3.251  -29.855 0.0000000000
71501  -26.324  3.296  -30.408 0.0000000000
72397  -27.411  4.019  -30.840 0.0000000000
71511  -28.834  3.781  -31.416 0.0000000000
70637  -29.385  3.063  -31.323 0.0000000000
69774  -28.725  1.573  -30.771 0.0000000000
131087  -29.488  1.817  -30.833 0.0000000000
85621  -27.253  20.639  -31.001 0.0000000000
82429  -24.751  15.791  -31.163 0.0000000000
80901  -24.238  14.819  -30.576 0.0000000000
81685  -24.498  15.269  -30.842 0.0000000000
82439  -25.695  16.260  -32.556 0.0000000000
127623  -26.095  16.746  -32.984 0.0000000000
80141  -25.231  13.832  -31.469 0.0000000000
124009  -26.037  14.444  -32.553 0.0000000000
80921  -27.135  14.875  -33.775 0.0000000000
81709  -26.768  15.272  -33.713 0.0000000000
81699  -26.349  15.427  -33.438 0.0000000000
124572  -26.745  16.731  -33.135 0.0000000000
83202  -27.656  17.713  -31.742 0.0000000000
75972  -27.344  8.346  -32.840 0.0000000000
75086  -28.678  7.757  -32.668 0.0000000000
132567  -29.192  8.095  -32.864 0.0000000000
75979  -29.264  8.732  -33.162 0.0000000000
67232  -22.469  -0.891  -26.690 0.0000000000
68084  -23.684  -0.746  -27.820 0.0000000000
67245  -24.615  -1.167  -28.141 0.0000000000
68098  -25.120  -0.663  -28.682 0.0000000000
115851  -26.725  -0.772  -29.306 0.0000000000
66313  -26.971  -2.732  -28.585 0.0000000000
66327  -26.787  -2.031  -28.734 0.0000000000
75073  -26.677  7.447  -32.123 0.0000000000
75978  -28.707  8.343  -32.998 0.0000000000
76790  -23.212  10.328  -29.436 0.0000000000
76821  -26.143  9.561  -32.286 0.0000000000
76823  -27.206  9.108  -33.004 0.0000000000
79317  -22.891  12.283  -29.336 0.0000000000
79329  -24.461  12.866  -30.797 0.0000000000
79352  -26.760  13.143  -33.608 0.0000000000
80142  -25.763  14.126  -32.023 0.0000000000
80156  -26.592  13.844  -33.241 0.0000000000
80160  -28.571  13.107  -33.244 0.0000000000
80920  -26.699  14.879  -33.535 0.0000000000
118148  -26.380  -4.892  -27.562 0.0000000000
126199  -23.394  14.598  -29.767 0.0000000000
135325  -25.339  11.644  -31.751 0.0000000000
