#!ascii label  , from subject sub-p020 vox2ras=TkReg
321
69763  -31.218  1.511  -28.841 0.0000000000
72408  -28.698  4.844  -31.468 0.0000000000
83215  -27.010  17.652  -32.518 0.0000000000
80916  -28.839  14.130  -32.282 0.0000000000
77667  -31.959  9.929  -32.045 0.0000000000
129965  -33.493  6.414  -30.018 0.0000000000
84885  -26.538  19.886  -31.581 0.0000000000
79345  -29.960  12.084  -32.085 0.0000000000
76833  -28.905  9.480  -33.681 0.0000000000
71503  -30.508  3.064  -30.695 0.0000000000
73275  -30.964  5.162  -30.995 0.0000000000
71492  -32.267  4.189  -28.941 0.0000000000
64530  -28.329  -4.249  -28.237 0.0000000000
68976  -29.410  0.488  -30.242 0.0000000000
89205  -25.931  24.962  -30.443 0.0000000000
87951  -27.019  23.757  -30.738 0.0000000000
87216  -27.542  22.079  -30.644 0.0000000000
85613  -28.759  20.565  -29.902 0.0000000000
83185  -28.767  17.916  -29.807 0.0000000000
82450  -27.933  16.152  -32.617 0.0000000000
82421  -29.373  16.466  -29.267 0.0000000000
80117  -30.423  13.650  -28.862 0.0000000000
78450  -31.652  11.890  -28.814 0.0000000000
77639  -33.263  10.246  -29.232 0.0000000000
75088  -30.361  7.650  -32.504 0.0000000000
75076  -32.842  8.087  -31.740 0.0000000000
77674  -28.508  10.204  -34.078 0.0000000000
130721  -27.804  8.975  -33.302 0.0000000000
70614  -30.548  2.294  -30.301 0.0000000000
71491  -31.519  3.609  -29.369 0.0000000000
70604  -31.659  2.430  -28.641 0.0000000000
61017  -29.208  -8.149  -25.305 0.0000000000
62771  -29.468  -6.501  -25.740 0.0000000000
63665  -29.636  -5.697  -26.005 0.0000000000
123809  -28.060  0.996  -30.476 0.0000000000
68120  -28.027  -0.210  -29.963 0.0000000000
88587  -27.708  23.778  -30.694 0.0000000000
83976  -26.531  18.314  -32.320 0.0000000000
84870  -27.652  19.907  -30.893 0.0000000000
123613  -28.059  19.102  -30.627 0.0000000000
84857  -29.201  19.824  -29.462 0.0000000000
132247  -28.325  18.378  -30.397 0.0000000000
80908  -28.764  14.854  -31.768 0.0000000000
82430  -28.703  16.163  -30.634 0.0000000000
80904  -29.190  14.607  -30.411 0.0000000000
81678  -29.762  15.199  -28.910 0.0000000000
80128  -29.460  13.964  -30.169 0.0000000000
78486  -30.900  10.895  -31.972 0.0000000000
78474  -30.712  11.694  -30.901 0.0000000000
77647  -31.811  10.779  -30.855 0.0000000000
77638  -32.507  10.697  -29.504 0.0000000000
77648  -32.467  10.406  -30.501 0.0000000000
74198  -28.107  6.227  -31.739 0.0000000000
74209  -28.785  7.100  -32.144 0.0000000000
73296  -29.746  5.791  -31.894 0.0000000000
73277  -32.621  6.288  -30.199 0.0000000000
74201  -32.389  7.384  -31.250 0.0000000000
75059  -33.847  7.781  -31.128 0.0000000000
75078  -34.180  8.357  -31.311 0.0000000000
75060  -34.802  7.993  -31.197 0.0000000000
65341  -29.678  -3.540  -27.431 0.0000000000
66314  -28.736  -3.123  -28.607 0.0000000000
66299  -29.779  -2.844  -27.809 0.0000000000
67248  -30.125  -1.376  -28.576 0.0000000000
79355  -28.297  12.574  -33.696 0.0000000000
120882  -29.639  12.595  -31.771 0.0000000000
78509  -28.878  11.776  -33.558 0.0000000000
78510  -29.649  10.979  -33.188 0.0000000000
77677  -30.924  9.900  -32.726 0.0000000000
71512  -29.573  3.696  -31.526 0.0000000000
73288  -29.896  4.915  -31.751 0.0000000000
72398  -30.738  4.347  -31.006 0.0000000000
72386  -32.107  4.943  -29.557 0.0000000000
72387  -33.015  4.953  -29.015 0.0000000000
63690  -29.684  -4.887  -26.394 0.0000000000
131414  -27.987  3.345  -30.959 0.0000000000
70628  -29.125  2.345  -31.090 0.0000000000
69776  -30.052  1.640  -30.521 0.0000000000
68977  -30.105  0.791  -30.007 0.0000000000
89868  -25.750  26.223  -31.675 0.0000000000
87934  -25.705  23.188  -30.218 0.0000000000
88600  -26.724  24.501  -30.845 0.0000000000
88602  -27.907  24.633  -30.959 0.0000000000
88588  -28.471  24.264  -30.668 0.0000000000
116385  -29.172  22.732  -30.108 0.0000000000
86424  -27.069  21.269  -30.887 0.0000000000
129110  -28.223  21.816  -30.497 0.0000000000
87218  -29.802  22.414  -29.757 0.0000000000
86400  -29.818  21.509  -29.548 0.0000000000
128808  -29.904  20.146  -29.232 0.0000000000
83944  -30.013  18.815  -28.785 0.0000000000
82440  -27.622  16.944  -32.526 0.0000000000
125435  -28.407  16.811  -30.880 0.0000000000
83186  -29.412  17.394  -29.110 0.0000000000
83172  -30.063  17.325  -28.641 0.0000000000
82408  -30.421  16.791  -28.442 0.0000000000
80886  -31.324  14.393  -27.708 0.0000000000
79330  -29.887  12.705  -30.604 0.0000000000
79321  -30.673  12.750  -29.232 0.0000000000
75973  -28.041  8.185  -32.922 0.0000000000
75095  -29.849  8.153  -32.820 0.0000000000
75975  -31.390  8.629  -32.550 0.0000000000
74199  -30.470  6.399  -31.988 0.0000000000
75075  -32.041  7.730  -31.891 0.0000000000
75960  -32.825  8.828  -31.930 0.0000000000
76805  -33.701  9.467  -30.773 0.0000000000
76791  -33.937  9.620  -29.814 0.0000000000
68111  -29.271  -0.781  -29.673 0.0000000000
68112  -29.980  -0.689  -29.249 0.0000000000
68951  -30.959  -0.005  -28.484 0.0000000000
70615  -31.050  2.287  -29.431 0.0000000000
69749  -32.017  1.783  -28.087 0.0000000000
61018  -29.932  -8.257  -25.006 0.0000000000
61887  -29.295  -7.276  -25.530 0.0000000000
61888  -29.931  -7.591  -25.213 0.0000000000
83964  -27.165  18.434  -31.889 0.0000000000
83954  -27.395  19.193  -31.375 0.0000000000
83955  -27.804  18.398  -31.121 0.0000000000
80149  -28.287  14.037  -33.301 0.0000000000
80903  -28.989  14.899  -30.961 0.0000000000
80909  -29.135  14.146  -31.148 0.0000000000
77666  -31.267  10.252  -32.267 0.0000000000
78475  -31.151  11.146  -31.221 0.0000000000
77656  -31.579  10.527  -31.632 0.0000000000
77657  -32.300  10.191  -31.357 0.0000000000
73287  -28.579  5.629  -31.621 0.0000000000
73295  -28.891  6.211  -31.852 0.0000000000
117835  -29.240  5.290  -31.711 0.0000000000
74181  -33.047  7.110  -30.600 0.0000000000
74182  -34.152  7.260  -30.626 0.0000000000
74183  -35.280  7.412  -31.027 0.0000000000
73262  -34.490  6.528  -30.317 0.0000000000
78508  -28.015  11.796  -34.075 0.0000000000
116400  -28.914  12.406  -33.206 0.0000000000
77675  -29.347  10.194  -33.687 0.0000000000
77676  -30.200  10.100  -33.206 0.0000000000
76834  -29.744  9.469  -33.302 0.0000000000
70638  -30.047  3.294  -31.310 0.0000000000
72410  -30.120  4.093  -31.576 0.0000000000
138026  -30.507  3.687  -31.059 0.0000000000
118104  -31.605  4.280  -29.627 0.0000000000
72388  -33.766  4.810  -28.841 0.0000000000
72370  -33.218  4.169  -28.488 0.0000000000
126101  -28.458  -8.362  -25.477 0.0000000000
60995  -28.707  -8.948  -25.120 0.0000000000
64505  -30.443  -4.222  -26.253 0.0000000000
70636  -28.727  2.965  -31.185 0.0000000000
68975  -28.811  0.728  -30.458 0.0000000000
69775  -29.457  1.147  -30.541 0.0000000000
119313  -25.944  25.617  -30.929 0.0000000000
118666  -26.162  25.591  -31.486 0.0000000000
89215  -26.340  25.081  -30.956 0.0000000000
125473  -26.745  23.129  -30.647 0.0000000000
137140  -26.645  23.857  -30.635 0.0000000000
88601  -27.204  24.530  -30.988 0.0000000000
89217  -27.486  25.177  -31.283 0.0000000000
87935  -27.861  22.933  -30.612 0.0000000000
87936  -28.792  23.494  -30.375 0.0000000000
87217  -28.389  22.520  -30.386 0.0000000000
85635  -26.909  20.616  -31.183 0.0000000000
85622  -28.037  20.588  -30.565 0.0000000000
86409  -28.476  21.234  -30.265 0.0000000000
86410  -28.993  21.943  -30.004 0.0000000000
86399  -29.080  21.200  -29.755 0.0000000000
83942  -28.752  18.922  -29.772 0.0000000000
122072  -29.454  19.092  -29.204 0.0000000000
84858  -29.947  19.525  -29.014 0.0000000000
83943  -29.381  18.362  -29.169 0.0000000000
81701  -27.891  15.561  -33.160 0.0000000000
83203  -28.082  17.113  -31.530 0.0000000000
82441  -28.286  16.333  -31.643 0.0000000000
82431  -29.044  16.092  -29.899 0.0000000000
82420  -28.838  16.912  -30.030 0.0000000000
82407  -29.827  16.798  -28.783 0.0000000000
81663  -29.921  16.013  -28.641 0.0000000000
80895  -30.038  14.516  -28.843 0.0000000000
123421  -30.345  15.226  -28.322 0.0000000000
80885  -30.660  14.438  -28.183 0.0000000000
81664  -31.062  15.150  -27.791 0.0000000000
79338  -29.627  12.778  -31.192 0.0000000000
79339  -30.109  12.201  -31.190 0.0000000000
79322  -31.206  12.034  -29.443 0.0000000000
79331  -30.546  12.266  -30.205 0.0000000000
79308  -31.290  12.506  -28.695 0.0000000000
126179  -31.444  13.038  -28.093 0.0000000000
76775  -33.761  9.964  -28.899 0.0000000000
75085  -27.431  7.755  -32.661 0.0000000000
75087  -29.506  7.506  -32.470 0.0000000000
75974  -30.637  8.299  -32.669 0.0000000000
73289  -30.420  5.477  -31.649 0.0000000000
73290  -31.205  6.020  -31.282 0.0000000000
75090  -32.140  8.376  -32.249 0.0000000000
76814  -33.352  9.197  -31.425 0.0000000000
75961  -33.524  8.594  -31.540 0.0000000000
75946  -34.870  8.584  -30.937 0.0000000000
76792  -34.377  9.163  -30.661 0.0000000000
75922  -34.860  9.042  -29.975 0.0000000000
68099  -30.612  -0.593  -28.568 0.0000000000
68100  -31.209  -0.422  -27.978 0.0000000000
124381  -28.093  10.894  -34.248 0.0000000000
76832  -28.096  9.502  -33.969 0.0000000000
121271  -28.452  8.890  -33.342 0.0000000000
71490  -30.996  2.999  -29.874 0.0000000000
133820  -31.430  2.940  -29.156 0.0000000000
71478  -32.085  3.302  -28.623 0.0000000000
136420  -32.607  3.771  -28.500 0.0000000000
70605  -32.478  2.597  -28.083 0.0000000000
60996  -29.536  -8.796  -24.912 0.0000000000
62786  -28.894  -6.169  -26.302 0.0000000000
62772  -30.359  -6.173  -25.439 0.0000000000
69773  -27.795  1.737  -30.624 0.0000000000
128547  -28.261  0.367  -30.264 0.0000000000
68121  -28.894  -0.091  -30.144 0.0000000000
88586  -25.742  24.127  -30.096 0.0000000000
87231  -27.210  22.783  -30.679 0.0000000000
122789  -27.092  21.819  -30.745 0.0000000000
84886  -27.065  19.976  -31.478 0.0000000000
84894  -26.770  19.182  -31.928 0.0000000000
84871  -28.400  19.817  -30.186 0.0000000000
81693  -28.341  15.552  -32.193 0.0000000000
81686  -28.692  15.527  -31.221 0.0000000000
81687  -29.016  15.355  -30.270 0.0000000000
81677  -29.390  15.627  -29.402 0.0000000000
80894  -29.479  14.731  -29.607 0.0000000000
128462  -29.833  13.983  -29.435 0.0000000000
78485  -30.544  11.563  -31.644 0.0000000000
79332  -31.318  11.458  -30.308 0.0000000000
78464  -31.805  11.387  -29.443 0.0000000000
78465  -31.965  10.928  -30.101 0.0000000000
77649  -33.132  10.006  -30.127 0.0000000000
124194  -28.231  6.794  -31.944 0.0000000000
74210  -29.583  6.670  -32.097 0.0000000000
73276  -31.809  5.666  -30.299 0.0000000000
74180  -32.044  6.602  -30.800 0.0000000000
75058  -33.110  7.688  -31.213 0.0000000000
75933  -35.446  8.413  -30.496 0.0000000000
75061  -35.708  8.015  -31.043 0.0000000000
64519  -29.042  -4.140  -27.762 0.0000000000
137875  -28.719  -3.723  -28.308 0.0000000000
65355  -29.232  -3.366  -28.118 0.0000000000
66315  -29.317  -2.655  -28.496 0.0000000000
119591  -29.430  -1.930  -28.888 0.0000000000
66316  -29.912  -2.157  -28.207 0.0000000000
114607  -30.468  -1.787  -27.879 0.0000000000
80159  -27.928  13.443  -33.754 0.0000000000
80150  -28.862  13.461  -32.655 0.0000000000
80143  -29.257  13.300  -31.766 0.0000000000
125825  -29.249  12.691  -32.498 0.0000000000
78497  -29.499  11.891  -32.810 0.0000000000
121799  -28.764  10.973  -33.896 0.0000000000
78498  -30.232  11.356  -32.391 0.0000000000
77665  -30.545  10.570  -32.642 0.0000000000
128616  -31.512  9.712  -32.416 0.0000000000
72409  -29.424  4.403  -31.636 0.0000000000
117761  -30.404  4.772  -31.464 0.0000000000
71504  -31.021  3.811  -30.278 0.0000000000
72399  -31.336  4.720  -30.252 0.0000000000
126498  -32.803  5.679  -29.633 0.0000000000
73261  -33.853  5.606  -29.426 0.0000000000
60176  -27.941  -9.321  -24.891 0.0000000000
64518  -28.437  -4.828  -27.743 0.0000000000
63689  -29.012  -5.416  -26.602 0.0000000000
63709  -29.043  -4.776  -27.082 0.0000000000
64504  -29.645  -4.184  -26.922 0.0000000000
133235  -30.143  -3.668  -26.834 0.0000000000
71511  -28.834  3.781  -31.416 0.0000000000
70637  -29.385  3.063  -31.323 0.0000000000
70629  -29.934  2.441  -31.018 0.0000000000
69774  -28.725  1.573  -30.771 0.0000000000
131087  -29.488  1.817  -30.833 0.0000000000
69762  -30.603  1.550  -29.788 0.0000000000
124685  -30.699  0.898  -29.342 0.0000000000
131453  -25.699  25.684  -30.007 0.0000000000
88599  -26.302  24.352  -30.610 0.0000000000
87950  -26.238  23.564  -30.534 0.0000000000
89216  -26.684  25.269  -31.312 0.0000000000
89206  -28.676  24.896  -30.883 0.0000000000
88589  -29.338  24.459  -30.621 0.0000000000
118694  -29.741  23.838  -30.381 0.0000000000
85621  -27.253  20.639  -31.001 0.0000000000
86408  -27.678  21.295  -30.689 0.0000000000
87937  -29.777  23.182  -30.073 0.0000000000
86401  -30.740  21.411  -29.469 0.0000000000
85614  -29.485  20.667  -29.475 0.0000000000
85615  -30.296  20.736  -29.315 0.0000000000
124572  -26.745  16.731  -33.135 0.0000000000
83202  -27.656  17.713  -31.742 0.0000000000
83195  -28.258  17.598  -30.752 0.0000000000
83934  -30.032  18.017  -28.654 0.0000000000
118319  -30.886  16.065  -28.009 0.0000000000
82399  -31.706  15.672  -27.718 0.0000000000
81648  -31.711  15.000  -27.584 0.0000000000
80136  -29.508  13.312  -30.758 0.0000000000
80129  -29.955  13.174  -29.839 0.0000000000
80118  -31.042  13.704  -28.132 0.0000000000
78451  -32.298  11.424  -28.596 0.0000000000
75086  -28.678  7.757  -32.668 0.0000000000
132567  -29.192  8.095  -32.864 0.0000000000
75979  -29.264  8.732  -33.162 0.0000000000
75980  -30.122  8.811  -32.925 0.0000000000
76824  -31.218  9.292  -32.611 0.0000000000
74211  -30.738  7.165  -32.208 0.0000000000
74200  -31.451  7.012  -31.670 0.0000000000
75089  -31.284  7.814  -32.331 0.0000000000
76825  -32.052  9.178  -32.353 0.0000000000
76813  -32.618  9.505  -31.743 0.0000000000
76804  -32.973  9.797  -31.028 0.0000000000
75945  -34.097  8.954  -31.176 0.0000000000
68110  -28.528  -0.846  -29.770 0.0000000000
67264  -29.543  -1.290  -29.224 0.0000000000
68964  -29.710  -0.050  -29.815 0.0000000000
68965  -30.468  0.119  -29.210 0.0000000000
68966  -31.084  0.615  -28.670 0.0000000000
75077  -33.534  8.086  -31.447 0.0000000000
75978  -28.707  8.343  -32.998 0.0000000000
75981  -30.777  8.884  -32.715 0.0000000000
76835  -30.508  9.413  -32.908 0.0000000000
79307  -30.931  13.099  -28.565 0.0000000000
80160  -28.571  13.107  -33.244 0.0000000000
116697  -30.125  7.063  -32.278 0.0000000000
135680  -28.179  25.178  -31.152 0.0000000000
