#!ascii label  , from subject sub-p020 vox2ras=TkReg
288
22102  51.209  -43.330  -7.658 0.0000000000
18261  49.171  -47.420  -13.849 0.0000000000
16228  49.620  -49.457  -9.213 0.0000000000
20218  53.603  -46.300  -9.342 0.0000000000
14278  50.698  -51.247  -11.856 0.0000000000
14244  51.010  -51.693  -9.326 0.0000000000
10856  47.822  -55.334  -11.252 0.0000000000
18192  50.455  -47.050  -10.782 0.0000000000
22147  50.547  -44.006  -10.464 0.0000000000
19180  50.683  -46.780  -7.442 0.0000000000
135942  53.700  -48.414  -6.966 0.0000000000
17195  53.082  -48.922  -9.758 0.0000000000
18256  52.469  -48.202  -13.532 0.0000000000
15292  50.860  -50.567  -15.861 0.0000000000
23968  49.319  -42.092  -7.564 0.0000000000
20196  48.108  -45.082  -7.854 0.0000000000
17197  47.109  -48.318  -10.426 0.0000000000
21235  54.524  -44.199  -11.233 0.0000000000
11642  47.842  -55.038  -10.397 0.0000000000
18236  50.213  -47.378  -12.570 0.0000000000
19236  48.813  -46.179  -11.481 0.0000000000
18157  50.458  -48.031  -7.995 0.0000000000
16208  51.043  -49.633  -8.255 0.0000000000
13401  50.696  -52.019  -10.451 0.0000000000
15210  52.769  -50.461  -8.932 0.0000000000
117703  52.417  -50.106  -10.526 0.0000000000
17218  52.613  -48.548  -12.333 0.0000000000
15260  52.156  -49.624  -12.886 0.0000000000
16299  52.259  -49.357  -15.922 0.0000000000
19208  46.482  -46.336  -9.513 0.0000000000
118570  47.458  -46.702  -9.193 0.0000000000
19221  46.052  -46.833  -10.122 0.0000000000
20216  55.055  -45.700  -8.813 0.0000000000
125773  53.678  -45.450  -9.797 0.0000000000
129744  49.642  -42.088  -11.675 0.0000000000
23098  50.965  -42.612  -11.560 0.0000000000
124673  47.922  -51.763  -10.733 0.0000000000
136535  50.075  -50.772  -9.237 0.0000000000
126186  48.802  -53.377  -10.096 0.0000000000
12495  49.292  -53.575  -10.328 0.0000000000
13403  49.556  -53.183  -11.601 0.0000000000
19220  51.663  -46.553  -9.818 0.0000000000
114538  52.391  -44.927  -10.072 0.0000000000
20236  50.434  -45.424  -10.206 0.0000000000
21236  49.173  -44.102  -10.772 0.0000000000
128267  48.378  -48.128  -15.537 0.0000000000
21185  51.634  -44.723  -7.305 0.0000000000
19164  54.558  -46.735  -7.021 0.0000000000
18171  54.435  -47.420  -8.000 0.0000000000
135634  52.797  -50.242  -8.064 0.0000000000
17175  53.660  -48.919  -8.079 0.0000000000
18173  53.195  -47.711  -9.375 0.0000000000
18211  52.078  -48.042  -11.018 0.0000000000
18235  51.841  -47.784  -11.981 0.0000000000
18259  50.902  -47.594  -13.549 0.0000000000
14313  50.819  -50.723  -13.875 0.0000000000
15290  52.275  -49.409  -14.956 0.0000000000
18296  52.297  -48.510  -15.288 0.0000000000
18279  50.458  -48.127  -15.269 0.0000000000
23985  50.324  -41.457  -8.508 0.0000000000
23045  49.881  -42.700  -7.544 0.0000000000
125469  48.722  -43.647  -7.384 0.0000000000
21187  50.137  -44.562  -7.411 0.0000000000
20194  49.605  -45.685  -7.613 0.0000000000
18159  48.876  -47.381  -8.664 0.0000000000
17187  48.321  -48.899  -9.919 0.0000000000
16255  46.722  -49.692  -11.250 0.0000000000
118739  47.208  -51.065  -11.204 0.0000000000
22146  52.396  -44.034  -10.754 0.0000000000
23070  51.508  -42.673  -8.098 0.0000000000
23069  52.459  -42.690  -8.477 0.0000000000
22125  52.106  -43.322  -7.873 0.0000000000
18260  49.941  -47.412  -13.401 0.0000000000
19248  48.604  -46.602  -12.321 0.0000000000
17177  49.623  -48.655  -8.837 0.0000000000
17166  51.108  -48.713  -7.830 0.0000000000
16209  50.197  -49.328  -8.719 0.0000000000
14279  50.418  -51.930  -11.433 0.0000000000
15250  51.733  -50.650  -10.811 0.0000000000
15261  51.290  -50.659  -11.761 0.0000000000
15249  52.080  -49.914  -11.696 0.0000000000
134413  51.583  -50.215  -12.509 0.0000000000
15343  51.516  -49.863  -17.154 0.0000000000
20217  54.545  -46.312  -8.920 0.0000000000
20233  54.923  -45.410  -9.511 0.0000000000
24040  49.796  -41.446  -12.209 0.0000000000
13382  48.567  -52.442  -10.279 0.0000000000
12497  48.117  -54.012  -10.248 0.0000000000
10837  47.724  -55.254  -10.674 0.0000000000
12496  48.670  -54.139  -10.331 0.0000000000
11640  48.760  -54.335  -10.679 0.0000000000
12518  49.357  -53.761  -11.034 0.0000000000
11660  48.779  -54.437  -11.544 0.0000000000
18191  51.184  -47.064  -10.209 0.0000000000
121627  50.679  -46.280  -10.219 0.0000000000
134893  50.123  -46.430  -10.580 0.0000000000
122910  48.975  -44.807  -10.828 0.0000000000
21237  48.357  -44.340  -11.100 0.0000000000
136207  48.800  -43.578  -11.051 0.0000000000
20192  51.690  -45.461  -7.183 0.0000000000
120096  51.346  -46.194  -7.196 0.0000000000
18155  54.635  -47.295  -7.365 0.0000000000
18156  54.168  -48.104  -7.593 0.0000000000
14245  50.336  -51.868  -9.465 0.0000000000
15187  51.456  -50.611  -8.492 0.0000000000
14231  51.662  -51.130  -8.828 0.0000000000
16241  53.048  -49.416  -9.662 0.0000000000
136983  53.035  -50.189  -8.667 0.0000000000
16227  53.383  -49.335  -8.939 0.0000000000
17185  53.568  -48.590  -8.735 0.0000000000
134394  53.311  -48.363  -9.240 0.0000000000
18190  52.698  -48.452  -10.239 0.0000000000
18233  52.523  -48.265  -12.843 0.0000000000
18234  52.190  -47.964  -12.216 0.0000000000
127785  52.229  -47.852  -12.923 0.0000000000
121003  51.418  -47.638  -12.794 0.0000000000
18258  52.048  -47.788  -13.765 0.0000000000
12592  48.116  -53.232  -16.379 0.0000000000
14363  50.113  -51.204  -16.248 0.0000000000
14340  49.512  -52.017  -15.783 0.0000000000
14339  50.166  -51.317  -15.357 0.0000000000
15281  50.857  -50.648  -14.903 0.0000000000
15280  51.603  -50.074  -14.441 0.0000000000
15291  51.646  -50.006  -15.446 0.0000000000
18312  52.269  -48.681  -16.357 0.0000000000
17251  52.350  -48.753  -15.847 0.0000000000
18297  51.909  -48.432  -16.006 0.0000000000
117282  51.588  -48.151  -15.333 0.0000000000
23986  49.466  -41.353  -8.080 0.0000000000
23967  50.106  -42.039  -7.916 0.0000000000
21204  47.295  -44.748  -8.022 0.0000000000
21189  47.927  -44.237  -7.615 0.0000000000
21188  48.748  -44.586  -7.555 0.0000000000
125826  49.465  -44.159  -7.418 0.0000000000
20195  48.877  -45.395  -7.739 0.0000000000
129856  49.474  -44.936  -7.516 0.0000000000
18175  47.674  -47.408  -9.499 0.0000000000
18160  48.166  -47.018  -8.963 0.0000000000
18174  48.431  -47.852  -9.292 0.0000000000
137161  48.370  -48.395  -9.614 0.0000000000
17188  47.829  -48.205  -9.881 0.0000000000
116004  45.149  -50.332  -12.045 0.0000000000
15252  45.966  -50.614  -11.762 0.0000000000
15234  47.184  -50.285  -11.124 0.0000000000
21228  51.428  -44.382  -10.337 0.0000000000
22155  51.451  -43.397  -10.985 0.0000000000
22174  52.058  -42.738  -11.862 0.0000000000
19246  50.016  -47.152  -11.591 0.0000000000
19235  49.597  -46.506  -11.021 0.0000000000
18146  50.160  -47.290  -7.837 0.0000000000
116751  51.471  -47.111  -7.191 0.0000000000
18145  51.097  -47.780  -7.474 0.0000000000
125939  52.643  -49.405  -7.384 0.0000000000
13361  50.989  -52.057  -9.870 0.0000000000
14243  51.592  -51.308  -9.265 0.0000000000
14262  51.535  -51.349  -10.005 0.0000000000
14261  52.150  -50.683  -9.995 0.0000000000
121798  52.889  -49.153  -10.617 0.0000000000
17206  52.791  -48.781  -11.148 0.0000000000
16254  52.651  -49.427  -11.169 0.0000000000
16265  52.593  -49.217  -12.313 0.0000000000
16276  52.609  -49.071  -13.339 0.0000000000
15316  51.622  -49.939  -16.359 0.0000000000
16313  52.229  -49.334  -16.786 0.0000000000
20205  47.568  -45.550  -8.346 0.0000000000
116695  47.860  -46.301  -8.639 0.0000000000
134586  46.987  -46.520  -9.339 0.0000000000
18176  46.922  -47.012  -9.729 0.0000000000
18194  46.477  -47.677  -10.424 0.0000000000
21226  54.711  -44.819  -10.368 0.0000000000
22156  50.351  -43.223  -10.910 0.0000000000
23113  50.465  -41.993  -11.937 0.0000000000
15213  48.853  -50.498  -10.085 0.0000000000
15212  49.592  -50.342  -9.481 0.0000000000
119310  49.569  -51.262  -9.635 0.0000000000
14246  49.640  -52.097  -9.661 0.0000000000
13363  49.951  -52.665  -9.736 0.0000000000
12475  49.405  -53.275  -10.037 0.0000000000
12474  49.937  -53.038  -9.952 0.0000000000
13381  50.345  -52.644  -10.087 0.0000000000
13402  50.023  -52.676  -10.951 0.0000000000
19219  52.734  -46.863  -9.463 0.0000000000
20234  52.457  -45.928  -9.610 0.0000000000
20235  51.317  -45.467  -9.951 0.0000000000
130088  50.657  -44.792  -10.200 0.0000000000
20237  49.910  -45.842  -10.454 0.0000000000
21229  49.770  -44.776  -10.395 0.0000000000
22148  49.829  -43.851  -10.619 0.0000000000
22157  49.485  -43.318  -10.951 0.0000000000
23100  48.990  -42.730  -11.315 0.0000000000
18280  48.706  -47.801  -14.733 0.0000000000
121041  51.776  -43.968  -7.473 0.0000000000
22101  52.650  -44.025  -7.669 0.0000000000
137053  52.297  -44.516  -7.381 0.0000000000
19205  54.718  -46.541  -8.308 0.0000000000
19206  54.259  -47.056  -8.443 0.0000000000
124870  53.177  -49.492  -7.510 0.0000000000
127082  52.830  -50.323  -8.380 0.0000000000
16206  53.333  -49.439  -7.776 0.0000000000
132620  53.994  -48.168  -8.146 0.0000000000
18172  53.859  -47.814  -8.629 0.0000000000
19207  53.732  -47.073  -8.932 0.0000000000
116409  52.078  -47.537  -9.940 0.0000000000
18212  51.365  -47.613  -10.832 0.0000000000
18210  52.568  -48.465  -11.777 0.0000000000
114363  50.854  -47.505  -11.734 0.0000000000
114852  50.244  -47.658  -14.178 0.0000000000
13417  49.379  -53.163  -12.565 0.0000000000
13467  48.848  -52.688  -16.153 0.0000000000
14299  50.210  -51.551  -13.383 0.0000000000
14290  50.840  -50.833  -12.735 0.0000000000
15269  51.555  -50.155  -13.412 0.0000000000
15279  52.216  -49.499  -13.925 0.0000000000
17238  52.509  -48.390  -13.967 0.0000000000
16298  52.528  -49.045  -15.282 0.0000000000
117804  52.437  -48.569  -14.836 0.0000000000
18276  52.420  -48.262  -14.206 0.0000000000
18277  51.957  -48.052  -14.925 0.0000000000
18278  51.343  -47.809  -14.482 0.0000000000
128663  49.572  -47.850  -14.645 0.0000000000
116554  49.273  -48.210  -15.472 0.0000000000
24905  50.495  -40.829  -9.229 0.0000000000
24009  51.125  -41.491  -8.919 0.0000000000
23071  50.907  -42.064  -8.295 0.0000000000
23044  50.669  -42.674  -7.801 0.0000000000
21190  47.026  -43.867  -7.683 0.0000000000
23046  49.100  -42.815  -7.355 0.0000000000
22104  49.617  -43.404  -7.387 0.0000000000
125454  50.093  -43.895  -7.401 0.0000000000
21186  50.859  -44.116  -7.398 0.0000000000
136889  50.078  -45.241  -7.445 0.0000000000
19181  49.850  -46.460  -7.695 0.0000000000
19194  48.615  -46.599  -8.406 0.0000000000
19193  49.370  -46.938  -8.154 0.0000000000
18158  49.679  -47.845  -8.389 0.0000000000
17186  48.909  -48.680  -9.373 0.0000000000
16229  48.912  -49.577  -9.754 0.0000000000
131300  47.437  -49.701  -10.824 0.0000000000
16242  48.204  -49.693  -10.348 0.0000000000
15233  47.953  -50.637  -10.704 0.0000000000
21227  53.489  -44.554  -10.557 0.0000000000
22154  53.426  -43.808  -11.375 0.0000000000
120362  52.497  -43.374  -11.428 0.0000000000
11641  48.213  -54.798  -10.552 0.0000000000
11661  48.291  -54.993  -11.046 0.0000000000
12517  49.719  -53.136  -10.432 0.0000000000
13362  50.420  -52.329  -9.731 0.0000000000
13364  49.296  -52.678  -9.885 0.0000000000
14230  52.294  -50.807  -8.800 0.0000000000
14242  52.213  -50.869  -9.351 0.0000000000
14263  48.838  -51.608  -10.183 0.0000000000
15169  53.068  -49.995  -7.904 0.0000000000
15185  53.248  -49.818  -8.369 0.0000000000
15186  52.322  -50.520  -8.316 0.0000000000
15209  53.106  -49.964  -9.143 0.0000000000
15211  50.941  -51.276  -8.964 0.0000000000
15231  52.802  -49.687  -10.068 0.0000000000
15232  52.637  -50.318  -9.613 0.0000000000
15251  46.592  -50.433  -11.447 0.0000000000
16188  52.676  -50.018  -7.779 0.0000000000
16189  51.899  -49.509  -7.666 0.0000000000
16253  52.755  -49.041  -11.885 0.0000000000
16264  52.601  -49.014  -13.030 0.0000000000
16275  52.627  -48.890  -13.744 0.0000000000
16286  52.587  -49.033  -14.161 0.0000000000
16312  52.499  -48.984  -16.247 0.0000000000
17163  53.673  -48.758  -7.371 0.0000000000
17164  53.027  -48.746  -7.042 0.0000000000
17176  50.331  -48.678  -8.354 0.0000000000
17178  49.091  -48.067  -8.905 0.0000000000
17196  47.645  -48.958  -10.417 0.0000000000
17229  52.529  -48.379  -13.226 0.0000000000
18193  47.219  -47.706  -9.994 0.0000000000
18257  52.346  -47.966  -13.158 0.0000000000
19167  52.298  -46.080  -6.995 0.0000000000
19182  49.092  -46.156  -7.931 0.0000000000
19195  47.053  -46.046  -8.949 0.0000000000
19264  49.247  -47.143  -12.860 0.0000000000
20191  52.483  -45.258  -7.156 0.0000000000
20193  50.379  -45.910  -7.429 0.0000000000
20204  48.349  -45.849  -8.140 0.0000000000
20248  49.182  -45.582  -10.815 0.0000000000
22103  50.385  -43.337  -7.510 0.0000000000
23099  49.977  -42.604  -11.353 0.0000000000
118223  51.003  -51.285  -11.006 0.0000000000
122717  50.859  -45.151  -7.329 0.0000000000
133146  49.664  -53.165  -11.056 0.0000000000
135400  54.290  -45.900  -9.368 0.0000000000
