#!ascii label  , from subject sub-p020 vox2ras=TkReg
246
74301  25.852  9.932  -32.816 0.0000000000
66663  25.164  2.209  -29.993 0.0000000000
77785  25.107  14.023  -29.556 0.0000000000
84878  21.914  22.596  -31.609 0.0000000000
118209  23.808  0.736  -28.943 0.0000000000
79526  26.788  16.699  -32.163 0.0000000000
81225  25.447  18.410  -32.436 0.0000000000
72387  24.305  7.866  -30.757 0.0000000000
69538  25.827  5.948  -32.449 0.0000000000
72423  26.396  7.982  -34.023 0.0000000000
76074  28.357  12.418  -34.421 0.0000000000
74323  25.705  10.163  -37.054 0.0000000000
127246  26.294  12.081  -30.527 0.0000000000
77829  27.918  14.409  -32.024 0.0000000000
84003  23.185  21.427  -30.812 0.0000000000
83075  23.911  20.024  -33.834 0.0000000000
68599  27.011  4.654  -30.322 0.0000000000
81208  25.644  18.414  -30.504 0.0000000000
82146  25.352  19.140  -30.900 0.0000000000
73376  25.290  8.764  -31.680 0.0000000000
72414  25.429  8.307  -32.695 0.0000000000
73398  25.151  8.955  -34.219 0.0000000000
65677  24.279  1.187  -29.225 0.0000000000
76954  26.092  13.617  -30.107 0.0000000000
76970  27.592  13.638  -31.737 0.0000000000
77818  26.903  14.319  -30.824 0.0000000000
79540  25.828  16.781  -34.079 0.0000000000
79538  27.253  16.332  -33.657 0.0000000000
84020  21.289  22.478  -30.743 0.0000000000
83051  21.481  20.852  -29.766 0.0000000000
84019  22.687  22.033  -31.437 0.0000000000
84065  20.911  21.848  -35.991 0.0000000000
83094  21.604  20.261  -36.255 0.0000000000
132420  22.827  20.489  -34.898 0.0000000000
83093  22.418  19.651  -35.607 0.0000000000
82186  23.060  18.768  -35.235 0.0000000000
70468  26.826  6.759  -32.374 0.0000000000
69529  26.050  5.217  -32.049 0.0000000000
63863  23.403  -0.670  -27.944 0.0000000000
125019  26.424  15.813  -30.193 0.0000000000
80328  26.163  17.028  -30.207 0.0000000000
80354  25.940  17.809  -32.004 0.0000000000
80376  24.788  17.541  -33.880 0.0000000000
69516  24.375  5.943  -31.149 0.0000000000
71402  25.203  7.041  -32.115 0.0000000000
71414  26.140  7.139  -32.856 0.0000000000
72412  27.287  7.934  -33.169 0.0000000000
75168  26.643  11.140  -33.866 0.0000000000
74316  24.866  9.965  -35.754 0.0000000000
121157  26.248  11.023  -35.918 0.0000000000
74295  25.837  10.171  -30.931 0.0000000000
74271  25.062  10.946  -29.731 0.0000000000
75157  26.669  11.298  -31.867 0.0000000000
75156  27.196  12.015  -32.057 0.0000000000
76977  28.688  13.712  -33.130 0.0000000000
77838  28.908  14.683  -33.408 0.0000000000
79516  27.265  15.944  -31.740 0.0000000000
78710  27.901  15.789  -33.235 0.0000000000
83049  23.563  20.783  -30.410 0.0000000000
84898  22.176  22.589  -33.574 0.0000000000
84887  22.995  22.181  -33.207 0.0000000000
84026  24.247  21.096  -32.376 0.0000000000
83065  24.743  20.477  -31.974 0.0000000000
82172  24.448  19.285  -33.513 0.0000000000
81243  23.603  17.958  -34.961 0.0000000000
66676  24.779  2.611  -30.636 0.0000000000
68614  24.762  4.455  -31.596 0.0000000000
73408  25.509  8.868  -35.510 0.0000000000
73396  28.345  8.993  -34.061 0.0000000000
81209  25.094  18.972  -30.010 0.0000000000
82147  24.777  19.703  -30.476 0.0000000000
74302  25.680  9.559  -31.833 0.0000000000
73387  25.515  9.092  -33.083 0.0000000000
117176  25.424  9.570  -33.827 0.0000000000
62965  23.031  -1.315  -27.532 0.0000000000
65692  24.720  1.708  -29.572 0.0000000000
76940  25.564  13.363  -29.673 0.0000000000
77803  26.403  14.272  -30.297 0.0000000000
114133  25.313  16.521  -35.266 0.0000000000
79552  26.149  16.516  -34.693 0.0000000000
84879  21.364  23.013  -31.669 0.0000000000
114799  21.945  22.130  -30.823 0.0000000000
84888  22.469  22.516  -32.478 0.0000000000
82193  21.739  18.847  -36.523 0.0000000000
71401  27.599  7.210  -31.910 0.0000000000
70458  27.277  6.473  -31.660 0.0000000000
65694  23.086  1.770  -29.960 0.0000000000
79495  26.125  16.520  -29.865 0.0000000000
124120  25.798  17.223  -29.648 0.0000000000
81217  25.686  18.488  -31.449 0.0000000000
81235  25.271  17.812  -33.207 0.0000000000
80375  25.405  17.238  -33.621 0.0000000000
84890  20.924  23.386  -32.339 0.0000000000
71383  24.284  6.946  -30.969 0.0000000000
71403  24.731  7.449  -31.397 0.0000000000
72413  25.677  7.828  -33.251 0.0000000000
71415  25.522  7.465  -32.628 0.0000000000
71425  26.258  7.584  -33.444 0.0000000000
71413  27.030  7.351  -32.743 0.0000000000
64784  23.789  0.080  -28.345 0.0000000000
63862  24.174  -0.431  -27.570 0.0000000000
76075  27.517  11.812  -34.075 0.0000000000
75175  26.428  11.112  -34.900 0.0000000000
75174  27.446  11.615  -35.048 0.0000000000
73364  25.231  9.488  -30.634 0.0000000000
75133  25.685  11.997  -29.855 0.0000000000
75146  25.959  11.351  -30.327 0.0000000000
74282  26.086  10.771  -30.754 0.0000000000
75145  26.433  11.333  -30.999 0.0000000000
132236  26.794  12.065  -31.253 0.0000000000
76969  28.121  13.708  -32.381 0.0000000000
79517  26.665  16.581  -31.311 0.0000000000
120342  28.901  15.654  -34.464 0.0000000000
83050  22.555  20.872  -30.064 0.0000000000
83033  22.910  20.201  -29.743 0.0000000000
84064  21.269  21.308  -35.927 0.0000000000
134774  20.851  21.979  -35.662 0.0000000000
84038  22.555  22.052  -34.145 0.0000000000
117603  23.395  20.717  -34.187 0.0000000000
84036  23.889  20.916  -33.298 0.0000000000
83074  24.461  20.269  -32.923 0.0000000000
119592  25.018  19.452  -32.498 0.0000000000
82179  23.775  19.033  -34.379 0.0000000000
81252  22.144  17.244  -36.357 0.0000000000
81251  22.856  17.559  -35.718 0.0000000000
80385  23.500  16.850  -35.577 0.0000000000
66677  23.553  2.638  -30.515 0.0000000000
119555  24.891  5.785  -31.828 0.0000000000
69531  24.636  5.163  -31.575 0.0000000000
69530  25.244  5.271  -32.058 0.0000000000
69515  26.630  4.932  -31.230 0.0000000000
68612  25.961  4.519  -31.650 0.0000000000
68600  26.330  4.236  -30.957 0.0000000000
67606  26.007  3.547  -30.717 0.0000000000
75176  25.426  10.388  -36.396 0.0000000000
73419  24.920  9.418  -36.010 0.0000000000
73418  25.773  9.312  -36.506 0.0000000000
80330  25.367  18.083  -29.572 0.0000000000
82154  25.374  19.100  -31.739 0.0000000000
72386  24.861  8.393  -31.073 0.0000000000
72402  25.166  7.875  -31.926 0.0000000000
131073  25.473  8.941  -32.333 0.0000000000
72425  25.441  8.435  -33.536 0.0000000000
72424  25.529  8.085  -33.940 0.0000000000
64800  24.465  0.678  -28.521 0.0000000000
65676  25.080  1.344  -28.630 0.0000000000
65663  25.602  1.258  -27.737 0.0000000000
118127  28.307  12.109  -35.273 0.0000000000
76039  25.216  12.617  -29.539 0.0000000000
76038  26.019  12.867  -30.122 0.0000000000
76057  26.678  12.832  -30.807 0.0000000000
76964  27.070  13.585  -31.108 0.0000000000
77817  27.421  14.365  -31.409 0.0000000000
79539  26.573  16.727  -33.176 0.0000000000
122914  26.547  16.549  -34.032 0.0000000000
84004  22.245  21.561  -30.444 0.0000000000
84047  22.731  21.287  -34.600 0.0000000000
83084  23.262  19.806  -34.684 0.0000000000
82187  22.290  18.337  -35.996 0.0000000000
135587  21.926  17.931  -36.509 0.0000000000
70469  26.211  6.507  -32.563 0.0000000000
70459  26.523  6.081  -32.171 0.0000000000
69528  26.926  5.698  -31.477 0.0000000000
63879  22.673  0.104  -28.558 0.0000000000
65678  23.516  1.333  -29.550 0.0000000000
65693  24.083  1.605  -29.878 0.0000000000
66664  24.386  2.056  -30.282 0.0000000000
77770  25.542  14.999  -29.692 0.0000000000
78677  26.217  15.007  -29.907 0.0000000000
78678  25.909  15.814  -29.589 0.0000000000
79508  26.438  16.503  -30.548 0.0000000000
80353  26.361  17.236  -31.650 0.0000000000
80329  25.959  17.660  -30.269 0.0000000000
80363  26.231  17.195  -32.506 0.0000000000
80374  25.928  17.068  -33.233 0.0000000000
79553  24.975  16.923  -34.540 0.0000000000
84880  20.878  23.206  -31.200 0.0000000000
84889  21.531  22.984  -32.766 0.0000000000
70461  24.783  6.565  -31.635 0.0000000000
70460  25.315  6.202  -32.167 0.0000000000
70470  25.699  6.710  -32.541 0.0000000000
71412  27.938  7.910  -32.257 0.0000000000
75163  25.916  10.309  -33.692 0.0000000000
75169  25.544  10.482  -34.825 0.0000000000
132430  25.492  10.610  -35.660 0.0000000000
75182  26.407  10.907  -36.953 0.0000000000
75181  27.480  11.468  -36.038 0.0000000000
113949  27.596  11.376  -36.986 0.0000000000
74330  26.647  10.474  -37.549 0.0000000000
122054  24.438  8.809  -30.434 0.0000000000
74283  25.550  10.601  -30.249 0.0000000000
74294  26.206  10.511  -31.641 0.0000000000
115080  26.345  10.620  -32.567 0.0000000000
75162  26.787  11.202  -32.818 0.0000000000
76069  27.546  12.042  -33.009 0.0000000000
76064  27.678  12.868  -32.202 0.0000000000
76063  28.133  12.992  -32.792 0.0000000000
76068  28.272  12.711  -33.515 0.0000000000
76983  28.971  13.283  -33.991 0.0000000000
76976  29.201  14.049  -33.775 0.0000000000
126307  26.709  15.069  -30.517 0.0000000000
78698  27.184  15.129  -31.158 0.0000000000
78697  27.679  15.105  -31.799 0.0000000000
79525  27.297  16.214  -32.702 0.0000000000
78705  27.777  15.530  -32.425 0.0000000000
78704  28.371  15.180  -32.871 0.0000000000
78709  28.592  15.431  -33.660 0.0000000000
82148  23.972  20.108  -30.051 0.0000000000
84899  21.132  22.732  -34.037 0.0000000000
84028  23.179  22.085  -32.314 0.0000000000
84018  23.712  21.612  -31.741 0.0000000000
84037  23.290  21.526  -33.724 0.0000000000
84027  23.651  21.651  -32.773 0.0000000000
84017  24.307  21.060  -31.609 0.0000000000
83048  24.479  20.556  -30.955 0.0000000000
82155  25.090  19.814  -31.417 0.0000000000
81226  24.911  18.455  -33.277 0.0000000000
81242  24.269  18.222  -34.111 0.0000000000
80384  24.223  17.211  -34.898 0.0000000000
130397  23.980  16.575  -35.557 0.0000000000
65702  24.087  2.474  -30.612 0.0000000000
68613  25.339  4.474  -31.884 0.0000000000
67619  24.836  3.802  -31.464 0.0000000000
67607  25.171  3.268  -31.019 0.0000000000
74309  25.093  9.715  -34.720 0.0000000000
73409  24.871  9.229  -35.243 0.0000000000
72433  25.520  8.612  -34.586 0.0000000000
73407  27.125  8.774  -35.415 0.0000000000
73397  26.706  8.443  -34.634 0.0000000000
72422  27.680  8.469  -33.622 0.0000000000
63878  23.102  -0.166  -28.408 0.0000000000
74324  25.052  9.860  -36.472 0.0000000000
76056  27.210  12.828  -31.481 0.0000000000
76965  26.524  13.577  -30.542 0.0000000000
77784  25.890  14.149  -29.791 0.0000000000
77828  28.419  14.487  -32.636 0.0000000000
78691  26.823  15.864  -30.893 0.0000000000
79496  25.582  16.566  -29.254 0.0000000000
79554  24.452  16.524  -35.526 0.0000000000
80345  26.289  17.151  -30.839 0.0000000000
80346  26.047  17.833  -31.104 0.0000000000
80364  25.706  17.564  -32.833 0.0000000000
82131  24.323  19.394  -29.679 0.0000000000
83057  23.956  21.193  -31.069 0.0000000000
127137  28.118  14.989  -32.295 0.0000000000
129415  25.457  11.325  -29.854 0.0000000000
