#!ascii label  , from subject sub-s006 vox2ras=TkReg
386
79359  -24.527  18.142  -35.564 0.0000000000
76839  -20.067  14.785  -33.329 0.0000000000
76057  -25.092  13.628  -34.578 0.0000000000
109477  -20.986  10.501  -32.621 0.0000000000
88580  -25.061  28.586  -30.665 0.0000000000
86141  -28.574  25.015  -28.846 0.0000000000
83677  -24.026  22.881  -33.788 0.0000000000
68887  -19.916  5.682  -31.241 0.0000000000
75201  -20.458  12.452  -32.863 0.0000000000
72554  -18.799  10.191  -31.197 0.0000000000
110211  -26.832  26.879  -29.768 0.0000000000
110060  -26.676  24.732  -31.058 0.0000000000
80966  -20.907  19.244  -33.765 0.0000000000
83664  -20.011  23.461  -32.673 0.0000000000
82795  -24.284  20.727  -35.261 0.0000000000
82759  -27.922  21.129  -32.615 0.0000000000
80968  -27.901  19.823  -33.690 0.0000000000
79342  -27.179  17.234  -33.449 0.0000000000
78516  -19.760  16.965  -32.198 0.0000000000
78540  -22.135  16.210  -34.482 0.0000000000
78541  -24.544  16.022  -35.122 0.0000000000
76077  -20.889  13.730  -36.311 0.0000000000
74352  -22.882  11.934  -33.971 0.0000000000
71718  -24.661  8.905  -33.168 0.0000000000
109536  -25.323  23.838  -32.216 0.0000000000
109800  -27.249  23.411  -31.451 0.0000000000
84537  -29.446  22.975  -29.828 0.0000000000
112629  -18.753  7.831  -30.507 0.0000000000
111501  -20.497  7.794  -31.693 0.0000000000
128829  -18.474  11.627  -31.305 0.0000000000
112961  -18.331  9.940  -30.546 0.0000000000
109535  -26.299  25.419  -31.133 0.0000000000
109925  -26.243  24.868  -31.533 0.0000000000
80984  -22.475  19.398  -35.015 0.0000000000
81843  -21.904  20.653  -34.716 0.0000000000
80987  -24.257  19.431  -35.818 0.0000000000
81846  -25.856  20.142  -34.904 0.0000000000
80138  -26.086  18.940  -35.033 0.0000000000
80126  -27.392  19.024  -33.833 0.0000000000
130046  -25.789  18.223  -34.561 0.0000000000
123041  -19.995  16.373  -32.601 0.0000000000
78530  -20.736  16.738  -33.406 0.0000000000
77688  -20.580  15.438  -33.757 0.0000000000
77712  -21.178  14.833  -35.417 0.0000000000
76052  -18.201  14.314  -35.290 0.0000000000
109474  -19.902  11.079  -33.229 0.0000000000
109970  -21.965  11.922  -33.501 0.0000000000
73488  -22.358  11.128  -33.318 0.0000000000
73489  -23.737  10.471  -33.518 0.0000000000
71716  -22.910  9.203  -33.088 0.0000000000
125041  -24.049  27.285  -32.046 0.0000000000
109544  -22.839  28.009  -33.123 0.0000000000
89472  -23.865  28.904  -31.729 0.0000000000
118933  -23.236  30.638  -30.968 0.0000000000
88574  -26.484  28.721  -29.863 0.0000000000
86128  -28.010  25.866  -28.923 0.0000000000
130305  -21.931  23.630  -33.962 0.0000000000
85365  -22.961  23.981  -33.650 0.0000000000
109874  -25.064  23.219  -32.922 0.0000000000
109882  -26.020  23.623  -32.297 0.0000000000
83665  -25.740  22.939  -32.780 0.0000000000
82745  -28.441  21.179  -32.093 0.0000000000
82727  -28.527  21.782  -31.540 0.0000000000
82729  -29.988  21.809  -30.438 0.0000000000
76851  -24.364  14.703  -34.983 0.0000000000
77702  -25.910  15.583  -34.461 0.0000000000
69723  -19.288  6.133  -30.690 0.0000000000
70708  -19.060  7.022  -30.631 0.0000000000
116135  -19.524  7.617  -31.108 0.0000000000
131058  -20.342  6.135  -31.497 0.0000000000
76031  -19.797  13.655  -31.670 0.0000000000
76830  -20.246  13.894  -32.657 0.0000000000
75199  -18.567  11.833  -32.189 0.0000000000
74351  -18.614  10.683  -33.936 0.0000000000
73463  -19.571  10.340  -32.459 0.0000000000
109765  -24.644  27.214  -30.991 0.0000000000
87717  -26.675  27.719  -29.984 0.0000000000
109881  -26.079  26.946  -30.407 0.0000000000
109653  -27.013  25.983  -29.762 0.0000000000
125154  -27.365  24.492  -30.256 0.0000000000
81816  -19.056  20.338  -32.473 0.0000000000
81830  -20.514  21.217  -33.444 0.0000000000
82782  -22.489  22.041  -34.738 0.0000000000
110904  -23.764  21.939  -34.716 0.0000000000
83679  -25.868  22.054  -33.273 0.0000000000
82786  -25.700  20.929  -34.390 0.0000000000
81817  -27.957  20.457  -33.194 0.0000000000
80952  -28.635  19.936  -32.274 0.0000000000
80953  -28.957  19.170  -32.045 0.0000000000
68028  -21.399  4.219  -31.088 0.0000000000
68889  -21.564  5.406  -31.708 0.0000000000
80123  -19.761  18.630  -32.935 0.0000000000
80135  -21.362  18.191  -33.815 0.0000000000
79356  -22.906  17.644  -35.135 0.0000000000
79358  -24.142  17.309  -35.584 0.0000000000
78551  -22.855  15.885  -35.346 0.0000000000
77713  -22.426  14.814  -35.400 0.0000000000
76067  -23.271  13.645  -35.323 0.0000000000
76054  -20.232  12.919  -35.209 0.0000000000
117543  -21.939  12.897  -35.440 0.0000000000
131900  -24.056  12.816  -34.823 0.0000000000
123718  -24.747  11.584  -33.937 0.0000000000
73491  -25.551  10.276  -33.309 0.0000000000
88575  -27.143  28.277  -29.453 0.0000000000
109709  -26.145  24.161  -31.890 0.0000000000
109527  -26.613  24.160  -31.495 0.0000000000
109789  -28.007  23.739  -30.248 0.0000000000
83653  -27.207  22.692  -31.894 0.0000000000
128939  -28.308  22.821  -30.951 0.0000000000
84524  -28.836  23.580  -29.624 0.0000000000
78543  -25.706  16.363  -34.555 0.0000000000
78517  -27.747  16.550  -33.104 0.0000000000
72546  -18.198  9.114  -30.525 0.0000000000
129817  -18.562  9.453  -30.912 0.0000000000
71691  -19.857  8.636  -31.474 0.0000000000
71707  -20.741  8.658  -32.000 0.0000000000
68897  -21.889  5.938  -32.136 0.0000000000
70737  -21.917  7.303  -32.368 0.0000000000
125768  -22.409  8.545  -32.706 0.0000000000
109537  -25.993  25.100  -31.427 0.0000000000
80148  -23.753  18.823  -35.759 0.0000000000
80985  -23.103  19.542  -35.432 0.0000000000
80149  -24.265  18.802  -36.003 0.0000000000
80150  -24.937  19.176  -35.900 0.0000000000
80137  -25.339  18.637  -35.365 0.0000000000
79347  -25.047  17.694  -35.006 0.0000000000
76829  -20.050  14.528  -31.898 0.0000000000
77657  -19.845  15.144  -31.326 0.0000000000
77677  -20.097  15.685  -32.902 0.0000000000
118938  -20.270  16.010  -33.131 0.0000000000
77687  -19.684  15.110  -34.012 0.0000000000
77698  -18.382  15.065  -34.831 0.0000000000
76850  -18.683  14.539  -34.543 0.0000000000
109475  -21.214  11.232  -32.898 0.0000000000
73479  -21.897  10.543  -32.935 0.0000000000
72579  -22.698  10.186  -33.238 0.0000000000
72571  -21.966  9.605  -32.697 0.0000000000
88584  -24.402  27.909  -31.042 0.0000000000
88583  -23.794  28.068  -32.226 0.0000000000
88579  -24.444  28.722  -31.225 0.0000000000
89463  -24.302  29.389  -31.105 0.0000000000
89451  -25.979  29.603  -29.960 0.0000000000
88573  -25.683  28.859  -30.310 0.0000000000
86129  -29.104  25.862  -28.503 0.0000000000
84569  -23.271  23.304  -34.093 0.0000000000
84561  -22.362  24.096  -33.728 0.0000000000
110011  -23.717  23.608  -33.312 0.0000000000
112225  -24.465  23.170  -33.196 0.0000000000
83678  -24.990  22.598  -33.435 0.0000000000
82746  -28.888  21.175  -31.613 0.0000000000
82728  -29.206  21.563  -30.980 0.0000000000
76852  -25.030  14.537  -34.604 0.0000000000
76853  -25.827  14.772  -34.397 0.0000000000
76058  -25.836  13.782  -34.316 0.0000000000
68044  -20.261  4.795  -31.335 0.0000000000
68875  -19.499  5.177  -30.853 0.0000000000
69743  -19.682  6.573  -31.135 0.0000000000
132661  -18.121  12.779  -31.506 0.0000000000
75184  -19.248  12.780  -31.764 0.0000000000
73461  -18.735  10.861  -31.766 0.0000000000
124289  -18.623  11.420  -32.196 0.0000000000
73477  -18.347  10.609  -32.938 0.0000000000
73478  -18.843  10.883  -33.588 0.0000000000
73462  -19.091  10.548  -32.222 0.0000000000
109541  -25.343  26.895  -30.702 0.0000000000
125240  -26.432  25.838  -30.732 0.0000000000
109612  -26.820  25.255  -30.427 0.0000000000
80965  -19.797  19.836  -33.224 0.0000000000
114161  -20.624  20.290  -33.660 0.0000000000
81854  -23.134  20.534  -35.393 0.0000000000
82781  -21.850  21.586  -34.560 0.0000000000
82793  -22.950  21.483  -35.063 0.0000000000
82783  -23.109  22.263  -34.801 0.0000000000
82784  -24.344  21.357  -34.847 0.0000000000
82785  -24.981  21.352  -34.473 0.0000000000
81845  -25.025  20.627  -34.967 0.0000000000
80967  -27.211  19.724  -34.265 0.0000000000
81832  -26.611  20.435  -34.283 0.0000000000
81818  -28.369  20.520  -32.578 0.0000000000
80951  -28.323  19.944  -33.021 0.0000000000
123818  -28.479  19.438  -32.550 0.0000000000
117142  -27.487  18.205  -33.246 0.0000000000
122531  -28.141  18.264  -32.802 0.0000000000
79326  -27.978  17.459  -32.946 0.0000000000
67138  -21.077  3.514  -30.601 0.0000000000
120323  -21.717  4.186  -30.266 0.0000000000
79305  -19.394  18.044  -32.044 0.0000000000
80107  -19.282  18.868  -32.337 0.0000000000
79325  -19.771  17.854  -32.585 0.0000000000
78539  -21.431  16.063  -33.874 0.0000000000
79340  -20.878  17.683  -33.529 0.0000000000
79346  -21.668  17.149  -33.960 0.0000000000
80136  -22.108  17.910  -34.426 0.0000000000
79355  -22.347  17.118  -34.714 0.0000000000
120219  -23.199  16.825  -35.394 0.0000000000
123915  -22.662  16.555  -35.121 0.0000000000
76863  -20.370  14.239  -36.167 0.0000000000
76078  -21.886  13.893  -35.863 0.0000000000
76864  -22.873  14.302  -35.452 0.0000000000
76066  -22.406  13.534  -35.648 0.0000000000
76042  -20.467  13.197  -33.326 0.0000000000
124418  -20.151  13.271  -34.311 0.0000000000
128428  -20.899  12.558  -33.462 0.0000000000
75211  -22.182  12.584  -34.415 0.0000000000
75221  -22.799  12.760  -34.902 0.0000000000
75232  -23.378  12.972  -35.130 0.0000000000
74360  -23.608  12.417  -34.524 0.0000000000
74361  -24.413  12.259  -34.407 0.0000000000
74353  -23.888  11.466  -33.910 0.0000000000
72581  -24.236  9.701  -33.375 0.0000000000
73490  -24.674  10.630  -33.536 0.0000000000
72582  -25.175  9.585  -33.291 0.0000000000
87718  -27.293  27.560  -29.084 0.0000000000
82756  -19.725  22.545  -32.551 0.0000000000
109525  -24.610  23.653  -32.320 0.0000000000
109523  -25.760  23.960  -32.126 0.0000000000
109998  -26.574  23.547  -31.896 0.0000000000
109692  -27.250  23.967  -30.920 0.0000000000
82757  -26.632  21.533  -33.141 0.0000000000
83666  -26.357  22.251  -32.770 0.0000000000
83667  -27.125  21.876  -32.511 0.0000000000
83639  -28.648  22.338  -30.939 0.0000000000
84536  -28.634  22.997  -30.415 0.0000000000
84525  -29.776  23.605  -29.268 0.0000000000
78553  -24.333  16.608  -35.429 0.0000000000
78542  -24.958  16.672  -35.024 0.0000000000
117631  -26.354  16.109  -34.213 0.0000000000
70707  -18.657  7.298  -30.216 0.0000000000
117292  -18.376  7.847  -29.983 0.0000000000
71677  -18.342  8.427  -30.399 0.0000000000
71678  -18.864  8.658  -30.862 0.0000000000
71692  -21.301  7.911  -32.172 0.0000000000
114194  -21.984  8.002  -32.451 0.0000000000
74330  -17.994  12.449  -31.438 0.0000000000
74314  -17.961  12.116  -30.675 0.0000000000
73448  -18.488  11.009  -30.781 0.0000000000
109835  -25.900  26.137  -30.910 0.0000000000
127546  -26.195  25.505  -31.137 0.0000000000
80975  -21.809  19.323  -34.505 0.0000000000
81842  -21.430  20.058  -34.245 0.0000000000
116600  -22.006  19.943  -34.778 0.0000000000
81855  -23.918  20.263  -35.520 0.0000000000
81857  -25.259  19.846  -35.344 0.0000000000
80977  -26.422  19.589  -34.759 0.0000000000
80125  -26.672  18.923  -34.473 0.0000000000
79341  -26.535  17.991  -33.854 0.0000000000
114460  -19.848  16.033  -32.005 0.0000000000
78529  -20.181  16.963  -32.811 0.0000000000
77699  -21.075  15.260  -34.606 0.0000000000
115807  -19.472  15.211  -34.755 0.0000000000
77711  -19.932  14.840  -35.504 0.0000000000
76076  -19.860  13.817  -36.269 0.0000000000
109473  -19.896  11.563  -32.972 0.0000000000
109478  -20.993  11.921  -33.035 0.0000000000
126572  -23.132  10.923  -33.539 0.0000000000
72580  -23.407  9.789  -33.344 0.0000000000
71717  -23.784  8.991  -33.180 0.0000000000
129618  -23.868  27.364  -32.276 0.0000000000
89471  -23.042  28.864  -32.378 0.0000000000
90309  -23.415  29.742  -31.546 0.0000000000
86943  -27.519  26.739  -28.888 0.0000000000
109668  -21.902  25.024  -32.908 0.0000000000
109542  -23.194  24.464  -33.131 0.0000000000
109534  -24.618  23.544  -32.716 0.0000000000
109528  -25.423  23.571  -32.479 0.0000000000
83652  -26.485  22.869  -32.345 0.0000000000
82744  -27.927  21.884  -32.031 0.0000000000
83640  -29.327  22.362  -30.437 0.0000000000
77700  -24.706  15.380  -34.872 0.0000000000
77701  -25.080  15.907  -34.711 0.0000000000
132752  -25.249  15.296  -34.625 0.0000000000
123623  -26.429  15.017  -34.069 0.0000000000
69708  -18.796  6.612  -30.191 0.0000000000
70726  -20.379  6.894  -31.539 0.0000000000
76789  -19.362  14.212  -30.957 0.0000000000
76032  -20.215  13.053  -32.320 0.0000000000
75200  -19.551  12.045  -32.440 0.0000000000
74343  -18.923  11.079  -33.116 0.0000000000
109476  -19.022  10.905  -33.694 0.0000000000
109667  -19.331  10.747  -33.693 0.0000000000
109819  -19.855  10.309  -33.063 0.0000000000
109818  -24.315  27.362  -31.467 0.0000000000
119180  -25.518  27.846  -30.440 0.0000000000
109718  -26.423  26.356  -30.424 0.0000000000
109767  -27.599  25.110  -29.522 0.0000000000
82770  -20.389  22.266  -33.161 0.0000000000
81831  -21.288  20.944  -34.068 0.0000000000
82771  -21.183  21.979  -33.901 0.0000000000
83676  -21.041  23.219  -33.499 0.0000000000
83688  -22.547  22.914  -34.503 0.0000000000
125713  -23.003  23.007  -34.556 0.0000000000
83689  -23.539  22.627  -34.459 0.0000000000
82772  -25.362  21.715  -33.915 0.0000000000
82773  -26.198  21.266  -33.772 0.0000000000
82774  -26.887  20.914  -33.635 0.0000000000
82758  -27.376  21.019  -33.157 0.0000000000
81801  -28.804  20.552  -31.893 0.0000000000
81802  -29.411  20.758  -31.389 0.0000000000
80935  -29.383  19.839  -31.627 0.0000000000
80108  -27.980  19.125  -32.991 0.0000000000
75223  -25.532  12.921  -34.429 0.0000000000
68027  -20.641  3.991  -31.251 0.0000000000
68045  -21.053  4.700  -31.435 0.0000000000
68888  -20.719  5.430  -31.579 0.0000000000
120800  -19.192  19.556  -32.582 0.0000000000
123314  -19.930  19.160  -33.236 0.0000000000
79339  -20.285  17.746  -33.105 0.0000000000
80124  -20.479  18.446  -33.414 0.0000000000
127144  -21.715  18.660  -34.276 0.0000000000
80146  -22.396  18.608  -34.749 0.0000000000
119640  -23.569  18.097  -35.486 0.0000000000
79357  -23.660  17.395  -35.534 0.0000000000
120014  -23.733  16.530  -35.480 0.0000000000
78552  -24.088  16.053  -35.354 0.0000000000
78550  -22.138  15.542  -34.973 0.0000000000
77714  -23.461  15.451  -35.335 0.0000000000
76865  -23.723  14.622  -35.253 0.0000000000
76068  -23.985  14.043  -35.094 0.0000000000
76056  -24.502  13.890  -34.793 0.0000000000
76041  -19.615  13.858  -34.159 0.0000000000
120352  -19.143  13.063  -34.841 0.0000000000
76065  -20.480  13.288  -36.030 0.0000000000
75210  -21.532  12.547  -33.812 0.0000000000
75220  -21.378  12.822  -34.882 0.0000000000
75230  -21.571  13.226  -35.932 0.0000000000
75231  -22.530  13.107  -35.484 0.0000000000
76055  -23.988  13.348  -35.025 0.0000000000
75222  -24.727  12.970  -34.748 0.0000000000
74362  -25.186  12.212  -34.254 0.0000000000
87709  -28.098  27.557  -28.455 0.0000000000
109984  -25.837  24.375  -31.757 0.0000000000
85336  -28.217  24.313  -29.497 0.0000000000
83654  -28.000  22.625  -31.424 0.0000000000
125255  -27.917  23.273  -30.934 0.0000000000
85337  -29.191  24.252  -28.964 0.0000000000
115216  -25.703  17.332  -34.490 0.0000000000
78531  -26.417  16.860  -34.063 0.0000000000
78532  -26.980  16.320  -33.657 0.0000000000
72530  -18.145  9.557  -30.353 0.0000000000
72555  -19.344  9.626  -31.443 0.0000000000
72569  -20.188  9.595  -31.964 0.0000000000
72570  -20.949  9.542  -32.331 0.0000000000
69744  -21.121  6.151  -31.920 0.0000000000
70727  -21.164  7.086  -32.031 0.0000000000
69760  -21.839  6.540  -32.274 0.0000000000
71708  -21.574  8.675  -32.384 0.0000000000
72572  -25.875  9.216  -33.186 0.0000000000
73487  -18.748  10.491  -34.092 0.0000000000
74342  -18.447  10.939  -33.186 0.0000000000
75209  -20.913  12.899  -34.143 0.0000000000
75219  -21.094  12.939  -35.677 0.0000000000
76051  -18.053  14.422  -35.278 0.0000000000
76053  -18.451  13.820  -34.976 0.0000000000
76064  -18.614  13.908  -35.465 0.0000000000
76075  -19.082  13.923  -35.934 0.0000000000
76849  -18.034  14.460  -35.084 0.0000000000
76860  -18.112  14.734  -35.285 0.0000000000
76861  -18.602  14.331  -35.641 0.0000000000
76862  -19.378  14.295  -35.969 0.0000000000
77710  -18.814  14.872  -35.375 0.0000000000
77715  -24.191  15.430  -35.225 0.0000000000
80147  -23.097  18.669  -35.248 0.0000000000
80976  -25.669  19.375  -35.271 0.0000000000
80986  -23.724  19.581  -35.648 0.0000000000
81833  -27.437  20.388  -33.789 0.0000000000
81844  -22.466  21.112  -34.990 0.0000000000
81853  -22.485  20.231  -35.168 0.0000000000
81856  -24.625  20.022  -35.519 0.0000000000
82794  -23.595  21.245  -35.128 0.0000000000
83663  -19.093  23.646  -32.245 0.0000000000
83687  -21.851  22.627  -34.338 0.0000000000
83690  -24.421  22.084  -34.256 0.0000000000
84568  -22.672  23.516  -34.193 0.0000000000
85364  -22.546  24.698  -33.304 0.0000000000
109791  -22.861  27.991  -33.138 0.0000000000
111005  -18.806  10.792  -33.772 0.0000000000
112454  -19.323  13.508  -35.593 0.0000000000
113467  -21.418  14.323  -35.845 0.0000000000
114272  -24.024  19.098  -35.986 0.0000000000
117385  -24.025  18.089  -35.700 0.0000000000
125183  -20.049  10.904  -33.247 0.0000000000
126277  -22.042  15.057  -35.287 0.0000000000
129755  -24.545  17.226  -35.419 0.0000000000
129920  -25.711  9.686  -33.250 0.0000000000
131202  -23.225  10.323  -33.421 0.0000000000
133459  -20.012  15.304  -32.275 0.0000000000
