#!ascii label  , from subject sub-s006 vox2ras=TkReg
332
72556  -26.657  9.161  -31.871 0.0000000000
76057  -25.092  13.628  -34.578 0.0000000000
86141  -28.574  25.015  -28.846 0.0000000000
81784  -29.991  21.052  -30.834 0.0000000000
78503  -30.855  16.613  -31.461 0.0000000000
75186  -31.117  12.339  -30.652 0.0000000000
110211  -26.832  26.879  -29.768 0.0000000000
80092  -29.748  18.859  -31.717 0.0000000000
79342  -27.179  17.234  -33.449 0.0000000000
74355  -26.122  11.461  -33.313 0.0000000000
76034  -28.121  13.535  -32.340 0.0000000000
74332  -28.863  11.311  -31.531 0.0000000000
127325  -22.667  5.353  -30.640 0.0000000000
71718  -24.661  8.905  -33.168 0.0000000000
91892  -22.619  32.278  -29.912 0.0000000000
91146  -25.107  31.057  -30.284 0.0000000000
89440  -28.137  29.104  -28.790 0.0000000000
87711  -30.348  27.994  -28.182 0.0000000000
130327  -31.490  25.410  -28.891 0.0000000000
84537  -29.446  22.975  -29.828 0.0000000000
84528  -32.390  23.351  -29.835 0.0000000000
81786  -32.261  20.743  -30.472 0.0000000000
80074  -33.298  18.520  -30.496 0.0000000000
120841  -33.684  16.112  -30.626 0.0000000000
123216  -27.848  15.119  -32.909 0.0000000000
76815  -31.075  14.747  -30.619 0.0000000000
80126  -27.392  19.024  -33.833 0.0000000000
130046  -25.789  18.223  -34.561 0.0000000000
73480  -26.471  10.152  -32.723 0.0000000000
74345  -27.214  11.485  -32.246 0.0000000000
110795  -27.538  10.056  -31.621 0.0000000000
65383  -22.393  1.424  -27.988 0.0000000000
66211  -22.665  2.144  -27.791 0.0000000000
67097  -23.000  3.877  -28.089 0.0000000000
73489  -23.737  10.471  -33.518 0.0000000000
71716  -22.910  9.203  -33.088 0.0000000000
90286  -26.371  30.464  -29.758 0.0000000000
86128  -28.010  25.866  -28.923 0.0000000000
87709  -28.098  27.557  -28.455 0.0000000000
86129  -29.104  25.862  -28.503 0.0000000000
86946  -30.540  27.125  -28.254 0.0000000000
86142  -29.688  25.082  -28.574 0.0000000000
82729  -29.988  21.809  -30.438 0.0000000000
83627  -30.942  22.762  -29.610 0.0000000000
82710  -30.652  22.104  -30.083 0.0000000000
82712  -32.216  22.105  -30.088 0.0000000000
81785  -31.384  20.685  -30.586 0.0000000000
80111  -30.061  17.965  -31.951 0.0000000000
80938  -32.016  19.094  -30.768 0.0000000000
79312  -31.972  17.798  -30.909 0.0000000000
79294  -33.765  17.711  -30.412 0.0000000000
78480  -32.218  16.926  -30.675 0.0000000000
76851  -24.364  14.703  -34.983 0.0000000000
77702  -25.910  15.583  -34.461 0.0000000000
76840  -26.503  14.293  -33.930 0.0000000000
123344  -29.749  13.019  -31.188 0.0000000000
76017  -29.356  13.718  -31.488 0.0000000000
76019  -30.829  13.927  -30.591 0.0000000000
76797  -32.717  14.643  -30.668 0.0000000000
76020  -32.582  13.182  -30.819 0.0000000000
68860  -23.545  5.530  -29.462 0.0000000000
69745  -23.109  6.228  -31.736 0.0000000000
69725  -24.381  6.636  -30.615 0.0000000000
70740  -24.645  7.431  -31.967 0.0000000000
80952  -28.635  19.936  -32.274 0.0000000000
81803  -30.107  20.298  -31.159 0.0000000000
80953  -28.957  19.170  -32.045 0.0000000000
80110  -29.309  18.328  -32.213 0.0000000000
119754  -29.283  16.953  -32.390 0.0000000000
75212  -25.955  12.203  -33.805 0.0000000000
76043  -26.569  13.455  -33.764 0.0000000000
75202  -27.003  12.029  -32.821 0.0000000000
75185  -28.382  11.971  -31.691 0.0000000000
74333  -29.801  11.416  -31.303 0.0000000000
68844  -22.991  5.057  -28.987 0.0000000000
131900  -24.056  12.816  -34.823 0.0000000000
123718  -24.747  11.584  -33.937 0.0000000000
73491  -25.551  10.276  -33.309 0.0000000000
71719  -25.395  8.861  -33.135 0.0000000000
128091  -24.146  33.155  -29.090 0.0000000000
91143  -21.395  31.824  -30.536 0.0000000000
91893  -23.930  32.128  -30.176 0.0000000000
91131  -26.763  31.204  -29.394 0.0000000000
90288  -28.205  30.609  -29.028 0.0000000000
89455  -29.463  29.905  -29.150 0.0000000000
88575  -27.143  28.277  -29.453 0.0000000000
88565  -28.621  28.393  -28.371 0.0000000000
88567  -30.667  28.593  -28.597 0.0000000000
88568  -31.317  28.292  -28.763 0.0000000000
129659  -32.044  27.210  -29.331 0.0000000000
86144  -32.469  25.786  -29.835 0.0000000000
84524  -28.836  23.580  -29.624 0.0000000000
85338  -30.269  24.317  -28.754 0.0000000000
85339  -31.328  24.445  -28.990 0.0000000000
85349  -32.657  24.833  -30.195 0.0000000000
84539  -33.086  23.079  -30.277 0.0000000000
81805  -33.702  21.000  -30.989 0.0000000000
80917  -31.906  19.898  -30.637 0.0000000000
122044  -32.690  20.181  -30.557 0.0000000000
78543  -25.706  16.363  -34.555 0.0000000000
78517  -27.747  16.550  -33.104 0.0000000000
78501  -29.572  16.325  -32.130 0.0000000000
76831  -27.818  14.270  -32.799 0.0000000000
76813  -29.287  15.040  -31.839 0.0000000000
77662  -30.591  15.578  -31.205 0.0000000000
77644  -32.317  15.389  -30.548 0.0000000000
77646  -34.040  15.334  -31.038 0.0000000000
71709  -24.212  8.223  -32.983 0.0000000000
70741  -25.255  8.027  -32.391 0.0000000000
71693  -25.933  8.379  -32.015 0.0000000000
72573  -26.364  9.270  -32.793 0.0000000000
73464  -26.734  9.804  -31.918 0.0000000000
72557  -27.384  9.380  -31.506 0.0000000000
64567  -22.997  0.654  -27.757 0.0000000000
65384  -23.185  1.560  -27.579 0.0000000000
82746  -28.888  21.175  -31.613 0.0000000000
82728  -29.206  21.563  -30.980 0.0000000000
111125  -30.819  21.378  -30.402 0.0000000000
120452  -30.628  20.672  -30.765 0.0000000000
79310  -30.784  17.533  -31.646 0.0000000000
79311  -31.349  17.904  -31.347 0.0000000000
123438  -31.464  17.227  -31.231 0.0000000000
78504  -31.540  16.590  -31.020 0.0000000000
76852  -25.030  14.537  -34.604 0.0000000000
76853  -25.827  14.772  -34.397 0.0000000000
76058  -25.836  13.782  -34.316 0.0000000000
117812  -30.562  13.077  -30.675 0.0000000000
116607  -31.553  13.268  -30.533 0.0000000000
75187  -32.061  12.437  -30.743 0.0000000000
75188  -32.933  12.425  -31.090 0.0000000000
69709  -23.998  6.058  -29.999 0.0000000000
80951  -28.323  19.944  -33.021 0.0000000000
123818  -28.479  19.438  -32.550 0.0000000000
117142  -27.487  18.205  -33.246 0.0000000000
122531  -28.141  18.264  -32.802 0.0000000000
79327  -28.794  17.723  -32.553 0.0000000000
79326  -27.978  17.459  -32.946 0.0000000000
75213  -26.665  12.628  -33.447 0.0000000000
120842  -26.478  11.911  -33.254 0.0000000000
74331  -27.879  11.251  -31.757 0.0000000000
114423  -29.192  12.266  -31.417 0.0000000000
73468  -30.257  10.727  -31.302 0.0000000000
73467  -29.470  10.558  -31.442 0.0000000000
64576  -22.255  0.583  -28.431 0.0000000000
64594  -21.603  0.353  -29.339 0.0000000000
68002  -22.574  4.355  -28.723 0.0000000000
68003  -23.397  4.598  -28.334 0.0000000000
74361  -24.413  12.259  -34.407 0.0000000000
72581  -24.236  9.701  -33.375 0.0000000000
73490  -24.674  10.630  -33.536 0.0000000000
72582  -25.175  9.585  -33.291 0.0000000000
91877  -22.082  33.142  -29.093 0.0000000000
92607  -22.803  33.539  -28.588 0.0000000000
91878  -23.426  32.797  -29.484 0.0000000000
90298  -24.439  30.255  -30.625 0.0000000000
91145  -24.225  31.296  -30.485 0.0000000000
91129  -25.097  31.854  -29.974 0.0000000000
91130  -25.868  31.192  -29.903 0.0000000000
89452  -26.842  29.697  -29.553 0.0000000000
90287  -27.239  30.521  -29.343 0.0000000000
89453  -27.715  29.823  -29.180 0.0000000000
89454  -28.613  29.900  -29.043 0.0000000000
87718  -27.293  27.560  -29.084 0.0000000000
87710  -29.349  27.584  -28.141 0.0000000000
88566  -29.686  28.535  -28.318 0.0000000000
87712  -31.138  27.893  -28.419 0.0000000000
86131  -31.248  26.290  -28.612 0.0000000000
86955  -31.894  26.910  -28.941 0.0000000000
123143  -31.977  26.029  -29.149 0.0000000000
86956  -32.238  26.594  -29.555 0.0000000000
83639  -28.648  22.338  -30.939 0.0000000000
84536  -28.634  22.997  -30.415 0.0000000000
84525  -29.776  23.605  -29.268 0.0000000000
84526  -30.712  23.610  -29.197 0.0000000000
84527  -31.574  23.497  -29.441 0.0000000000
85340  -32.197  24.173  -29.582 0.0000000000
116935  -32.895  23.893  -30.229 0.0000000000
82731  -32.658  21.505  -30.376 0.0000000000
83629  -32.971  22.287  -30.313 0.0000000000
82732  -33.370  21.688  -30.697 0.0000000000
81787  -33.133  20.822  -30.593 0.0000000000
80936  -30.351  19.450  -31.318 0.0000000000
81804  -30.934  20.027  -30.900 0.0000000000
80073  -32.421  18.501  -30.680 0.0000000000
80918  -32.779  19.362  -30.587 0.0000000000
121764  -33.345  20.062  -30.644 0.0000000000
80919  -33.696  19.308  -30.639 0.0000000000
78482  -34.213  16.907  -30.533 0.0000000000
78505  -34.583  16.129  -30.970 0.0000000000
78542  -24.958  16.672  -35.024 0.0000000000
77689  -26.709  15.587  -33.875 0.0000000000
117631  -26.354  16.109  -34.213 0.0000000000
77690  -27.450  15.704  -33.262 0.0000000000
128832  -28.973  16.323  -32.435 0.0000000000
77678  -28.325  15.864  -32.727 0.0000000000
76033  -27.545  13.432  -32.851 0.0000000000
76841  -27.105  13.914  -33.346 0.0000000000
76814  -30.353  14.595  -31.078 0.0000000000
114159  -29.646  14.432  -31.470 0.0000000000
129886  -29.911  15.076  -31.467 0.0000000000
77661  -29.759  15.678  -31.774 0.0000000000
77663  -31.484  15.448  -30.659 0.0000000000
76816  -33.684  13.972  -31.341 0.0000000000
76798  -33.510  14.612  -31.011 0.0000000000
76817  -34.298  14.509  -31.545 0.0000000000
70728  -24.686  7.205  -31.155 0.0000000000
70729  -25.405  7.736  -31.356 0.0000000000
70730  -26.245  8.159  -31.059 0.0000000000
79341  -26.535  17.991  -33.854 0.0000000000
73492  -26.081  10.679  -33.142 0.0000000000
74344  -26.594  11.207  -32.754 0.0000000000
73465  -27.033  10.679  -31.941 0.0000000000
73466  -28.445  10.420  -31.550 0.0000000000
72558  -28.289  9.533  -31.446 0.0000000000
68001  -22.321  3.687  -28.512 0.0000000000
128565  -22.613  3.002  -28.008 0.0000000000
66212  -23.334  2.406  -27.619 0.0000000000
126572  -23.132  10.923  -33.539 0.0000000000
72580  -23.407  9.789  -33.344 0.0000000000
71717  -23.784  8.991  -33.180 0.0000000000
91891  -21.653  32.504  -29.608 0.0000000000
90285  -25.497  30.382  -30.153 0.0000000000
89451  -25.979  29.603  -29.960 0.0000000000
121630  -27.353  28.997  -29.279 0.0000000000
86943  -27.519  26.739  -28.888 0.0000000000
86944  -28.581  26.695  -28.432 0.0000000000
86945  -29.579  26.646  -28.258 0.0000000000
86130  -30.201  26.018  -28.359 0.0000000000
86143  -30.747  25.241  -28.611 0.0000000000
83640  -29.327  22.362  -30.437 0.0000000000
84538  -30.199  23.079  -29.541 0.0000000000
83641  -30.083  22.492  -29.956 0.0000000000
83628  -31.848  22.724  -29.760 0.0000000000
129075  -32.526  22.717  -30.026 0.0000000000
82711  -31.393  22.071  -30.015 0.0000000000
82730  -31.790  21.400  -30.299 0.0000000000
80093  -30.754  18.485  -31.483 0.0000000000
80937  -31.263  19.227  -31.020 0.0000000000
80094  -31.637  18.498  -31.074 0.0000000000
79293  -32.815  17.731  -30.521 0.0000000000
78481  -33.246  16.913  -30.437 0.0000000000
118973  -32.742  16.123  -30.504 0.0000000000
77701  -25.080  15.907  -34.711 0.0000000000
132752  -25.249  15.296  -34.625 0.0000000000
123623  -26.429  15.017  -34.069 0.0000000000
117691  -27.125  14.841  -33.451 0.0000000000
124371  -29.052  13.093  -31.521 0.0000000000
76016  -28.692  13.615  -31.846 0.0000000000
76018  -30.094  13.786  -31.097 0.0000000000
76796  -31.899  14.710  -30.504 0.0000000000
75998  -32.251  13.950  -30.612 0.0000000000
75999  -33.071  13.907  -30.894 0.0000000000
76021  -33.410  13.210  -31.381 0.0000000000
76022  -34.089  13.628  -31.777 0.0000000000
119046  -23.271  5.677  -30.326 0.0000000000
68877  -22.858  5.772  -31.114 0.0000000000
69724  -23.570  6.241  -30.877 0.0000000000
69746  -23.963  6.786  -31.634 0.0000000000
69763  -24.047  7.199  -32.323 0.0000000000
81801  -28.804  20.552  -31.893 0.0000000000
81802  -29.411  20.758  -31.389 0.0000000000
80935  -29.383  19.839  -31.627 0.0000000000
80108  -27.980  19.125  -32.991 0.0000000000
80109  -28.581  18.700  -32.477 0.0000000000
79328  -29.537  17.592  -32.269 0.0000000000
78519  -30.074  17.026  -32.016 0.0000000000
75223  -25.532  12.921  -34.429 0.0000000000
75224  -26.144  12.962  -34.050 0.0000000000
75214  -27.295  12.739  -32.847 0.0000000000
121649  -27.786  12.953  -32.383 0.0000000000
75203  -27.680  12.190  -32.170 0.0000000000
75204  -28.362  12.819  -31.806 0.0000000000
114718  -30.211  12.242  -31.028 0.0000000000
74335  -31.634  11.786  -30.814 0.0000000000
74334  -30.821  11.423  -31.013 0.0000000000
123176  -21.960  -0.458  -29.458 0.0000000000
68029  -22.160  4.752  -30.654 0.0000000000
68018  -22.330  4.591  -29.597 0.0000000000
68876  -22.817  5.198  -29.897 0.0000000000
68845  -23.855  5.254  -28.683 0.0000000000
75222  -24.727  12.970  -34.748 0.0000000000
74362  -25.186  12.212  -34.254 0.0000000000
74354  -25.474  11.303  -33.574 0.0000000000
74353  -23.888  11.466  -33.910 0.0000000000
72583  -26.094  9.812  -33.135 0.0000000000
129368  -26.285  8.816  -32.363 0.0000000000
114966  -22.037  34.111  -27.529 0.0000000000
91144  -22.885  31.518  -30.595 0.0000000000
91879  -25.331  32.533  -29.274 0.0000000000
90289  -29.157  30.701  -29.098 0.0000000000
119327  -30.081  29.822  -29.288 0.0000000000
88574  -26.484  28.721  -29.863 0.0000000000
88564  -27.720  28.315  -28.755 0.0000000000
89441  -29.057  29.184  -28.721 0.0000000000
89442  -29.936  29.244  -28.802 0.0000000000
89456  -30.560  29.302  -29.281 0.0000000000
89457  -30.977  29.005  -29.773 0.0000000000
88581  -31.502  28.104  -30.189 0.0000000000
86947  -31.402  27.236  -28.563 0.0000000000
87713  -31.727  27.710  -28.873 0.0000000000
109789  -28.007  23.739  -30.248 0.0000000000
85336  -28.217  24.313  -29.497 0.0000000000
85337  -29.191  24.252  -28.964 0.0000000000
121748  -32.042  25.104  -29.402 0.0000000000
83655  -34.142  22.766  -31.594 0.0000000000
82747  -33.917  21.844  -31.267 0.0000000000
128362  -33.573  20.512  -30.788 0.0000000000
80075  -34.148  18.491  -30.591 0.0000000000
115216  -25.703  17.332  -34.490 0.0000000000
78531  -26.417  16.860  -34.063 0.0000000000
78532  -26.980  16.320  -33.657 0.0000000000
78518  -28.539  16.800  -32.691 0.0000000000
78502  -30.174  16.254  -31.746 0.0000000000
76812  -28.968  14.323  -31.864 0.0000000000
76832  -28.537  14.924  -32.381 0.0000000000
77679  -29.077  15.700  -32.227 0.0000000000
123571  -31.251  16.084  -30.967 0.0000000000
77664  -31.914  16.091  -30.684 0.0000000000
77645  -33.171  15.356  -30.676 0.0000000000
114886  -23.321  8.298  -32.918 0.0000000000
122864  -24.511  7.756  -32.606 0.0000000000
71710  -25.038  8.333  -32.925 0.0000000000
124975  -25.845  8.633  -32.856 0.0000000000
71694  -26.554  8.682  -31.561 0.0000000000
72572  -25.875  9.216  -33.186 0.0000000000
76044  -27.053  13.219  -33.272 0.0000000000
88576  -31.090  28.756  -29.043 0.0000000000
123382  -28.443  14.133  -32.284 0.0000000000
128865  -31.525  14.111  -30.522 0.0000000000
129920  -25.711  9.686  -33.250 0.0000000000
130425  -27.723  10.604  -31.676 0.0000000000
131202  -23.225  10.323  -33.421 0.0000000000
