#!ascii label  , from subject sub-s006 vox2ras=TkReg
263
15540  47.238  -50.811  -23.260 0.0000000000
27291  49.669  -39.047  -31.008 0.0000000000
16690  49.958  -49.166  -27.818 0.0000000000
20808  48.259  -45.281  -28.213 0.0000000000
22871  53.693  -43.121  -30.771 0.0000000000
19754  52.326  -46.376  -29.376 0.0000000000
20835  51.473  -45.508  -31.528 0.0000000000
23933  48.166  -42.452  -29.410 0.0000000000
21830  45.006  -44.279  -28.222 0.0000000000
15569  49.368  -50.381  -25.215 0.0000000000
19724  50.070  -47.107  -26.709 0.0000000000
22834  51.750  -44.055  -28.615 0.0000000000
26220  52.017  -40.540  -30.978 0.0000000000
24004  52.870  -41.472  -34.543 0.0000000000
15561  44.849  -50.583  -23.532 0.0000000000
15570  46.954  -50.892  -25.252 0.0000000000
14519  47.743  -51.254  -27.437 0.0000000000
20772  45.648  -46.058  -25.554 0.0000000000
19760  50.893  -46.932  -30.723 0.0000000000
124261  48.742  -40.872  -29.935 0.0000000000
25070  47.292  -41.350  -29.772 0.0000000000
16662  49.638  -49.776  -25.885 0.0000000000
18747  50.821  -47.831  -27.118 0.0000000000
20818  53.232  -45.182  -29.343 0.0000000000
21823  52.247  -44.958  -28.376 0.0000000000
22850  53.311  -43.725  -29.257 0.0000000000
23930  51.988  -42.519  -29.367 0.0000000000
131784  53.782  -41.934  -30.881 0.0000000000
26285  52.576  -40.494  -34.413 0.0000000000
15593  46.319  -50.242  -26.837 0.0000000000
14504  47.601  -51.215  -25.886 0.0000000000
15592  46.796  -50.820  -27.397 0.0000000000
19737  47.911  -46.484  -26.782 0.0000000000
20796  46.824  -45.642  -27.567 0.0000000000
22842  43.737  -43.398  -28.423 0.0000000000
21817  43.849  -44.493  -27.339 0.0000000000
129758  50.026  -48.557  -29.216 0.0000000000
17727  51.135  -47.677  -27.925 0.0000000000
18769  51.110  -47.472  -29.368 0.0000000000
128710  52.164  -46.291  -30.255 0.0000000000
20834  52.331  -45.231  -31.370 0.0000000000
22837  47.948  -43.871  -28.881 0.0000000000
21828  46.731  -44.657  -28.483 0.0000000000
22856  46.665  -43.358  -29.114 0.0000000000
23936  45.683  -42.361  -29.387 0.0000000000
28401  48.530  -38.598  -31.542 0.0000000000
15538  48.851  -50.401  -24.101 0.0000000000
19725  48.910  -47.013  -26.399 0.0000000000
20794  48.897  -45.858  -27.678 0.0000000000
19734  51.594  -46.706  -27.801 0.0000000000
20806  50.511  -45.392  -28.014 0.0000000000
21825  49.855  -44.590  -28.455 0.0000000000
22853  50.093  -42.937  -29.039 0.0000000000
25067  50.558  -41.424  -29.797 0.0000000000
115813  50.133  -39.697  -30.779 0.0000000000
22897  53.782  -42.152  -32.154 0.0000000000
26230  53.655  -40.837  -32.442 0.0000000000
27316  51.862  -40.120  -32.586 0.0000000000
27318  49.946  -39.354  -31.988 0.0000000000
15543  44.621  -50.521  -22.937 0.0000000000
14466  46.288  -51.149  -23.570 0.0000000000
16642  45.162  -50.115  -24.493 0.0000000000
14479  47.030  -51.357  -23.917 0.0000000000
14477  48.435  -51.248  -24.646 0.0000000000
14502  48.748  -51.119  -26.316 0.0000000000
15591  48.535  -50.949  -27.352 0.0000000000
14555  47.916  -51.056  -28.766 0.0000000000
15607  48.823  -50.042  -28.919 0.0000000000
21815  45.429  -44.994  -27.769 0.0000000000
16610  46.810  -50.213  -22.812 0.0000000000
16624  47.697  -50.073  -23.206 0.0000000000
132908  49.441  -39.302  -30.606 0.0000000000
26206  48.650  -39.712  -30.202 0.0000000000
117855  49.910  -49.347  -26.589 0.0000000000
17716  50.315  -48.594  -26.836 0.0000000000
21847  53.448  -44.485  -30.405 0.0000000000
21840  53.409  -44.508  -29.115 0.0000000000
23928  53.695  -43.159  -29.974 0.0000000000
23929  53.087  -42.785  -29.529 0.0000000000
23951  53.715  -42.382  -30.774 0.0000000000
25170  51.095  -41.600  -36.157 0.0000000000
20795  47.825  -45.958  -27.601 0.0000000000
20781  47.230  -46.153  -27.027 0.0000000000
20809  47.329  -45.245  -28.162 0.0000000000
22827  42.583  -43.553  -27.462 0.0000000000
17749  50.344  -48.022  -29.676 0.0000000000
18777  50.677  -47.450  -30.206 0.0000000000
19770  51.012  -46.322  -31.220 0.0000000000
124517  51.537  -46.497  -30.660 0.0000000000
20825  51.965  -45.934  -30.935 0.0000000000
20824  52.685  -45.528  -30.717 0.0000000000
22854  48.397  -43.256  -29.068 0.0000000000
22855  47.438  -43.117  -29.235 0.0000000000
25072  45.383  -41.408  -29.553 0.0000000000
23937  44.755  -42.169  -29.274 0.0000000000
15557  49.101  -50.566  -24.585 0.0000000000
16641  48.994  -49.500  -24.309 0.0000000000
17696  49.372  -49.100  -24.919 0.0000000000
19735  49.508  -46.425  -27.094 0.0000000000
18768  51.747  -46.917  -28.957 0.0000000000
18761  51.588  -47.019  -28.160 0.0000000000
19746  52.091  -46.344  -28.501 0.0000000000
20805  51.645  -45.579  -28.059 0.0000000000
21824  51.090  -44.735  -28.324 0.0000000000
22835  50.519  -43.835  -28.678 0.0000000000
22836  49.282  -43.649  -28.826 0.0000000000
25066  51.587  -41.675  -29.782 0.0000000000
25092  51.281  -40.893  -30.320 0.0000000000
25093  50.347  -40.561  -30.308 0.0000000000
26221  51.008  -40.198  -30.941 0.0000000000
22923  50.179  -43.972  -35.287 0.0000000000
24005  52.161  -42.225  -35.163 0.0000000000
23989  51.970  -42.591  -34.317 0.0000000000
23988  52.645  -42.132  -34.022 0.0000000000
25128  53.711  -41.280  -33.176 0.0000000000
25110  53.790  -41.385  -32.474 0.0000000000
26246  53.640  -40.857  -33.127 0.0000000000
26266  51.864  -40.133  -33.575 0.0000000000
126421  52.228  -40.092  -33.081 0.0000000000
27332  51.499  -40.002  -32.820 0.0000000000
27317  50.841  -39.768  -32.136 0.0000000000
27333  50.722  -39.825  -32.624 0.0000000000
15544  44.043  -50.264  -23.175 0.0000000000
15542  45.525  -50.840  -23.234 0.0000000000
16653  45.697  -49.717  -25.458 0.0000000000
15571  46.156  -50.543  -24.800 0.0000000000
15559  46.597  -51.179  -24.243 0.0000000000
14492  47.368  -51.249  -24.732 0.0000000000
14478  47.782  -51.334  -24.308 0.0000000000
131783  47.849  -51.327  -26.670 0.0000000000
14503  48.175  -51.410  -26.083 0.0000000000
14518  48.182  -51.321  -26.955 0.0000000000
117367  49.141  -50.562  -26.888 0.0000000000
15626  47.714  -50.783  -29.685 0.0000000000
15625  48.209  -50.590  -29.260 0.0000000000
15608  48.386  -50.778  -28.328 0.0000000000
21829  45.837  -44.485  -28.405 0.0000000000
21814  46.232  -45.136  -28.018 0.0000000000
128528  44.339  -44.993  -26.843 0.0000000000
114475  48.877  -41.815  -29.578 0.0000000000
25069  48.012  -41.571  -29.692 0.0000000000
16652  49.551  -49.431  -25.325 0.0000000000
16651  49.990  -48.892  -26.040 0.0000000000
18732  50.363  -47.720  -26.619 0.0000000000
20803  52.807  -45.814  -28.953 0.0000000000
20804  52.437  -45.735  -28.379 0.0000000000
21822  53.005  -45.144  -28.714 0.0000000000
22833  52.831  -44.316  -28.741 0.0000000000
22851  52.446  -43.397  -28.971 0.0000000000
22852  51.249  -43.149  -28.953 0.0000000000
25065  52.674  -41.929  -29.895 0.0000000000
25091  53.130  -41.509  -30.519 0.0000000000
130079  53.134  -40.554  -34.116 0.0000000000
25153  52.265  -40.958  -35.327 0.0000000000
26286  51.449  -40.604  -34.653 0.0000000000
15578  46.410  -50.240  -25.821 0.0000000000
15577  47.005  -50.813  -26.366 0.0000000000
14520  47.439  -51.131  -26.955 0.0000000000
19726  47.142  -46.452  -26.320 0.0000000000
20783  45.806  -45.828  -26.344 0.0000000000
22841  44.594  -43.566  -28.605 0.0000000000
22825  44.147  -44.138  -28.094 0.0000000000
22826  43.338  -43.891  -27.824 0.0000000000
22816  43.070  -44.234  -27.017 0.0000000000
17743  50.026  -48.846  -28.487 0.0000000000
17728  50.521  -48.485  -27.715 0.0000000000
17742  50.715  -48.112  -28.722 0.0000000000
18762  51.317  -47.429  -28.598 0.0000000000
18776  51.559  -46.880  -29.964 0.0000000000
19759  52.801  -45.806  -29.897 0.0000000000
20817  53.214  -45.111  -30.202 0.0000000000
21827  47.656  -44.592  -28.582 0.0000000000
22838  47.111  -43.925  -28.884 0.0000000000
22839  46.287  -43.896  -28.826 0.0000000000
22857  45.950  -43.175  -29.123 0.0000000000
23935  46.568  -42.650  -29.384 0.0000000000
22858  45.085  -42.998  -29.070 0.0000000000
23918  44.210  -42.817  -28.895 0.0000000000
23919  43.366  -42.632  -28.667 0.0000000000
28373  49.069  -38.541  -31.026 0.0000000000
15539  48.170  -50.741  -23.624 0.0000000000
17680  48.462  -49.823  -23.725 0.0000000000
19736  48.580  -46.355  -27.142 0.0000000000
19723  51.022  -47.070  -27.086 0.0000000000
20791  51.889  -46.159  -28.019 0.0000000000
20792  51.154  -46.225  -27.570 0.0000000000
118216  50.434  -46.535  -27.135 0.0000000000
20793  49.994  -45.885  -27.538 0.0000000000
20807  49.337  -45.299  -28.173 0.0000000000
21826  48.665  -44.472  -28.602 0.0000000000
124126  49.081  -42.696  -29.203 0.0000000000
23931  50.842  -42.302  -29.388 0.0000000000
23932  49.813  -42.070  -29.463 0.0000000000
25068  49.621  -41.163  -29.881 0.0000000000
25094  49.519  -40.173  -30.270 0.0000000000
22887  52.644  -44.409  -31.683 0.0000000000
22922  51.520  -42.984  -34.982 0.0000000000
22898  53.455  -42.898  -32.144 0.0000000000
22885  53.598  -43.037  -31.512 0.0000000000
25090  53.781  -41.822  -31.278 0.0000000000
25101  53.795  -41.329  -31.817 0.0000000000
123419  52.689  -40.463  -31.715 0.0000000000
120393  52.836  -40.250  -33.556 0.0000000000
26247  52.682  -40.223  -32.866 0.0000000000
26232  51.673  -40.193  -31.647 0.0000000000
121662  51.466  -40.030  -32.063 0.0000000000
26233  50.598  -39.744  -31.475 0.0000000000
27301  49.810  -39.227  -31.439 0.0000000000
114250  44.371  -50.209  -22.442 0.0000000000
112032  45.084  -50.596  -22.833 0.0000000000
116927  45.654  -50.752  -22.896 0.0000000000
15541  46.115  -51.016  -23.221 0.0000000000
14465  46.741  -51.173  -23.414 0.0000000000
16654  45.085  -49.268  -25.285 0.0000000000
15560  45.717  -50.972  -23.877 0.0000000000
14464  47.553  -51.242  -23.686 0.0000000000
14463  48.285  -51.203  -24.001 0.0000000000
15558  48.770  -50.943  -24.301 0.0000000000
14476  49.021  -51.021  -24.897 0.0000000000
14490  48.605  -51.262  -25.432 0.0000000000
14489  49.109  -50.996  -25.551 0.0000000000
15576  49.345  -50.595  -26.032 0.0000000000
127709  49.546  -50.046  -26.518 0.0000000000
16677  49.601  -49.770  -27.319 0.0000000000
15590  48.983  -50.344  -27.851 0.0000000000
16691  49.480  -49.594  -28.270 0.0000000000
124272  46.764  -45.182  -28.121 0.0000000000
20797  45.978  -45.521  -27.204 0.0000000000
21816  44.626  -44.740  -27.566 0.0000000000
21805  45.104  -45.356  -26.831 0.0000000000
14491  48.005  -51.388  -25.170 0.0000000000
16676  50.104  -49.082  -27.251 0.0000000000
20782  46.539  -46.007  -26.720 0.0000000000
21839  53.491  -44.537  -29.723 0.0000000000
21854  53.501  -43.899  -30.927 0.0000000000
22840  45.460  -43.723  -28.725 0.0000000000
22849  53.607  -43.988  -29.572 0.0000000000
22870  53.761  -42.323  -31.384 0.0000000000
23934  47.303  -42.144  -29.544 0.0000000000
23952  53.574  -42.151  -30.346 0.0000000000
23973  53.628  -42.181  -32.692 0.0000000000
23986  53.769  -41.717  -32.812 0.0000000000
23987  53.401  -41.683  -33.450 0.0000000000
25102  53.509  -40.843  -31.766 0.0000000000
25129  53.436  -40.960  -33.941 0.0000000000
25152  52.887  -40.917  -34.735 0.0000000000
26231  53.130  -40.451  -32.394 0.0000000000
26265  53.336  -40.554  -33.583 0.0000000000
27292  48.860  -38.652  -30.655 0.0000000000
27300  52.290  -40.247  -32.274 0.0000000000
28385  49.189  -38.799  -31.408 0.0000000000
111277  49.280  -49.905  -24.679 0.0000000000
111371  52.282  -41.212  -30.388 0.0000000000
112853  53.684  -41.494  -31.096 0.0000000000
115341  53.644  -43.899  -30.162 0.0000000000
117000  53.005  -40.905  -31.034 0.0000000000
121883  53.825  -41.732  -31.805 0.0000000000
124790  51.565  -41.147  -35.610 0.0000000000
125168  53.288  -40.462  -33.017 0.0000000000
132061  51.228  -39.980  -33.071 0.0000000000
132719  48.568  -50.882  -23.968 0.0000000000
132724  48.558  -43.796  -28.847 0.0000000000
132819  52.443  -45.928  -30.496 0.0000000000
