#!ascii label  , from subject sub-s006 vox2ras=TkReg
244
79418  24.841  15.758  -28.855 0.0000000000
70806  24.152  5.543  -28.462 0.0000000000
84290  23.165  21.713  -29.451 0.0000000000
93729  21.379  33.183  -28.424 0.0000000000
69935  21.496  4.515  -27.971 0.0000000000
86813  24.662  24.433  -27.952 0.0000000000
89315  24.334  27.575  -27.555 0.0000000000
77757  23.059  13.443  -29.532 0.0000000000
75263  24.320  10.161  -29.174 0.0000000000
76895  25.519  12.832  -28.734 0.0000000000
81802  25.981  18.105  -28.154 0.0000000000
78575  27.016  15.032  -27.411 0.0000000000
81811  24.018  18.708  -29.157 0.0000000000
119882  25.264  21.010  -27.901 0.0000000000
119092  21.920  30.044  -28.631 0.0000000000
91643  24.142  30.582  -28.085 0.0000000000
72609  25.313  7.392  -28.398 0.0000000000
87613  22.899  25.693  -28.349 0.0000000000
89321  22.452  27.337  -28.232 0.0000000000
78595  23.969  14.536  -29.851 0.0000000000
77756  24.325  13.297  -29.507 0.0000000000
116468  25.511  14.230  -28.971 0.0000000000
118396  22.705  5.132  -28.410 0.0000000000
121501  23.184  20.176  -29.447 0.0000000000
83400  24.574  20.176  -28.667 0.0000000000
84279  23.863  21.673  -28.944 0.0000000000
87599  25.531  25.839  -27.150 0.0000000000
86811  26.199  24.413  -27.132 0.0000000000
93064  19.899  32.866  -27.861 0.0000000000
90893  20.773  29.590  -28.034 0.0000000000
115593  22.026  31.741  -28.276 0.0000000000
94363  23.966  34.202  -27.019 0.0000000000
93037  24.843  32.564  -27.071 0.0000000000
127125  24.063  31.545  -28.708 0.0000000000
92363  25.201  31.149  -27.176 0.0000000000
90890  25.060  29.693  -27.330 0.0000000000
75252  25.636  10.246  -28.516 0.0000000000
112270  25.097  8.759  -28.809 0.0000000000
69041  21.120  3.472  -27.600 0.0000000000
115342  23.815  23.147  -28.756 0.0000000000
86818  23.856  24.527  -28.350 0.0000000000
87600  24.616  25.870  -27.473 0.0000000000
88468  25.091  26.801  -27.251 0.0000000000
75265  22.553  10.798  -29.475 0.0000000000
76908  23.476  12.310  -29.266 0.0000000000
76057  25.255  11.940  -28.644 0.0000000000
124065  26.736  11.022  -27.736 0.0000000000
81041  25.697  17.299  -28.434 0.0000000000
79416  26.344  15.693  -27.951 0.0000000000
80220  26.761  16.522  -27.715 0.0000000000
80235  22.930  16.325  -29.457 0.0000000000
81052  22.868  17.835  -29.515 0.0000000000
81050  24.046  17.183  -28.943 0.0000000000
81804  24.763  18.758  -28.749 0.0000000000
82579  25.663  19.580  -28.019 0.0000000000
124059  26.674  21.139  -26.734 0.0000000000
85108  24.811  22.558  -28.024 0.0000000000
85106  26.151  22.799  -27.083 0.0000000000
90137  21.629  28.825  -28.464 0.0000000000
93727  23.106  33.635  -29.046 0.0000000000
92378  23.138  32.039  -29.040 0.0000000000
91654  23.533  30.598  -28.712 0.0000000000
90135  23.308  28.991  -28.233 0.0000000000
124148  24.054  29.079  -27.854 0.0000000000
90126  25.238  28.786  -27.180 0.0000000000
71706  22.914  7.201  -28.812 0.0000000000
74457  23.046  9.407  -29.495 0.0000000000
77729  26.397  13.554  -27.949 0.0000000000
76045  27.255  11.796  -27.357 0.0000000000
88478  22.068  26.411  -28.522 0.0000000000
79425  24.451  15.159  -29.440 0.0000000000
78594  24.871  14.447  -29.507 0.0000000000
79424  25.164  15.104  -29.054 0.0000000000
67283  20.336  2.028  -27.100 0.0000000000
119572  20.801  2.868  -27.378 0.0000000000
117943  23.615  5.003  -28.420 0.0000000000
83409  23.533  20.938  -29.268 0.0000000000
88462  26.043  26.510  -26.867 0.0000000000
87587  26.350  25.745  -26.894 0.0000000000
93063  20.691  32.623  -28.060 0.0000000000
93050  20.101  32.064  -27.691 0.0000000000
92365  21.142  30.978  -27.989 0.0000000000
93062  21.498  32.455  -28.197 0.0000000000
93047  24.917  31.805  -27.340 0.0000000000
74445  26.103  9.601  -28.301 0.0000000000
73569  25.870  8.866  -28.412 0.0000000000
71708  21.534  6.081  -28.339 0.0000000000
85993  23.448  23.873  -28.765 0.0000000000
86819  22.834  24.735  -28.725 0.0000000000
88469  24.026  26.655  -27.608 0.0000000000
87612  23.724  25.822  -27.864 0.0000000000
94373  20.114  33.816  -28.997 0.0000000000
76909  22.962  12.593  -29.299 0.0000000000
121755  23.643  13.020  -29.447 0.0000000000
76896  24.776  12.676  -29.076 0.0000000000
123734  25.964  11.198  -28.326 0.0000000000
76056  26.044  12.229  -28.298 0.0000000000
69054  21.836  3.736  -27.962 0.0000000000
68152  21.684  2.873  -27.746 0.0000000000
80225  26.055  16.515  -28.222 0.0000000000
81040  26.415  17.324  -27.962 0.0000000000
79427  22.612  15.616  -29.610 0.0000000000
81812  23.243  18.644  -29.465 0.0000000000
81051  23.644  17.915  -29.248 0.0000000000
122723  24.431  17.978  -28.890 0.0000000000
130065  24.768  20.777  -28.362 0.0000000000
83399  25.192  20.233  -28.195 0.0000000000
83390  25.799  20.353  -27.671 0.0000000000
84265  25.970  21.267  -27.329 0.0000000000
85992  24.215  23.784  -28.352 0.0000000000
122119  24.409  23.112  -28.329 0.0000000000
85985  24.959  23.535  -27.835 0.0000000000
85984  25.816  23.603  -27.342 0.0000000000
85094  26.716  22.668  -26.551 0.0000000000
91644  21.263  30.151  -28.207 0.0000000000
90903  21.430  29.466  -28.411 0.0000000000
90902  22.181  29.578  -28.641 0.0000000000
133316  23.829  33.574  -27.668 0.0000000000
128823  23.371  34.190  -27.827 0.0000000000
93060  23.520  32.775  -29.131 0.0000000000
117434  23.751  32.083  -29.140 0.0000000000
90901  22.992  29.721  -28.670 0.0000000000
90892  23.725  29.792  -28.240 0.0000000000
90885  25.680  29.536  -26.867 0.0000000000
124055  25.686  28.116  -26.968 0.0000000000
72612  22.137  7.457  -28.907 0.0000000000
122924  23.330  11.068  -29.381 0.0000000000
119631  22.596  9.951  -29.616 0.0000000000
75264  23.397  10.249  -29.489 0.0000000000
73570  25.548  8.144  -28.462 0.0000000000
73571  24.313  8.739  -29.152 0.0000000000
111374  24.686  7.984  -28.864 0.0000000000
127741  24.546  7.133  -28.607 0.0000000000
131871  26.733  15.379  -27.639 0.0000000000
78582  26.416  14.945  -27.850 0.0000000000
124063  26.738  14.311  -27.608 0.0000000000
88477  23.072  26.546  -28.033 0.0000000000
89316  23.399  27.425  -27.852 0.0000000000
78596  23.195  14.192  -29.745 0.0000000000
113395  23.835  13.799  -29.789 0.0000000000
126246  24.430  13.959  -29.762 0.0000000000
77743  25.088  13.574  -29.330 0.0000000000
77742  25.771  13.566  -28.604 0.0000000000
69934  22.259  4.430  -28.253 0.0000000000
69053  22.660  3.777  -28.275 0.0000000000
114740  23.111  4.328  -28.386 0.0000000000
69051  24.261  3.606  -28.341 0.0000000000
118214  26.610  19.053  -27.362 0.0000000000
81795  26.692  18.208  -27.519 0.0000000000
82595  23.610  19.436  -29.351 0.0000000000
82587  24.334  19.466  -28.974 0.0000000000
83408  23.951  20.190  -29.185 0.0000000000
83401  24.215  20.892  -28.794 0.0000000000
84267  24.632  21.601  -28.330 0.0000000000
115865  25.127  25.133  -27.605 0.0000000000
86812  25.469  24.396  -27.554 0.0000000000
86801  25.903  25.105  -27.211 0.0000000000
91656  21.996  30.756  -28.398 0.0000000000
129398  24.461  33.442  -27.043 0.0000000000
93717  24.155  32.886  -27.904 0.0000000000
93049  24.021  32.475  -28.871 0.0000000000
92364  24.553  31.283  -27.772 0.0000000000
90891  24.384  29.805  -27.726 0.0000000000
91642  24.808  30.489  -27.526 0.0000000000
91641  25.455  30.352  -27.020 0.0000000000
129156  24.991  10.033  -28.847 0.0000000000
74447  24.675  9.426  -29.038 0.0000000000
74446  25.400  9.481  -28.660 0.0000000000
69042  20.362  3.645  -27.429 0.0000000000
69920  20.937  4.158  -27.676 0.0000000000
115951  21.697  5.222  -28.212 0.0000000000
70808  22.265  5.818  -28.450 0.0000000000
70807  23.252  6.058  -28.561 0.0000000000
85140  22.771  22.504  -29.542 0.0000000000
85122  23.504  22.456  -29.159 0.0000000000
86000  23.147  23.216  -29.255 0.0000000000
122776  23.551  25.185  -28.281 0.0000000000
87611  24.295  25.156  -27.959 0.0000000000
89309  25.816  27.370  -26.944 0.0000000000
93730  20.389  33.237  -28.406 0.0000000000
124618  20.752  33.576  -28.887 0.0000000000
76069  22.979  11.699  -29.303 0.0000000000
76068  23.711  11.714  -29.214 0.0000000000
76907  24.071  12.485  -29.266 0.0000000000
76058  24.429  11.778  -28.978 0.0000000000
75253  24.932  10.897  -28.795 0.0000000000
122517  26.360  10.324  -28.103 0.0000000000
80226  25.293  16.503  -28.611 0.0000000000
79417  25.568  15.730  -28.491 0.0000000000
79407  27.139  15.770  -27.388 0.0000000000
81034  27.055  17.281  -27.392 0.0000000000
80219  27.407  16.553  -27.144 0.0000000000
79406  27.566  15.244  -27.034 0.0000000000
116434  23.048  14.877  -29.719 0.0000000000
79426  23.537  15.495  -29.493 0.0000000000
120869  24.187  15.822  -29.110 0.0000000000
122923  23.255  17.118  -29.307 0.0000000000
80234  23.714  16.380  -29.144 0.0000000000
80227  24.500  16.467  -28.870 0.0000000000
81042  24.918  17.254  -28.792 0.0000000000
120889  25.223  18.042  -28.549 0.0000000000
82586  25.011  19.508  -28.504 0.0000000000
81803  25.484  18.820  -28.324 0.0000000000
81796  26.117  18.901  -27.810 0.0000000000
82578  26.267  19.658  -27.520 0.0000000000
83389  26.451  20.399  -27.160 0.0000000000
85121  24.178  22.429  -28.606 0.0000000000
84266  25.322  21.884  -27.703 0.0000000000
85107  25.471  22.754  -27.516 0.0000000000
121998  25.860  22.131  -27.291 0.0000000000
122888  26.371  21.967  -26.870 0.0000000000
122591  21.977  28.117  -28.378 0.0000000000
119660  21.559  33.903  -28.811 0.0000000000
120522  22.472  34.333  -28.798 0.0000000000
93061  22.519  32.845  -28.673 0.0000000000
119012  22.728  31.257  -28.779 0.0000000000
92377  23.412  31.359  -29.031 0.0000000000
91655  22.717  30.469  -28.793 0.0000000000
90136  22.472  28.903  -28.444 0.0000000000
123733  22.874  28.178  -28.143 0.0000000000
90128  23.743  28.285  -27.839 0.0000000000
124149  24.640  29.167  -27.497 0.0000000000
90127  24.526  28.453  -27.531 0.0000000000
89314  25.136  27.844  -27.265 0.0000000000
71707  22.235  6.603  -28.633 0.0000000000
112066  22.673  8.722  -29.395 0.0000000000
74456  23.889  9.447  -29.344 0.0000000000
73583  23.502  8.738  -29.316 0.0000000000
72611  23.140  7.964  -29.173 0.0000000000
130346  23.426  7.457  -28.896 0.0000000000
71705  23.725  6.974  -28.703 0.0000000000
78583  25.757  14.938  -28.508 0.0000000000
123601  26.042  14.257  -28.194 0.0000000000
76894  26.104  12.965  -28.288 0.0000000000
77728  27.130  13.583  -27.384 0.0000000000
76887  26.738  12.670  -27.777 0.0000000000
76046  26.560  11.780  -27.912 0.0000000000
72610  23.917  7.619  -28.939 0.0000000000
74437  26.612  9.714  -27.905 0.0000000000
90121  25.943  28.726  -26.710 0.0000000000
93728  22.221  33.622  -28.607 0.0000000000
121759  26.958  10.219  -27.607 0.0000000000
123847  24.008  10.967  -29.192 0.0000000000
125746  25.326  14.660  -29.067 0.0000000000
