#!ascii label  , from subject sub-p017 vox2ras=TkReg
414
126065  -20.472  10.498  -37.019 0.0000000000
81591  -18.753  4.776  -36.161 0.0000000000
133339  -23.416  6.982  -36.826 0.0000000000
77602  -21.525  0.780  -36.483 0.0000000000
98223  -20.145  23.624  -38.438 0.0000000000
95961  -22.377  20.161  -38.227 0.0000000000
151763  -16.696  14.402  -35.798 0.0000000000
73765  -21.438  -3.511  -34.435 0.0000000000
79516  -19.904  2.925  -36.351 0.0000000000
77571  -19.070  0.520  -34.784 0.0000000000
96732  -21.456  21.816  -39.233 0.0000000000
139205  -17.983  18.967  -38.211 0.0000000000
126048  -17.790  9.655  -35.657 0.0000000000
133432  -15.163  11.208  -34.060 0.0000000000
88869  -18.436  12.100  -36.341 0.0000000000
91601  -20.135  15.168  -37.377 0.0000000000
89826  -21.299  14.021  -36.552 0.0000000000
88873  -22.774  11.944  -36.187 0.0000000000
126033  -17.319  6.710  -34.894 0.0000000000
126053  -19.685  7.422  -37.481 0.0000000000
126069  -21.692  9.232  -37.547 0.0000000000
82558  -21.057  5.483  -38.211 0.0000000000
80610  -22.902  3.913  -37.525 0.0000000000
78511  -24.459  1.586  -35.806 0.0000000000
126123  -15.028  16.325  -34.890 0.0000000000
152763  -19.262  17.153  -39.001 0.0000000000
94279  -22.846  18.861  -37.049 0.0000000000
75762  -18.849  -1.616  -33.774 0.0000000000
75789  -21.430  -1.331  -35.457 0.0000000000
148184  -18.508  1.382  -34.651 0.0000000000
77556  -17.966  0.389  -33.644 0.0000000000
95136  -17.872  19.813  -37.540 0.0000000000
94274  -16.400  18.680  -35.861 0.0000000000
126049  -18.533  9.774  -36.187 0.0000000000
87960  -17.495  11.155  -35.665 0.0000000000
87973  -19.050  11.441  -36.492 0.0000000000
88887  -19.782  12.954  -37.020 0.0000000000
88888  -20.859  11.915  -36.890 0.0000000000
88872  -22.246  12.599  -36.307 0.0000000000
87991  -21.347  11.200  -36.870 0.0000000000
82519  -17.759  5.355  -35.081 0.0000000000
83419  -18.252  6.637  -35.989 0.0000000000
136676  -19.082  6.265  -36.743 0.0000000000
83445  -20.408  6.552  -38.037 0.0000000000
82545  -19.993  5.364  -37.362 0.0000000000
78523  -20.532  1.948  -36.406 0.0000000000
80607  -21.232  3.448  -37.201 0.0000000000
78536  -22.029  2.466  -37.064 0.0000000000
79518  -23.482  2.772  -36.786 0.0000000000
77605  -23.270  1.334  -36.440 0.0000000000
97443  -18.355  23.016  -37.413 0.0000000000
98216  -18.011  23.762  -36.879 0.0000000000
98222  -19.575  23.915  -37.992 0.0000000000
99914  -20.316  25.648  -39.169 0.0000000000
134046  -21.064  23.883  -38.174 0.0000000000
95975  -21.880  20.994  -38.837 0.0000000000
89802  -15.801  13.185  -35.168 0.0000000000
139560  -14.882  13.967  -34.698 0.0000000000
91587  -16.685  15.565  -36.074 0.0000000000
92550  -16.987  16.758  -36.494 0.0000000000
91588  -17.399  15.486  -36.518 0.0000000000
139837  -21.508  16.077  -36.494 0.0000000000
137976  -21.145  16.795  -37.071 0.0000000000
93415  -22.398  17.509  -36.372 0.0000000000
147358  -23.042  7.718  -37.421 0.0000000000
126081  -23.103  9.815  -36.471 0.0000000000
73749  -19.306  -3.367  -33.639 0.0000000000
74788  -19.976  -2.233  -34.299 0.0000000000
75777  -20.380  -1.550  -34.695 0.0000000000
74790  -21.537  -2.654  -34.769 0.0000000000
130338  -18.604  3.276  -35.401 0.0000000000
152233  -19.645  3.457  -36.372 0.0000000000
79503  -18.800  2.564  -35.349 0.0000000000
78509  -19.614  1.755  -35.681 0.0000000000
77588  -20.167  0.634  -35.822 0.0000000000
96709  -18.726  22.255  -38.107 0.0000000000
97452  -20.101  22.937  -39.072 0.0000000000
96716  -19.085  21.473  -38.741 0.0000000000
137994  -19.795  20.063  -39.174 0.0000000000
95158  -20.451  19.660  -39.299 0.0000000000
126034  -16.424  8.719  -34.380 0.0000000000
87094  -16.527  10.288  -34.814 0.0000000000
140946  -16.551  11.926  -35.296 0.0000000000
89804  -17.301  13.171  -35.858 0.0000000000
90722  -18.322  14.743  -36.951 0.0000000000
89840  -19.416  13.749  -37.237 0.0000000000
90723  -20.814  14.801  -36.838 0.0000000000
91591  -21.855  15.378  -36.062 0.0000000000
90707  -22.680  14.307  -35.594 0.0000000000
73751  -22.942  -4.065  -33.717 0.0000000000
73767  -22.973  -3.332  -34.319 0.0000000000
144742  -17.269  7.374  -34.989 0.0000000000
126042  -18.521  8.136  -36.357 0.0000000000
126055  -19.642  8.947  -37.105 0.0000000000
126061  -20.722  9.626  -37.392 0.0000000000
128794  -20.428  8.180  -37.823 0.0000000000
84337  -21.390  7.214  -38.396 0.0000000000
83448  -22.450  6.007  -38.220 0.0000000000
80606  -20.771  4.067  -37.228 0.0000000000
81629  -21.917  4.551  -38.074 0.0000000000
82534  -23.334  5.048  -37.492 0.0000000000
81605  -24.152  4.285  -36.524 0.0000000000
80583  -24.857  3.395  -35.737 0.0000000000
130455  -22.742  23.721  -38.788 0.0000000000
93413  -17.246  17.792  -36.780 0.0000000000
94284  -18.333  18.070  -38.525 0.0000000000
94298  -20.445  18.819  -39.318 0.0000000000
139629  -19.008  16.007  -37.878 0.0000000000
136703  -20.972  17.862  -38.474 0.0000000000
95144  -22.469  19.334  -37.843 0.0000000000
126072  -22.189  10.454  -36.813 0.0000000000
126082  -23.364  10.615  -36.076 0.0000000000
76681  -17.977  -0.412  -33.379 0.0000000000
76696  -19.242  -0.317  -34.543 0.0000000000
76697  -19.997  -0.697  -34.914 0.0000000000
76713  -21.258  -0.663  -35.876 0.0000000000
74792  -23.402  -2.535  -34.649 0.0000000000
75791  -23.409  -1.110  -35.418 0.0000000000
76729  -22.949  0.047  -36.154 0.0000000000
93410  -15.188  18.581  -35.073 0.0000000000
87102  -19.706  10.724  -36.720 0.0000000000
87101  -18.833  10.594  -36.357 0.0000000000
137318  -20.088  12.137  -36.806 0.0000000000
87989  -20.295  11.321  -36.835 0.0000000000
149142  -21.405  11.823  -36.788 0.0000000000
87990  -20.811  11.070  -36.941 0.0000000000
81590  -18.252  4.675  -35.405 0.0000000000
81580  -17.704  4.564  -34.723 0.0000000000
82520  -18.313  5.425  -35.775 0.0000000000
83408  -18.444  5.996  -36.105 0.0000000000
82532  -18.867  5.520  -36.448 0.0000000000
82533  -19.460  5.634  -36.916 0.0000000000
81602  -19.437  4.991  -36.746 0.0000000000
78524  -21.153  1.751  -36.672 0.0000000000
78535  -21.523  2.351  -36.917 0.0000000000
78525  -21.859  1.697  -36.806 0.0000000000
78526  -22.578  1.850  -36.818 0.0000000000
77603  -22.529  0.909  -36.519 0.0000000000
97451  -19.331  23.115  -38.315 0.0000000000
98217  -18.760  23.605  -37.684 0.0000000000
99022  -20.138  24.339  -38.308 0.0000000000
99033  -21.146  24.757  -38.289 0.0000000000
96733  -22.365  21.775  -38.809 0.0000000000
96718  -22.727  21.110  -38.259 0.0000000000
129857  -16.205  14.018  -35.490 0.0000000000
89783  -15.121  13.194  -34.714 0.0000000000
146844  -15.445  13.798  -35.092 0.0000000000
146573  -15.402  14.691  -35.232 0.0000000000
128827  -16.285  14.909  -35.735 0.0000000000
90720  -17.108  14.783  -36.139 0.0000000000
92553  -21.891  16.834  -36.381 0.0000000000
84307  -23.330  7.622  -36.886 0.0000000000
85264  -23.060  8.337  -37.112 0.0000000000
72737  -20.829  -3.796  -34.224 0.0000000000
73750  -20.170  -3.629  -34.014 0.0000000000
73763  -19.861  -2.986  -34.113 0.0000000000
73764  -20.639  -3.058  -34.444 0.0000000000
74789  -20.756  -2.263  -34.650 0.0000000000
79502  -18.083  2.914  -34.744 0.0000000000
79491  -18.420  2.044  -34.764 0.0000000000
77586  -18.909  1.106  -34.934 0.0000000000
127070  -19.027  1.739  -35.250 0.0000000000
77587  -19.478  1.058  -35.414 0.0000000000
76711  -19.696  0.152  -35.220 0.0000000000
95953  -18.454  21.419  -37.832 0.0000000000
95958  -18.282  20.516  -37.886 0.0000000000
95141  -18.548  19.578  -38.504 0.0000000000
95142  -19.107  20.166  -38.710 0.0000000000
95157  -19.527  19.309  -39.199 0.0000000000
126038  -16.895  8.919  -34.928 0.0000000000
86197  -17.074  9.569  -35.124 0.0000000000
140737  -17.721  11.908  -35.874 0.0000000000
88852  -17.056  12.471  -35.611 0.0000000000
88868  -17.793  12.693  -36.126 0.0000000000
89839  -18.560  13.847  -36.874 0.0000000000
89823  -18.487  12.952  -36.575 0.0000000000
89825  -20.969  13.242  -36.775 0.0000000000
89841  -20.202  13.639  -37.149 0.0000000000
137911  -20.700  14.010  -36.902 0.0000000000
90724  -21.556  14.734  -36.312 0.0000000000
151761  -22.117  14.744  -35.884 0.0000000000
89827  -21.998  14.085  -36.132 0.0000000000
89805  -22.453  13.411  -35.911 0.0000000000
128021  -23.379  12.009  -35.594 0.0000000000
72726  -22.154  -4.651  -33.679 0.0000000000
72727  -23.008  -4.761  -33.223 0.0000000000
83397  -16.887  6.661  -34.314 0.0000000000
150394  -16.957  7.184  -34.532 0.0000000000
126040  -18.683  7.135  -36.522 0.0000000000
126036  -17.850  7.550  -35.684 0.0000000000
131674  -19.160  7.504  -36.956 0.0000000000
130358  -18.926  8.986  -36.580 0.0000000000
126047  -19.305  8.162  -37.067 0.0000000000
127861  -20.260  8.887  -37.460 0.0000000000
82557  -20.590  5.824  -38.033 0.0000000000
84336  -20.711  7.153  -38.246 0.0000000000
83446  -20.941  6.366  -38.351 0.0000000000
83447  -21.824  6.630  -38.408 0.0000000000
136369  -21.534  5.924  -38.367 0.0000000000
142971  -20.090  3.704  -36.700 0.0000000000
80595  -20.614  3.210  -36.809 0.0000000000
80609  -22.204  3.653  -37.644 0.0000000000
80619  -21.774  4.077  -37.787 0.0000000000
81616  -22.390  4.236  -37.895 0.0000000000
82560  -22.650  5.019  -38.050 0.0000000000
81617  -22.996  4.499  -37.725 0.0000000000
82535  -23.854  4.992  -36.729 0.0000000000
80596  -23.650  3.605  -36.873 0.0000000000
134484  -24.085  2.230  -36.299 0.0000000000
79519  -24.251  3.013  -36.304 0.0000000000
79505  -24.857  2.447  -35.632 0.0000000000
79506  -25.478  3.107  -35.153 0.0000000000
97465  -21.012  22.657  -39.192 0.0000000000
98228  -21.486  23.231  -39.005 0.0000000000
97466  -21.963  22.495  -39.154 0.0000000000
87084  -15.370  10.404  -33.973 0.0000000000
126124  -14.647  16.156  -34.470 0.0000000000
126221  -14.776  17.049  -34.664 0.0000000000
93412  -16.352  17.548  -35.960 0.0000000000
93403  -15.620  17.208  -35.473 0.0000000000
92558  -17.745  16.891  -37.252 0.0000000000
93419  -18.053  17.528  -37.844 0.0000000000
93420  -18.711  17.256  -38.670 0.0000000000
94297  -19.635  18.301  -39.332 0.0000000000
93421  -19.725  17.540  -39.095 0.0000000000
91600  -19.417  15.291  -37.587 0.0000000000
91599  -18.704  15.341  -37.431 0.0000000000
131293  -19.822  16.127  -37.879 0.0000000000
94278  -22.218  18.149  -37.064 0.0000000000
93423  -21.050  17.386  -37.868 0.0000000000
94277  -21.566  18.011  -37.889 0.0000000000
94288  -22.066  18.687  -37.894 0.0000000000
95145  -23.066  19.738  -37.379 0.0000000000
126064  -21.125  9.065  -37.670 0.0000000000
140725  -21.318  9.808  -37.372 0.0000000000
142313  -21.879  9.888  -37.205 0.0000000000
74775  -18.326  -2.078  -33.280 0.0000000000
75761  -18.092  -1.247  -33.292 0.0000000000
75775  -18.691  -0.792  -33.907 0.0000000000
75788  -20.783  -1.041  -35.233 0.0000000000
76712  -20.428  -0.261  -35.618 0.0000000000
134564  -21.870  -1.157  -35.671 0.0000000000
74791  -22.520  -2.644  -34.843 0.0000000000
140093  -22.842  -0.603  -35.834 0.0000000000
78498  -18.060  1.613  -34.292 0.0000000000
77569  -18.004  1.069  -34.032 0.0000000000
77570  -18.488  0.766  -34.386 0.0000000000
138625  -16.739  19.568  -36.131 0.0000000000
94276  -17.542  19.278  -37.073 0.0000000000
94275  -17.160  18.751  -36.644 0.0000000000
87095  -17.234  10.376  -35.387 0.0000000000
87100  -18.047  10.483  -35.868 0.0000000000
87972  -18.273  11.282  -36.124 0.0000000000
89824  -19.110  13.155  -36.955 0.0000000000
88870  -19.256  12.333  -36.704 0.0000000000
139335  -20.477  12.741  -36.913 0.0000000000
150829  -20.939  12.585  -36.843 0.0000000000
131980  -21.751  13.299  -36.417 0.0000000000
88871  -21.455  12.457  -36.688 0.0000000000
87975  -21.988  11.741  -36.619 0.0000000000
82507  -17.256  5.254  -34.414 0.0000000000
83398  -17.282  6.012  -34.707 0.0000000000
135702  -17.673  6.867  -35.417 0.0000000000
83407  -17.836  6.140  -35.442 0.0000000000
126046  -19.419  6.880  -37.176 0.0000000000
84320  -19.956  6.751  -37.702 0.0000000000
83431  -19.708  6.382  -37.374 0.0000000000
83432  -20.163  6.051  -37.703 0.0000000000
82546  -20.483  5.485  -37.736 0.0000000000
79517  -20.419  2.566  -36.511 0.0000000000
78534  -21.009  2.617  -36.854 0.0000000000
79529  -21.610  2.979  -37.153 0.0000000000
79530  -22.128  3.113  -37.343 0.0000000000
79531  -22.804  3.238  -37.306 0.0000000000
78537  -22.680  2.582  -37.056 0.0000000000
144142  -23.350  2.050  -36.664 0.0000000000
152204  -23.850  1.619  -36.267 0.0000000000
96708  -17.805  22.257  -37.073 0.0000000000
99031  -20.012  25.091  -38.819 0.0000000000
99916  -21.797  25.345  -38.524 0.0000000000
89781  -14.124  13.276  -33.771 0.0000000000
90692  -14.331  14.210  -34.162 0.0000000000
126279  -14.949  15.502  -34.867 0.0000000000
92543  -15.754  15.997  -35.495 0.0000000000
93404  -16.274  16.731  -35.890 0.0000000000
92549  -16.565  16.210  -36.072 0.0000000000
92551  -17.674  16.148  -36.940 0.0000000000
92559  -18.475  16.693  -37.880 0.0000000000
92552  -20.685  15.912  -37.124 0.0000000000
93414  -21.663  17.494  -37.049 0.0000000000
85263  -22.286  8.655  -37.649 0.0000000000
146005  -22.765  9.192  -36.989 0.0000000000
126077  -23.449  9.064  -36.460 0.0000000000
131676  -18.589  -2.798  -33.339 0.0000000000
74776  -19.205  -2.443  -33.786 0.0000000000
151476  -19.384  -1.893  -34.033 0.0000000000
75776  -19.480  -1.298  -34.324 0.0000000000
75778  -21.178  -1.784  -34.981 0.0000000000
80581  -18.192  3.866  -35.028 0.0000000000
80582  -18.722  3.960  -35.765 0.0000000000
80594  -19.398  4.075  -36.424 0.0000000000
79515  -19.213  3.213  -35.932 0.0000000000
79504  -19.449  2.381  -35.761 0.0000000000
78522  -20.008  2.166  -36.094 0.0000000000
78510  -20.069  1.452  -35.952 0.0000000000
77601  -20.664  1.128  -36.292 0.0000000000
76726  -20.877  0.195  -36.166 0.0000000000
96707  -17.433  21.786  -36.456 0.0000000000
98227  -20.714  23.422  -38.693 0.0000000000
96717  -19.467  22.226  -39.031 0.0000000000
96730  -19.889  21.339  -39.265 0.0000000000
95972  -19.497  20.723  -38.997 0.0000000000
95974  -20.894  21.115  -39.340 0.0000000000
95973  -20.303  20.491  -39.332 0.0000000000
95960  -21.315  20.124  -39.120 0.0000000000
87948  -15.805  10.959  -34.508 0.0000000000
132678  -16.629  11.167  -35.179 0.0000000000
87959  -16.014  11.818  -34.802 0.0000000000
88851  -16.217  12.505  -35.209 0.0000000000
89803  -16.606  13.210  -35.538 0.0000000000
90706  -17.108  13.915  -35.888 0.0000000000
138296  -17.738  14.949  -36.602 0.0000000000
90721  -17.785  14.287  -36.451 0.0000000000
90741  -18.997  14.550  -37.374 0.0000000000
90742  -19.757  14.458  -37.405 0.0000000000
91590  -21.276  15.385  -36.548 0.0000000000
140786  -22.244  16.076  -35.926 0.0000000000
141632  -22.598  15.227  -35.602 0.0000000000
83422  -23.773  6.440  -36.523 0.0000000000
72738  -21.395  -4.230  -34.066 0.0000000000
73766  -22.175  -3.881  -34.197 0.0000000000
126037  -17.091  8.161  -35.009 0.0000000000
126041  -17.624  8.702  -35.524 0.0000000000
145474  -18.255  9.046  -36.059 0.0000000000
126056  -19.313  9.808  -36.655 0.0000000000
126060  -20.043  9.761  -37.100 0.0000000000
148633  -20.698  8.808  -37.670 0.0000000000
127902  -20.889  8.363  -37.970 0.0000000000
84321  -20.245  7.372  -37.908 0.0000000000
85275  -21.106  7.840  -38.251 0.0000000000
85276  -21.893  7.933  -38.198 0.0000000000
84323  -22.672  7.750  -37.874 0.0000000000
83433  -22.654  6.930  -38.145 0.0000000000
83421  -23.304  6.417  -37.265 0.0000000000
81603  -20.061  4.520  -37.052 0.0000000000
152094  -21.044  4.569  -37.656 0.0000000000
81615  -21.392  4.085  -37.551 0.0000000000
81628  -21.367  4.683  -37.901 0.0000000000
82559  -21.778  5.239  -38.243 0.0000000000
137546  -23.160  5.780  -37.766 0.0000000000
141475  -23.542  5.712  -36.954 0.0000000000
137449  -24.527  4.940  -36.036 0.0000000000
80597  -24.374  3.689  -36.286 0.0000000000
131209  -21.859  23.774  -38.712 0.0000000000
98229  -22.375  23.121  -39.031 0.0000000000
93411  -15.581  18.176  -35.393 0.0000000000
94283  -17.705  18.405  -37.595 0.0000000000
94296  -18.788  18.633  -38.960 0.0000000000
95159  -21.103  19.267  -39.164 0.0000000000
91589  -18.042  15.447  -36.988 0.0000000000
139330  -18.348  16.012  -37.445 0.0000000000
92560  -19.195  16.665  -38.460 0.0000000000
92562  -20.456  16.784  -37.876 0.0000000000
92561  -19.779  16.948  -38.574 0.0000000000
93422  -20.414  17.402  -38.573 0.0000000000
94286  -20.438  18.040  -39.031 0.0000000000
95143  -21.799  19.337  -38.540 0.0000000000
95962  -23.189  20.595  -37.599 0.0000000000
126066  -21.031  10.464  -37.185 0.0000000000
126073  -21.924  10.990  -36.750 0.0000000000
131193  -22.633  11.094  -36.457 0.0000000000
86211  -22.467  9.851  -36.875 0.0000000000
126078  -22.757  10.372  -36.531 0.0000000000
146472  -23.215  11.404  -36.007 0.0000000000
131690  -17.286  -0.028  -32.754 0.0000000000
76695  -18.578  0.056  -34.101 0.0000000000
76727  -21.572  -0.079  -36.244 0.0000000000
126617  -22.140  -3.245  -34.560 0.0000000000
74805  -22.017  -1.923  -35.390 0.0000000000
74806  -22.946  -1.945  -35.236 0.0000000000
75790  -22.532  -1.239  -35.600 0.0000000000
152505  -22.541  -0.278  -36.110 0.0000000000
76728  -22.210  0.095  -36.324 0.0000000000
77604  -23.283  0.671  -36.212 0.0000000000
76714  -22.113  -0.590  -35.989 0.0000000000
80608  -21.727  3.585  -37.482 0.0000000000
81604  -23.475  4.380  -37.176 0.0000000000
81614  -20.576  4.876  -37.548 0.0000000000
81627  -20.855  5.152  -37.862 0.0000000000
83420  -19.715  5.940  -37.271 0.0000000000
83434  -23.052  6.479  -37.909 0.0000000000
84322  -20.638  7.751  -38.091 0.0000000000
84324  -23.097  7.140  -37.577 0.0000000000
84338  -22.142  7.331  -38.306 0.0000000000
87974  -19.706  11.591  -36.688 0.0000000000
88850  -15.520  12.499  -34.736 0.0000000000
89822  -17.829  13.482  -36.315 0.0000000000
90693  -14.725  14.708  -34.701 0.0000000000
90743  -20.309  14.403  -37.188 0.0000000000
92542  -15.131  16.912  -35.115 0.0000000000
94285  -19.009  17.731  -39.186 0.0000000000
94287  -21.245  18.550  -38.722 0.0000000000
95959  -18.858  20.860  -38.482 0.0000000000
96731  -20.434  22.011  -39.310 0.0000000000
126054  -19.916  8.124  -37.558 0.0000000000
126063  -21.479  8.532  -37.935 0.0000000000
126070  -21.573  10.464  -37.027 0.0000000000
126113  -14.336  15.922  -34.006 0.0000000000
133109  -23.401  -0.396  -35.715 0.0000000000
137962  -16.726  7.814  -34.476 0.0000000000
142173  -17.078  16.032  -36.419 0.0000000000
144616  -17.084  11.735  -35.536 0.0000000000
150953  -22.210  9.376  -37.298 0.0000000000
152696  -18.067  16.435  -37.401 0.0000000000
