#!ascii label  , from subject sub-p017 vox2ras=TkReg
420
21983  -45.901  -51.265  -40.230 0.0000000000
27774  -42.525  -46.842  -41.698 0.0000000000
25495  -45.709  -48.420  -35.515 0.0000000000
27763  -46.575  -45.171  -41.420 0.0000000000
27697  -41.242  -46.760  -35.192 0.0000000000
21944  -48.165  -51.606  -36.479 0.0000000000
136235  -49.574  -46.748  -32.581 0.0000000000
25434  -52.554  -48.139  -30.629 0.0000000000
26552  -44.391  -47.525  -32.524 0.0000000000
141797  -43.166  -47.935  -34.864 0.0000000000
27625  -42.194  -47.105  -31.790 0.0000000000
135415  -51.136  -48.333  -35.451 0.0000000000
25488  -52.938  -48.357  -33.906 0.0000000000
26482  -52.356  -48.490  -28.194 0.0000000000
27572  -50.683  -47.070  -29.039 0.0000000000
23186  -42.949  -50.723  -37.919 0.0000000000
28893  -46.002  -44.846  -42.403 0.0000000000
127948  -43.275  -48.502  -41.320 0.0000000000
135462  -45.753  -47.891  -44.030 0.0000000000
26641  -48.913  -47.479  -39.191 0.0000000000
148281  -46.383  -47.827  -39.751 0.0000000000
28849  -44.148  -45.612  -38.245 0.0000000000
28859  -41.900  -46.030  -38.216 0.0000000000
142383  -49.480  -48.670  -36.902 0.0000000000
26573  -47.626  -47.602  -33.551 0.0000000000
133188  -46.157  -46.688  -31.166 0.0000000000
24286  -50.202  -49.035  -33.046 0.0000000000
27613  -52.189  -46.750  -31.232 0.0000000000
138936  -48.335  -46.394  -30.220 0.0000000000
28715  -45.825  -45.199  -28.695 0.0000000000
25534  -43.256  -48.601  -38.646 0.0000000000
29919  -38.960  -44.570  -39.817 0.0000000000
27772  -40.253  -46.613  -41.888 0.0000000000
28913  -41.641  -46.320  -44.666 0.0000000000
27606  -43.896  -46.482  -30.664 0.0000000000
26534  -43.132  -47.204  -31.876 0.0000000000
21973  -44.309  -51.087  -39.268 0.0000000000
27762  -43.424  -45.913  -41.220 0.0000000000
27785  -46.015  -45.918  -43.690 0.0000000000
27784  -44.822  -46.372  -43.500 0.0000000000
26703  -44.842  -47.493  -44.862 0.0000000000
26689  -42.414  -47.541  -43.211 0.0000000000
25520  -47.717  -47.834  -37.436 0.0000000000
26616  -46.592  -47.840  -37.084 0.0000000000
26601  -42.713  -47.408  -35.461 0.0000000000
27713  -44.126  -46.785  -37.073 0.0000000000
27711  -42.415  -46.475  -36.569 0.0000000000
28847  -42.348  -45.941  -37.743 0.0000000000
27710  -41.565  -46.248  -36.700 0.0000000000
24351  -48.949  -49.306  -38.369 0.0000000000
23171  -49.352  -49.344  -37.316 0.0000000000
26576  -50.931  -47.228  -33.902 0.0000000000
26591  -49.270  -47.800  -34.590 0.0000000000
26556  -48.193  -47.193  -32.942 0.0000000000
26555  -47.218  -47.324  -32.750 0.0000000000
27650  -47.840  -46.899  -32.210 0.0000000000
25464  -50.728  -48.593  -32.338 0.0000000000
26557  -52.905  -47.683  -32.019 0.0000000000
25453  -52.838  -47.639  -31.183 0.0000000000
133031  -48.849  -46.495  -28.071 0.0000000000
27591  -49.709  -46.673  -29.455 0.0000000000
27569  -47.791  -46.113  -29.024 0.0000000000
28737  -47.137  -45.795  -29.114 0.0000000000
27754  -46.851  -45.903  -40.440 0.0000000000
25535  -44.232  -48.360  -38.713 0.0000000000
26652  -45.110  -47.192  -39.885 0.0000000000
24408  -41.056  -49.285  -40.540 0.0000000000
31946  -39.651  -42.882  -39.236 0.0000000000
29922  -39.311  -45.075  -40.514 0.0000000000
29942  -41.638  -44.793  -43.581 0.0000000000
25485  -45.387  -48.318  -34.490 0.0000000000
25494  -44.780  -48.391  -35.319 0.0000000000
26570  -43.853  -47.886  -33.308 0.0000000000
26586  -42.898  -47.876  -33.923 0.0000000000
26568  -41.501  -47.263  -33.392 0.0000000000
23142  -49.954  -50.082  -36.405 0.0000000000
25499  -52.010  -48.315  -35.104 0.0000000000
27653  -51.530  -46.857  -32.975 0.0000000000
26512  -52.618  -47.990  -29.728 0.0000000000
26511  -52.432  -47.616  -29.928 0.0000000000
26495  -51.433  -47.449  -28.753 0.0000000000
27560  -49.516  -46.827  -27.594 0.0000000000
27559  -48.627  -46.273  -27.166 0.0000000000
29924  -46.242  -44.620  -41.747 0.0000000000
26666  -45.295  -46.675  -40.951 0.0000000000
27786  -46.262  -45.788  -43.306 0.0000000000
25581  -45.567  -47.560  -43.126 0.0000000000
24435  -43.043  -49.208  -42.418 0.0000000000
133811  -43.788  -49.656  -43.835 0.0000000000
24455  -44.923  -49.214  -45.097 0.0000000000
25605  -44.359  -48.780  -45.992 0.0000000000
24393  -47.753  -49.173  -40.010 0.0000000000
24391  -46.387  -49.512  -39.952 0.0000000000
27755  -48.246  -46.257  -40.021 0.0000000000
28865  -47.435  -45.286  -40.100 0.0000000000
26614  -44.616  -47.546  -36.613 0.0000000000
27728  -44.581  -46.158  -37.729 0.0000000000
28878  -46.305  -44.541  -40.265 0.0000000000
148536  -44.578  -44.934  -39.561 0.0000000000
28875  -42.887  -45.632  -39.278 0.0000000000
27752  -42.087  -46.276  -39.779 0.0000000000
23191  -48.542  -49.501  -39.110 0.0000000000
25522  -49.149  -48.307  -37.938 0.0000000000
25497  -47.834  -48.474  -36.139 0.0000000000
25498  -50.263  -48.524  -35.986 0.0000000000
136515  -48.748  -48.274  -35.508 0.0000000000
26589  -47.058  -48.032  -34.187 0.0000000000
26554  -46.229  -47.429  -32.631 0.0000000000
26537  -45.781  -47.114  -31.870 0.0000000000
27607  -44.758  -46.451  -30.606 0.0000000000
147295  -52.302  -48.928  -33.180 0.0000000000
27655  -52.841  -47.352  -32.333 0.0000000000
146121  -50.408  -46.500  -31.615 0.0000000000
27592  -50.947  -46.786  -29.929 0.0000000000
27632  -49.751  -46.469  -30.993 0.0000000000
27631  -48.629  -46.489  -31.029 0.0000000000
146846  -47.134  -46.284  -30.326 0.0000000000
28758  -45.968  -46.002  -29.893 0.0000000000
24375  -44.801  -49.157  -38.645 0.0000000000
24350  -42.324  -49.529  -37.748 0.0000000000
25547  -42.817  -48.405  -39.480 0.0000000000
127556  -40.718  -49.226  -38.653 0.0000000000
27708  -39.931  -46.203  -36.352 0.0000000000
27737  -40.023  -46.478  -38.330 0.0000000000
129682  -40.207  -46.787  -39.987 0.0000000000
27758  -39.582  -46.378  -40.378 0.0000000000
26676  -40.742  -47.240  -41.850 0.0000000000
26701  -41.768  -47.583  -43.630 0.0000000000
26714  -42.224  -47.748  -44.934 0.0000000000
143401  -43.052  -46.543  -30.747 0.0000000000
21981  -44.228  -51.956  -40.165 0.0000000000
21982  -45.012  -51.448  -40.211 0.0000000000
27775  -43.989  -46.155  -42.345 0.0000000000
27783  -43.186  -47.098  -42.807 0.0000000000
26690  -43.984  -47.291  -43.979 0.0000000000
26678  -42.122  -47.377  -42.347 0.0000000000
25508  -47.151  -48.271  -36.606 0.0000000000
25507  -46.092  -48.277  -36.336 0.0000000000
27698  -42.049  -47.069  -35.333 0.0000000000
152495  -42.376  -46.909  -35.909 0.0000000000
130278  -41.776  -46.618  -35.978 0.0000000000
20776  -46.879  -52.510  -36.382 0.0000000000
21943  -47.284  -51.705  -36.928 0.0000000000
21965  -48.506  -50.797  -37.124 0.0000000000
23141  -49.238  -50.464  -36.790 0.0000000000
27672  -50.233  -46.906  -33.142 0.0000000000
26575  -49.764  -47.339  -33.851 0.0000000000
27671  -49.177  -47.086  -33.089 0.0000000000
27651  -48.738  -46.811  -32.417 0.0000000000
25433  -51.735  -48.530  -30.549 0.0000000000
25432  -50.617  -48.766  -30.533 0.0000000000
25451  -51.291  -48.443  -31.457 0.0000000000
151904  -52.837  -47.864  -31.484 0.0000000000
28713  -48.187  -46.087  -27.861 0.0000000000
27570  -48.273  -46.262  -28.570 0.0000000000
28717  -47.539  -45.750  -28.291 0.0000000000
28712  -46.912  -45.186  -27.695 0.0000000000
144067  -45.942  -46.649  -39.947 0.0000000000
27753  -46.003  -46.026  -40.681 0.0000000000
29928  -40.225  -44.904  -41.747 0.0000000000
28899  -40.900  -45.308  -42.965 0.0000000000
29936  -41.367  -44.432  -42.787 0.0000000000
130399  -44.759  -47.785  -33.116 0.0000000000
25475  -44.639  -48.159  -33.846 0.0000000000
26550  -42.657  -47.449  -32.509 0.0000000000
137385  -43.030  -47.704  -33.098 0.0000000000
26569  -42.297  -47.545  -33.262 0.0000000000
27649  -41.811  -47.321  -32.615 0.0000000000
26577  -52.134  -47.349  -33.935 0.0000000000
26595  -52.870  -47.777  -33.773 0.0000000000
24222  -52.446  -48.611  -29.228 0.0000000000
26497  -52.494  -48.561  -28.848 0.0000000000
26496  -52.264  -47.909  -29.049 0.0000000000
21961  -41.331  -51.390  -37.490 0.0000000000
28886  -45.487  -44.650  -41.391 0.0000000000
28894  -46.365  -45.027  -42.249 0.0000000000
28901  -46.154  -45.380  -43.029 0.0000000000
26691  -46.212  -47.168  -43.974 0.0000000000
25580  -44.769  -48.358  -43.066 0.0000000000
24436  -44.061  -49.112  -43.199 0.0000000000
24448  -42.945  -49.594  -43.030 0.0000000000
25597  -45.160  -48.059  -45.235 0.0000000000
24450  -45.266  -48.582  -45.100 0.0000000000
24463  -44.994  -48.645  -45.537 0.0000000000
24462  -44.603  -49.289  -45.644 0.0000000000
26716  -43.875  -48.084  -45.482 0.0000000000
25551  -48.851  -48.048  -39.459 0.0000000000
25550  -48.285  -48.236  -40.014 0.0000000000
147188  -47.750  -45.655  -40.113 0.0000000000
27741  -47.297  -45.680  -39.366 0.0000000000
25483  -43.947  -48.232  -35.122 0.0000000000
25506  -45.130  -48.213  -36.130 0.0000000000
26603  -44.236  -48.010  -35.911 0.0000000000
27739  -45.135  -45.523  -38.494 0.0000000000
28862  -44.773  -45.078  -39.050 0.0000000000
139314  -45.425  -44.601  -39.925 0.0000000000
28860  -42.685  -45.722  -38.436 0.0000000000
28884  -43.094  -45.725  -40.217 0.0000000000
28874  -41.977  -46.096  -38.908 0.0000000000
138216  -49.375  -48.757  -37.257 0.0000000000
24352  -49.182  -48.586  -38.166 0.0000000000
25510  -49.085  -48.370  -37.477 0.0000000000
138881  -48.930  -48.433  -36.609 0.0000000000
24331  -50.636  -49.064  -36.010 0.0000000000
150077  -50.231  -48.830  -36.317 0.0000000000
25512  -50.488  -48.698  -35.950 0.0000000000
26574  -48.660  -47.484  -33.718 0.0000000000
26590  -48.125  -47.970  -34.406 0.0000000000
25487  -47.445  -48.317  -35.135 0.0000000000
26588  -46.209  -48.123  -34.024 0.0000000000
26572  -46.643  -47.701  -33.417 0.0000000000
27629  -46.845  -46.949  -31.866 0.0000000000
27628  -45.267  -46.770  -31.228 0.0000000000
27608  -45.618  -46.407  -30.544 0.0000000000
24287  -51.395  -48.940  -33.043 0.0000000000
26538  -52.898  -47.371  -31.698 0.0000000000
27634  -52.618  -46.931  -31.795 0.0000000000
27654  -52.360  -46.890  -32.393 0.0000000000
27633  -51.585  -46.598  -31.908 0.0000000000
26510  -51.754  -47.279  -29.536 0.0000000000
27593  -52.156  -46.996  -30.436 0.0000000000
27590  -48.527  -46.403  -29.439 0.0000000000
27611  -49.156  -46.478  -30.233 0.0000000000
27610  -47.746  -46.428  -30.624 0.0000000000
28736  -46.316  -45.643  -29.232 0.0000000000
27588  -46.790  -46.009  -29.797 0.0000000000
28735  -45.474  -45.585  -29.350 0.0000000000
145400  -46.846  -48.624  -40.078 0.0000000000
149834  -45.216  -49.710  -39.077 0.0000000000
25537  -45.966  -48.501  -39.453 0.0000000000
24374  -43.817  -49.303  -38.204 0.0000000000
24373  -42.750  -49.141  -38.104 0.0000000000
24349  -41.685  -49.591  -37.621 0.0000000000
136146  -41.930  -49.148  -38.076 0.0000000000
26665  -44.442  -47.464  -40.920 0.0000000000
25562  -43.525  -47.996  -40.422 0.0000000000
24407  -40.162  -49.442  -40.246 0.0000000000
25560  -41.828  -48.896  -39.770 0.0000000000
27736  -39.143  -46.305  -38.575 0.0000000000
27750  -40.328  -46.589  -39.143 0.0000000000
27749  -39.492  -46.427  -39.347 0.0000000000
28891  -39.817  -45.910  -41.575 0.0000000000
28890  -39.470  -45.897  -40.881 0.0000000000
27771  -39.809  -46.383  -41.171 0.0000000000
27759  -40.268  -46.917  -41.024 0.0000000000
26688  -41.391  -47.407  -42.610 0.0000000000
26687  -40.698  -47.061  -42.578 0.0000000000
149823  -41.183  -46.559  -43.847 0.0000000000
27795  -41.402  -47.122  -44.040 0.0000000000
26535  -43.991  -47.213  -31.876 0.0000000000
27626  -43.566  -46.841  -31.302 0.0000000000
143178  -42.852  -46.861  -31.347 0.0000000000
27605  -42.269  -46.626  -31.004 0.0000000000
26481  -51.667  -47.827  -28.088 0.0000000000
26470  -50.932  -47.681  -27.127 0.0000000000
23187  -43.746  -50.380  -38.301 0.0000000000
28892  -44.784  -45.290  -41.867 0.0000000000
28900  -45.496  -45.525  -42.946 0.0000000000
27796  -45.587  -46.703  -44.248 0.0000000000
25588  -45.534  -48.230  -44.649 0.0000000000
26702  -42.980  -47.822  -44.339 0.0000000000
25521  -48.848  -47.781  -38.038 0.0000000000
140420  -48.203  -47.298  -38.248 0.0000000000
26626  -47.229  -47.155  -37.885 0.0000000000
26625  -46.092  -47.071  -37.536 0.0000000000
26602  -43.438  -47.715  -35.666 0.0000000000
26613  -43.743  -47.327  -36.406 0.0000000000
27699  -42.965  -47.088  -36.164 0.0000000000
27712  -43.281  -46.585  -36.816 0.0000000000
27727  -43.664  -46.120  -37.513 0.0000000000
28848  -43.219  -45.741  -37.971 0.0000000000
27726  -42.826  -46.104  -37.280 0.0000000000
27725  -42.094  -46.090  -37.155 0.0000000000
28846  -41.252  -46.179  -37.588 0.0000000000
23170  -48.833  -50.044  -37.744 0.0000000000
26593  -51.311  -47.573  -34.643 0.0000000000
26605  -50.938  -47.966  -35.243 0.0000000000
26592  -50.403  -47.630  -34.672 0.0000000000
129321  -47.003  -46.556  -30.978 0.0000000000
25463  -49.488  -48.724  -32.351 0.0000000000
25465  -52.089  -48.452  -32.357 0.0000000000
27614  -52.745  -47.208  -31.184 0.0000000000
27571  -49.695  -46.833  -28.496 0.0000000000
128763  -48.980  -46.543  -28.798 0.0000000000
27589  -47.637  -46.183  -29.783 0.0000000000
28716  -46.655  -45.391  -28.511 0.0000000000
131637  -46.539  -46.989  -39.965 0.0000000000
25536  -45.131  -48.435  -38.959 0.0000000000
26653  -45.595  -47.628  -39.514 0.0000000000
26638  -44.804  -47.850  -39.156 0.0000000000
25548  -43.695  -48.051  -39.316 0.0000000000
25561  -42.602  -48.632  -40.567 0.0000000000
30912  -40.007  -43.205  -39.954 0.0000000000
30917  -39.559  -44.076  -40.306 0.0000000000
29923  -39.912  -44.464  -40.994 0.0000000000
29927  -39.677  -45.299  -41.166 0.0000000000
28898  -40.342  -45.774  -42.336 0.0000000000
27782  -40.528  -46.482  -42.611 0.0000000000
137428  -41.151  -45.877  -43.677 0.0000000000
25484  -44.491  -48.330  -34.609 0.0000000000
26587  -43.806  -48.183  -34.272 0.0000000000
26551  -43.513  -47.517  -32.522 0.0000000000
132870  -42.421  -47.534  -34.713 0.0000000000
26585  -42.012  -47.455  -34.024 0.0000000000
27684  -41.277  -47.025  -34.219 0.0000000000
21945  -48.969  -51.488  -36.201 0.0000000000
24317  -51.336  -48.756  -35.522 0.0000000000
26606  -51.755  -47.823  -34.959 0.0000000000
24249  -51.931  -48.902  -29.784 0.0000000000
25435  -52.669  -48.026  -30.237 0.0000000000
27561  -50.558  -47.277  -28.045 0.0000000000
128424  -47.737  -45.606  -27.226 0.0000000000
28887  -46.569  -44.817  -41.363 0.0000000000
26679  -46.349  -45.739  -42.278 0.0000000000
149428  -45.837  -46.436  -42.168 0.0000000000
25572  -45.254  -47.109  -41.981 0.0000000000
25571  -44.281  -47.966  -41.866 0.0000000000
24449  -44.860  -49.060  -44.345 0.0000000000
23251  -44.379  -49.641  -44.574 0.0000000000
23250  -43.629  -50.119  -44.470 0.0000000000
23258  -44.300  -49.871  -45.121 0.0000000000
23264  -44.030  -50.033  -45.761 0.0000000000
23199  -46.505  -50.386  -40.159 0.0000000000
23198  -45.716  -50.353  -39.964 0.0000000000
24392  -47.113  -49.465  -40.159 0.0000000000
25549  -47.642  -48.491  -40.193 0.0000000000
131736  -47.264  -47.690  -40.228 0.0000000000
26655  -48.068  -47.510  -40.256 0.0000000000
26654  -47.633  -46.699  -40.268 0.0000000000
27765  -47.667  -45.798  -40.185 0.0000000000
28880  -47.186  -45.201  -40.395 0.0000000000
28879  -46.934  -44.829  -40.507 0.0000000000
26615  -45.561  -47.731  -36.823 0.0000000000
26624  -45.056  -46.949  -37.294 0.0000000000
27740  -46.225  -45.541  -38.847 0.0000000000
28864  -46.805  -44.934  -39.760 0.0000000000
29921  -46.599  -44.630  -40.891 0.0000000000
29920  -45.946  -44.431  -40.872 0.0000000000
28877  -44.954  -44.638  -40.359 0.0000000000
28861  -43.738  -45.355  -38.844 0.0000000000
28876  -43.902  -45.181  -39.772 0.0000000000
28885  -44.245  -45.184  -40.773 0.0000000000
27761  -42.291  -46.481  -40.695 0.0000000000
23200  -47.135  -50.084  -40.074 0.0000000000
23201  -47.862  -49.769  -39.670 0.0000000000
24394  -48.455  -48.924  -39.650 0.0000000000
24377  -48.973  -48.684  -38.986 0.0000000000
26627  -49.100  -47.767  -38.661 0.0000000000
25509  -48.274  -48.269  -37.061 0.0000000000
25496  -46.716  -48.457  -35.791 0.0000000000
25511  -49.842  -48.763  -36.572 0.0000000000
26604  -49.947  -48.107  -35.427 0.0000000000
146977  -49.610  -48.433  -36.174 0.0000000000
25486  -46.395  -48.331  -34.840 0.0000000000
26571  -45.592  -47.864  -33.420 0.0000000000
26553  -45.280  -47.490  -32.556 0.0000000000
26536  -44.866  -47.175  -31.872 0.0000000000
27627  -44.401  -46.813  -31.265 0.0000000000
145253  -52.766  -48.390  -32.751 0.0000000000
142063  -53.050  -47.729  -32.637 0.0000000000
26578  -52.893  -47.507  -33.133 0.0000000000
27673  -52.428  -47.131  -32.965 0.0000000000
27652  -50.444  -46.623  -32.365 0.0000000000
26522  -52.703  -47.622  -30.527 0.0000000000
127009  -51.031  -46.564  -30.903 0.0000000000
27612  -50.100  -46.572  -30.298 0.0000000000
127986  -49.389  -46.555  -31.847 0.0000000000
144459  -48.435  -46.637  -31.805 0.0000000000
27630  -47.729  -46.619  -31.437 0.0000000000
27609  -46.446  -46.339  -30.450 0.0000000000
28757  -45.113  -46.044  -29.963 0.0000000000
23188  -44.704  -50.177  -38.907 0.0000000000
23168  -42.986  -49.828  -37.815 0.0000000000
23166  -41.551  -50.367  -37.315 0.0000000000
26651  -44.282  -47.472  -39.987 0.0000000000
25533  -42.328  -48.802  -38.706 0.0000000000
151308  -41.735  -46.066  -30.151 0.0000000000
145439  -41.115  -47.118  -32.784 0.0000000000
141413  -40.648  -46.799  -33.471 0.0000000000
27683  -40.519  -46.587  -34.525 0.0000000000
130086  -40.952  -46.366  -36.102 0.0000000000
27709  -40.777  -46.233  -36.815 0.0000000000
28845  -38.996  -46.200  -37.037 0.0000000000
27724  -40.015  -46.325  -37.306 0.0000000000
27738  -41.079  -46.362  -38.586 0.0000000000
27751  -41.107  -46.566  -39.454 0.0000000000
27760  -41.178  -46.862  -40.445 0.0000000000
28882  -38.895  -45.350  -39.876 0.0000000000
28873  -39.051  -45.985  -39.741 0.0000000000
26664  -41.028  -47.193  -41.225 0.0000000000
26677  -41.517  -47.296  -41.762 0.0000000000
25595  -43.934  -48.439  -46.024 0.0000000000
21962  -42.198  -51.039  -37.617 0.0000000000
23167  -42.314  -50.180  -37.531 0.0000000000
24221  -52.235  -49.153  -29.183 0.0000000000
24250  -52.403  -48.482  -29.795 0.0000000000
24330  -50.053  -49.083  -36.580 0.0000000000
24376  -45.585  -49.258  -39.215 0.0000000000
25452  -52.403  -48.160  -31.437 0.0000000000
25466  -52.842  -48.013  -32.107 0.0000000000
25467  -53.035  -48.072  -32.653 0.0000000000
25476  -53.123  -48.049  -33.212 0.0000000000
25538  -49.202  -48.024  -38.804 0.0000000000
25596  -44.643  -48.397  -45.709 0.0000000000
26637  -44.344  -47.828  -39.357 0.0000000000
26667  -48.164  -46.660  -40.145 0.0000000000
26704  -45.789  -47.321  -44.454 0.0000000000
26705  -46.242  -46.519  -43.979 0.0000000000
27604  -41.643  -46.323  -30.614 0.0000000000
27685  -41.790  -47.190  -34.692 0.0000000000
27764  -46.892  -45.103  -40.733 0.0000000000
27773  -41.652  -47.016  -41.131 0.0000000000
28863  -45.778  -44.936  -39.382 0.0000000000
28883  -39.199  -45.796  -40.297 0.0000000000
28888  -46.743  -44.801  -40.912 0.0000000000
29925  -46.483  -44.693  -41.382 0.0000000000
133477  -51.786  -49.625  -33.480 0.0000000000
139295  -41.462  -49.055  -38.746 0.0000000000
148095  -48.563  -49.942  -38.537 0.0000000000
151994  -49.303  -48.681  -37.151 0.0000000000
