#!ascii label  , from subject sub-p017 vox2ras=TkReg
345
79479  -26.743  2.826  -33.895 0.0000000000
133339  -23.416  6.982  -36.826 0.0000000000
95961  -22.377  20.161  -38.227 0.0000000000
92544  -22.678  16.805  -35.864 0.0000000000
126096  -24.836  12.867  -33.876 0.0000000000
85230  -27.138  8.508  -32.911 0.0000000000
96732  -21.456  21.816  -39.233 0.0000000000
91564  -23.882  15.090  -34.695 0.0000000000
88873  -22.774  11.944  -36.187 0.0000000000
81593  -25.281  4.857  -35.304 0.0000000000
137298  -25.518  7.871  -34.416 0.0000000000
82497  -27.171  5.508  -33.450 0.0000000000
73768  -23.872  -3.011  -34.089 0.0000000000
78511  -24.459  1.586  -35.806 0.0000000000
102455  -19.805  28.514  -39.154 0.0000000000
100888  -21.984  26.843  -39.672 0.0000000000
99917  -22.902  25.127  -38.499 0.0000000000
98231  -23.842  23.329  -38.246 0.0000000000
97444  -24.674  22.293  -37.079 0.0000000000
94279  -22.846  18.861  -37.049 0.0000000000
95944  -24.813  20.517  -35.864 0.0000000000
94262  -25.240  18.158  -34.489 0.0000000000
91552  -25.732  15.966  -33.325 0.0000000000
126104  -26.140  13.580  -32.764 0.0000000000
86187  -24.342  9.650  -35.300 0.0000000000
126207  -25.671  10.431  -33.681 0.0000000000
88872  -22.246  12.599  -36.307 0.0000000000
87991  -21.347  11.200  -36.870 0.0000000000
147059  -25.897  3.618  -34.768 0.0000000000
81582  -26.350  5.064  -34.330 0.0000000000
81571  -26.995  4.177  -33.776 0.0000000000
70651  -25.230  -6.493  -31.210 0.0000000000
71700  -25.429  -5.521  -31.402 0.0000000000
72699  -25.681  -4.638  -31.583 0.0000000000
79518  -23.482  2.772  -36.786 0.0000000000
77605  -23.270  1.334  -36.440 0.0000000000
139497  -22.600  25.897  -38.677 0.0000000000
95975  -21.880  20.994  -38.837 0.0000000000
97467  -22.794  22.484  -38.800 0.0000000000
96719  -23.155  21.848  -38.313 0.0000000000
97454  -24.298  22.797  -37.696 0.0000000000
139645  -23.362  21.309  -37.775 0.0000000000
93415  -22.398  17.509  -36.372 0.0000000000
95137  -23.561  19.387  -36.575 0.0000000000
94270  -24.035  18.451  -35.618 0.0000000000
95122  -25.074  19.006  -34.789 0.0000000000
93407  -24.107  17.745  -35.293 0.0000000000
89784  -23.802  13.553  -34.780 0.0000000000
91565  -24.419  15.595  -34.391 0.0000000000
90675  -25.212  14.508  -33.597 0.0000000000
90676  -25.664  14.673  -33.210 0.0000000000
143522  -25.579  13.036  -33.274 0.0000000000
147358  -23.042  7.718  -37.421 0.0000000000
126081  -23.103  9.815  -36.471 0.0000000000
85254  -23.713  8.249  -36.344 0.0000000000
85239  -26.065  8.111  -33.821 0.0000000000
86174  -25.519  9.635  -34.072 0.0000000000
86154  -26.755  9.640  -33.030 0.0000000000
143541  -26.699  11.088  -32.649 0.0000000000
86155  -27.309  9.537  -32.543 0.0000000000
128555  -25.820  -2.563  -32.974 0.0000000000
74794  -24.961  -1.976  -34.054 0.0000000000
75763  -25.622  -1.642  -33.692 0.0000000000
76700  -25.862  -0.009  -33.895 0.0000000000
91591  -21.855  15.378  -36.062 0.0000000000
92545  -22.999  16.041  -35.469 0.0000000000
90707  -22.680  14.307  -35.594 0.0000000000
89806  -23.152  13.514  -35.369 0.0000000000
88834  -23.574  12.748  -35.151 0.0000000000
82521  -24.168  5.705  -36.263 0.0000000000
84295  -24.640  7.279  -35.363 0.0000000000
83410  -25.035  6.487  -35.153 0.0000000000
83400  -26.300  6.444  -34.092 0.0000000000
84281  -27.213  7.019  -33.090 0.0000000000
73736  -25.383  -3.551  -32.443 0.0000000000
82534  -23.334  5.048  -37.492 0.0000000000
81605  -24.152  4.285  -36.524 0.0000000000
80583  -24.857  3.395  -35.737 0.0000000000
79492  -25.621  2.284  -34.885 0.0000000000
103228  -21.111  29.934  -39.977 0.0000000000
100862  -19.581  26.507  -38.488 0.0000000000
101684  -20.926  27.658  -39.887 0.0000000000
101686  -23.135  28.014  -39.554 0.0000000000
101672  -24.172  27.406  -38.357 0.0000000000
100877  -24.449  26.418  -38.199 0.0000000000
130455  -22.742  23.721  -38.788 0.0000000000
127712  -23.836  24.917  -38.464 0.0000000000
99905  -25.170  25.911  -37.829 0.0000000000
99024  -25.236  24.075  -37.360 0.0000000000
98218  -25.885  23.768  -36.580 0.0000000000
97446  -25.672  22.853  -36.382 0.0000000000
95144  -22.469  19.334  -37.843 0.0000000000
95954  -23.709  20.227  -36.850 0.0000000000
95955  -24.346  20.756  -36.453 0.0000000000
96701  -25.746  21.592  -35.601 0.0000000000
95946  -26.035  21.053  -35.026 0.0000000000
94246  -26.423  18.718  -33.590 0.0000000000
92535  -24.466  16.483  -34.490 0.0000000000
92536  -25.010  16.804  -34.161 0.0000000000
126072  -22.189  10.454  -36.813 0.0000000000
126082  -23.364  10.615  -36.076 0.0000000000
126231  -24.419  11.057  -34.711 0.0000000000
85237  -24.616  8.844  -35.059 0.0000000000
126226  -25.038  10.358  -34.322 0.0000000000
126095  -25.153  11.209  -33.944 0.0000000000
126193  -25.890  12.237  -33.106 0.0000000000
126192  -26.824  12.586  -32.253 0.0000000000
77591  -24.717  0.805  -35.406 0.0000000000
77573  -26.094  0.839  -33.981 0.0000000000
78490  -26.709  1.936  -33.648 0.0000000000
80573  -26.516  3.705  -34.261 0.0000000000
80560  -27.019  3.513  -33.723 0.0000000000
134964  -27.247  3.078  -33.413 0.0000000000
70652  -26.019  -6.787  -30.828 0.0000000000
136759  -26.053  -6.004  -31.040 0.0000000000
96733  -22.365  21.775  -38.809 0.0000000000
96718  -22.727  21.110  -38.259 0.0000000000
92553  -21.891  16.834  -36.381 0.0000000000
94268  -22.931  18.119  -36.348 0.0000000000
93405  -23.127  17.444  -35.864 0.0000000000
93406  -23.658  17.395  -35.493 0.0000000000
89785  -24.427  13.595  -34.209 0.0000000000
90695  -24.663  14.352  -34.023 0.0000000000
89770  -25.017  13.722  -33.646 0.0000000000
84307  -23.330  7.622  -36.886 0.0000000000
85264  -23.060  8.337  -37.112 0.0000000000
137297  -26.868  7.923  -33.232 0.0000000000
85229  -26.602  8.863  -33.361 0.0000000000
85216  -27.079  9.081  -32.901 0.0000000000
86156  -27.853  9.325  -31.962 0.0000000000
85217  -27.509  8.809  -32.473 0.0000000000
74779  -26.091  -2.029  -33.190 0.0000000000
90724  -21.556  14.734  -36.312 0.0000000000
151761  -22.117  14.744  -35.884 0.0000000000
89827  -21.998  14.085  -36.132 0.0000000000
89805  -22.453  13.411  -35.911 0.0000000000
88853  -22.925  12.701  -35.740 0.0000000000
128021  -23.379  12.009  -35.594 0.0000000000
82522  -24.814  5.699  -35.570 0.0000000000
82508  -25.444  5.738  -34.949 0.0000000000
82496  -26.618  5.672  -33.962 0.0000000000
82509  -26.047  5.761  -34.443 0.0000000000
84289  -26.537  7.175  -33.662 0.0000000000
83387  -26.885  6.322  -33.544 0.0000000000
83388  -27.479  6.129  -33.010 0.0000000000
69610  -23.882  -7.306  -31.197 0.0000000000
145557  -23.555  -7.870  -30.908 0.0000000000
144663  -25.137  -4.200  -32.130 0.0000000000
73721  -26.035  -3.705  -31.869 0.0000000000
82535  -23.854  4.992  -36.729 0.0000000000
134484  -24.085  2.230  -36.299 0.0000000000
79519  -24.251  3.013  -36.304 0.0000000000
79505  -24.857  2.447  -35.632 0.0000000000
79506  -25.478  3.107  -35.153 0.0000000000
78512  -25.190  1.523  -35.190 0.0000000000
103216  -20.042  29.160  -39.187 0.0000000000
103217  -20.626  29.538  -39.564 0.0000000000
102468  -21.403  29.290  -40.064 0.0000000000
102456  -20.595  28.642  -39.676 0.0000000000
99929  -20.667  26.156  -39.560 0.0000000000
100873  -20.066  26.290  -39.242 0.0000000000
100887  -21.209  26.797  -39.860 0.0000000000
143091  -21.805  27.447  -39.979 0.0000000000
101685  -22.570  27.376  -39.551 0.0000000000
150271  -23.100  26.265  -38.644 0.0000000000
100876  -23.533  26.671  -38.544 0.0000000000
137796  -23.595  25.805  -38.500 0.0000000000
97466  -21.963  22.495  -39.154 0.0000000000
98230  -23.156  23.145  -38.729 0.0000000000
152722  -23.421  23.719  -38.577 0.0000000000
99036  -24.048  24.132  -38.321 0.0000000000
151593  -24.442  24.758  -38.125 0.0000000000
133382  -25.134  24.971  -37.704 0.0000000000
99023  -24.679  24.315  -37.841 0.0000000000
97455  -25.085  23.120  -37.083 0.0000000000
97445  -25.175  22.466  -36.651 0.0000000000
94278  -22.218  18.149  -37.064 0.0000000000
94277  -21.566  18.011  -37.889 0.0000000000
94288  -22.066  18.687  -37.894 0.0000000000
95145  -23.066  19.738  -37.379 0.0000000000
95138  -24.245  19.854  -36.023 0.0000000000
96712  -25.049  21.312  -36.144 0.0000000000
95945  -25.391  20.786  -35.470 0.0000000000
96702  -26.415  21.808  -35.154 0.0000000000
94261  -24.586  18.301  -35.033 0.0000000000
95123  -25.673  19.680  -34.601 0.0000000000
94263  -25.745  18.858  -34.229 0.0000000000
95124  -26.309  19.558  -34.035 0.0000000000
91579  -23.295  15.268  -35.190 0.0000000000
92534  -23.743  16.052  -34.907 0.0000000000
91566  -25.056  15.979  -33.926 0.0000000000
92518  -25.509  16.710  -33.679 0.0000000000
93379  -25.914  17.376  -33.543 0.0000000000
92519  -26.104  16.702  -33.145 0.0000000000
90661  -26.115  14.433  -32.757 0.0000000000
143519  -26.742  14.034  -32.231 0.0000000000
140725  -21.318  9.808  -37.372 0.0000000000
86198  -23.757  9.772  -35.931 0.0000000000
126203  -24.068  10.445  -35.429 0.0000000000
126092  -23.743  11.256  -35.466 0.0000000000
84296  -25.273  7.228  -34.751 0.0000000000
85246  -24.316  8.119  -35.587 0.0000000000
85247  -24.926  8.013  -34.887 0.0000000000
143536  -25.335  12.110  -33.609 0.0000000000
143515  -25.947  11.350  -33.277 0.0000000000
87044  -27.357  10.828  -32.122 0.0000000000
143514  -27.182  11.740  -32.067 0.0000000000
142819  -26.505  0.301  -33.420 0.0000000000
78500  -26.317  1.517  -33.985 0.0000000000
137782  -26.634  1.134  -33.486 0.0000000000
131980  -21.751  13.299  -36.417 0.0000000000
149142  -21.405  11.823  -36.788 0.0000000000
87975  -21.988  11.741  -36.619 0.0000000000
80584  -25.425  3.927  -35.281 0.0000000000
138762  -25.819  5.159  -34.722 0.0000000000
81581  -25.983  4.396  -34.682 0.0000000000
150914  -26.565  4.454  -34.192 0.0000000000
138044  -26.856  4.927  -33.844 0.0000000000
81572  -27.375  4.693  -33.330 0.0000000000
80561  -27.493  3.768  -33.184 0.0000000000
69611  -24.700  -7.273  -31.057 0.0000000000
72713  -24.327  -4.590  -32.484 0.0000000000
144269  -24.840  -5.024  -31.870 0.0000000000
126734  -26.210  -5.158  -31.138 0.0000000000
79531  -22.804  3.238  -37.306 0.0000000000
78537  -22.680  2.582  -37.056 0.0000000000
144142  -23.350  2.050  -36.664 0.0000000000
152204  -23.850  1.619  -36.267 0.0000000000
101670  -19.581  27.454  -38.439 0.0000000000
99915  -20.842  25.524  -39.116 0.0000000000
100874  -21.636  26.130  -39.276 0.0000000000
99916  -21.797  25.345  -38.524 0.0000000000
99034  -22.227  24.495  -38.468 0.0000000000
97453  -23.539  22.583  -38.261 0.0000000000
98224  -24.544  23.622  -37.763 0.0000000000
96720  -23.916  21.919  -37.588 0.0000000000
96710  -23.818  21.067  -37.146 0.0000000000
94269  -23.485  18.639  -36.207 0.0000000000
95129  -23.940  19.081  -35.941 0.0000000000
95131  -25.033  19.897  -35.281 0.0000000000
93397  -24.664  17.418  -34.635 0.0000000000
90694  -24.100  14.312  -34.504 0.0000000000
140753  -24.423  14.883  -34.341 0.0000000000
91550  -24.887  15.087  -33.984 0.0000000000
91551  -25.438  15.230  -33.529 0.0000000000
90677  -25.963  15.229  -32.944 0.0000000000
126101  -25.599  13.988  -33.184 0.0000000000
146005  -22.765  9.192  -36.989 0.0000000000
126077  -23.449  9.064  -36.460 0.0000000000
138893  -24.067  8.965  -35.802 0.0000000000
85238  -25.378  8.735  -34.408 0.0000000000
85228  -25.934  9.009  -33.822 0.0000000000
86175  -26.154  9.671  -33.533 0.0000000000
147686  -26.385  10.411  -33.157 0.0000000000
126100  -27.011  10.263  -32.613 0.0000000000
87027  -27.861  10.560  -31.625 0.0000000000
86133  -27.594  10.071  -32.062 0.0000000000
74777  -24.639  -2.668  -33.725 0.0000000000
74793  -24.204  -2.274  -34.341 0.0000000000
74778  -25.396  -2.328  -33.460 0.0000000000
75781  -25.175  -1.240  -34.275 0.0000000000
76699  -25.290  -0.407  -34.433 0.0000000000
76682  -25.769  -0.878  -33.828 0.0000000000
76683  -26.391  -0.553  -33.378 0.0000000000
139837  -21.508  16.077  -36.494 0.0000000000
140786  -22.244  16.076  -35.926 0.0000000000
141632  -22.598  15.227  -35.602 0.0000000000
151164  -23.016  14.798  -35.358 0.0000000000
90708  -23.435  14.403  -35.077 0.0000000000
126094  -24.201  12.781  -34.520 0.0000000000
83422  -23.773  6.440  -36.523 0.0000000000
84308  -23.966  7.324  -36.198 0.0000000000
83409  -24.408  6.493  -35.829 0.0000000000
83399  -25.667  6.482  -34.592 0.0000000000
84288  -25.906  7.225  -34.229 0.0000000000
84275  -27.639  7.833  -32.498 0.0000000000
82487  -27.690  5.304  -32.881 0.0000000000
68458  -23.698  -8.494  -30.632 0.0000000000
73752  -24.282  -3.395  -33.430 0.0000000000
73735  -24.654  -3.806  -32.751 0.0000000000
73753  -25.160  -3.050  -33.042 0.0000000000
73737  -25.940  -3.033  -32.516 0.0000000000
74747  -26.699  -2.933  -32.095 0.0000000000
141475  -23.542  5.712  -36.954 0.0000000000
137449  -24.527  4.940  -36.036 0.0000000000
81592  -24.778  4.180  -35.851 0.0000000000
80596  -23.650  3.605  -36.873 0.0000000000
80597  -24.374  3.689  -36.286 0.0000000000
80572  -26.114  2.951  -34.560 0.0000000000
79493  -26.257  2.169  -34.277 0.0000000000
103206  -20.370  29.639  -38.865 0.0000000000
100861  -19.091  26.437  -37.588 0.0000000000
148131  -19.782  26.990  -39.050 0.0000000000
100886  -20.301  27.032  -39.576 0.0000000000
101683  -20.198  27.919  -39.524 0.0000000000
102457  -21.556  28.301  -40.041 0.0000000000
102458  -22.211  28.819  -40.190 0.0000000000
100875  -22.664  26.656  -39.000 0.0000000000
101671  -23.312  27.376  -38.932 0.0000000000
132626  -24.428  28.216  -38.395 0.0000000000
101673  -24.949  27.851  -38.009 0.0000000000
140102  -24.875  27.111  -38.015 0.0000000000
131209  -21.859  23.774  -38.712 0.0000000000
98229  -22.375  23.121  -39.031 0.0000000000
99035  -23.238  24.325  -38.591 0.0000000000
99918  -24.469  25.452  -38.188 0.0000000000
100878  -25.180  26.630  -37.853 0.0000000000
100863  -25.772  26.462  -37.491 0.0000000000
99025  -25.857  24.741  -36.984 0.0000000000
95143  -21.799  19.337  -38.540 0.0000000000
95962  -23.189  20.595  -37.599 0.0000000000
96711  -24.478  21.546  -36.827 0.0000000000
134201  -25.460  22.109  -36.168 0.0000000000
95936  -25.682  20.364  -34.953 0.0000000000
95937  -26.335  20.413  -34.467 0.0000000000
95924  -26.831  20.136  -33.917 0.0000000000
140382  -23.396  16.794  -35.455 0.0000000000
93396  -23.967  17.005  -35.000 0.0000000000
93398  -25.363  17.421  -34.079 0.0000000000
94245  -25.808  18.078  -33.881 0.0000000000
126073  -21.924  10.990  -36.750 0.0000000000
131193  -22.633  11.094  -36.457 0.0000000000
86211  -22.467  9.851  -36.875 0.0000000000
126078  -22.757  10.372  -36.531 0.0000000000
146472  -23.215  11.404  -36.007 0.0000000000
137423  -23.954  11.962  -34.909 0.0000000000
126234  -24.637  11.992  -34.246 0.0000000000
86188  -24.889  9.576  -34.652 0.0000000000
126091  -24.547  10.221  -34.874 0.0000000000
143508  -26.241  12.769  -32.751 0.0000000000
126175  -26.444  11.956  -32.680 0.0000000000
143534  -26.602  13.245  -32.391 0.0000000000
77590  -23.956  0.919  -35.961 0.0000000000
77572  -25.395  0.601  -34.637 0.0000000000
78499  -25.810  1.493  -34.486 0.0000000000
68482  -24.232  -7.901  -30.801 0.0000000000
84324  -23.097  7.140  -37.577 0.0000000000
95130  -24.447  19.102  -35.402 0.0000000000
101682  -19.739  27.724  -39.114 0.0000000000
102443  -19.643  28.199  -38.494 0.0000000000
103229  -21.576  30.041  -40.303 0.0000000000
126070  -21.573  10.464  -37.027 0.0000000000
134788  -23.575  17.964  -35.796 0.0000000000
144619  -24.976  21.944  -36.571 0.0000000000
150953  -22.210  9.376  -37.298 0.0000000000
