#!ascii label  , from subject sub-p017 vox2ras=TkReg
303
24505  40.973  -50.608  -27.941 0.0000000000
22211  41.373  -52.405  -31.579 0.0000000000
138205  43.050  -55.984  -28.372 0.0000000000
24576  47.870  -50.104  -32.314 0.0000000000
16828  44.332  -57.175  -32.198 0.0000000000
130855  45.556  -55.856  -30.823 0.0000000000
13488  42.571  -59.760  -30.348 0.0000000000
136270  44.750  -50.404  -32.985 0.0000000000
27931  47.366  -47.535  -29.880 0.0000000000
20997  41.346  -53.865  -28.880 0.0000000000
21024  44.545  -53.255  -31.034 0.0000000000
144359  46.300  -52.733  -33.234 0.0000000000
19944  42.475  -54.287  -32.635 0.0000000000
15698  41.604  -59.068  -33.326 0.0000000000
25645  38.652  -49.450  -25.440 0.0000000000
20974  39.471  -53.191  -26.184 0.0000000000
18817  41.959  -55.791  -25.601 0.0000000000
24512  47.180  -49.976  -27.891 0.0000000000
146276  43.113  -59.343  -29.266 0.0000000000
23416  42.341  -51.282  -31.904 0.0000000000
25745  43.550  -49.458  -31.813 0.0000000000
18838  42.504  -55.299  -28.831 0.0000000000
19894  44.411  -54.866  -29.917 0.0000000000
17849  44.951  -56.599  -31.885 0.0000000000
134180  45.671  -54.658  -32.207 0.0000000000
18904  44.921  -54.934  -33.097 0.0000000000
21079  44.169  -53.825  -33.476 0.0000000000
18891  43.420  -55.836  -32.828 0.0000000000
16832  40.459  -57.853  -32.096 0.0000000000
136584  40.535  -53.650  -24.120 0.0000000000
19865  40.476  -54.308  -25.732 0.0000000000
19851  42.148  -54.948  -24.063 0.0000000000
24563  45.040  -50.425  -30.659 0.0000000000
25722  47.077  -49.582  -30.734 0.0000000000
28962  46.400  -47.066  -28.484 0.0000000000
27889  47.981  -48.150  -27.878 0.0000000000
147172  44.577  -56.890  -27.910 0.0000000000
18836  44.849  -55.979  -29.187 0.0000000000
15617  44.514  -57.722  -28.907 0.0000000000
15634  44.462  -57.933  -30.502 0.0000000000
15670  43.872  -58.288  -31.780 0.0000000000
25758  46.671  -49.794  -33.209 0.0000000000
26898  48.196  -48.672  -31.556 0.0000000000
26900  46.292  -48.268  -32.085 0.0000000000
27948  44.813  -47.507  -30.694 0.0000000000
21026  39.967  -53.331  -30.698 0.0000000000
135360  41.077  -51.831  -28.742 0.0000000000
142700  44.159  -51.774  -30.911 0.0000000000
23415  45.891  -51.833  -31.781 0.0000000000
19908  45.650  -54.639  -31.090 0.0000000000
21043  46.022  -53.764  -32.028 0.0000000000
23430  47.310  -51.255  -33.133 0.0000000000
23447  45.842  -52.131  -33.631 0.0000000000
22224  43.667  -52.484  -33.075 0.0000000000
22226  41.990  -52.912  -32.088 0.0000000000
16830  42.908  -57.784  -32.650 0.0000000000
17864  42.052  -56.994  -32.401 0.0000000000
18878  41.428  -55.529  -32.048 0.0000000000
19930  40.397  -54.674  -31.222 0.0000000000
26820  40.204  -48.876  -26.160 0.0000000000
25657  39.869  -49.761  -26.758 0.0000000000
22139  38.647  -51.786  -25.427 0.0000000000
22153  39.488  -52.351  -27.236 0.0000000000
20982  40.121  -53.787  -27.390 0.0000000000
130624  41.239  -55.113  -27.682 0.0000000000
18825  42.694  -56.376  -27.424 0.0000000000
137094  43.320  -56.953  -24.881 0.0000000000
16748  43.848  -57.213  -26.826 0.0000000000
25701  48.214  -48.728  -29.414 0.0000000000
25667  41.240  -49.888  -27.389 0.0000000000
24504  42.067  -49.746  -27.334 0.0000000000
129274  41.695  -50.190  -27.811 0.0000000000
23434  42.141  -52.086  -31.983 0.0000000000
150189  42.618  -50.627  -31.827 0.0000000000
19895  43.201  -54.902  -29.511 0.0000000000
146070  43.412  -55.569  -28.967 0.0000000000
18889  45.044  -55.486  -32.615 0.0000000000
17862  44.699  -56.293  -32.406 0.0000000000
18890  44.468  -55.750  -32.845 0.0000000000
17863  44.050  -56.660  -32.658 0.0000000000
15700  39.653  -59.215  -33.256 0.0000000000
19852  41.585  -54.536  -24.250 0.0000000000
24562  46.399  -50.198  -31.188 0.0000000000
25723  45.848  -49.861  -30.510 0.0000000000
25743  47.734  -49.843  -31.547 0.0000000000
136104  47.048  -47.640  -27.255 0.0000000000
133004  44.786  -56.966  -28.649 0.0000000000
14539  43.225  -59.250  -29.966 0.0000000000
15635  43.862  -58.572  -30.257 0.0000000000
15652  43.899  -58.510  -31.073 0.0000000000
24590  45.789  -50.496  -33.396 0.0000000000
26913  47.166  -48.940  -32.628 0.0000000000
25759  45.209  -49.726  -32.870 0.0000000000
26880  44.420  -48.026  -31.187 0.0000000000
27949  43.972  -47.684  -30.645 0.0000000000
28999  44.726  -46.857  -29.345 0.0000000000
22164  41.112  -52.793  -28.898 0.0000000000
22181  41.679  -52.085  -29.309 0.0000000000
21011  41.889  -53.192  -29.508 0.0000000000
23396  44.885  -51.348  -31.144 0.0000000000
22194  44.946  -52.426  -31.364 0.0000000000
17832  45.345  -55.939  -29.917 0.0000000000
18851  45.109  -55.454  -29.776 0.0000000000
18864  45.521  -55.344  -30.467 0.0000000000
19943  45.783  -54.000  -32.683 0.0000000000
19927  46.096  -53.344  -32.634 0.0000000000
21042  46.517  -52.655  -32.740 0.0000000000
22238  46.618  -52.228  -33.276 0.0000000000
23446  46.678  -51.961  -33.406 0.0000000000
22239  46.253  -52.565  -33.399 0.0000000000
21080  43.297  -54.007  -33.115 0.0000000000
22241  44.441  -53.108  -33.516 0.0000000000
21059  43.484  -53.253  -33.138 0.0000000000
22225  42.775  -52.657  -32.575 0.0000000000
21060  42.618  -53.451  -32.630 0.0000000000
12469  40.474  -61.361  -33.898 0.0000000000
14602  41.240  -59.645  -33.829 0.0000000000
14613  41.159  -60.052  -34.182 0.0000000000
15697  41.968  -59.296  -33.280 0.0000000000
15686  42.242  -58.525  -32.853 0.0000000000
150207  42.563  -57.372  -32.593 0.0000000000
137372  41.408  -57.996  -32.466 0.0000000000
17851  40.424  -56.900  -31.731 0.0000000000
148853  40.357  -55.779  -31.429 0.0000000000
142463  40.979  -54.960  -31.674 0.0000000000
124753  39.792  -48.380  -25.340 0.0000000000
26821  39.347  -48.889  -25.708 0.0000000000
25644  39.285  -49.506  -26.164 0.0000000000
22132  39.331  -52.864  -24.666 0.0000000000
22133  38.729  -52.155  -24.753 0.0000000000
22138  39.035  -52.552  -25.603 0.0000000000
137484  39.166  -51.940  -26.839 0.0000000000
20983  39.582  -53.110  -26.983 0.0000000000
22152  39.901  -52.871  -27.757 0.0000000000
20973  39.814  -53.651  -26.624 0.0000000000
18818  41.441  -55.182  -25.590 0.0000000000
19866  40.885  -54.842  -26.181 0.0000000000
18822  41.491  -55.534  -26.334 0.0000000000
18826  41.688  -55.780  -27.182 0.0000000000
18821  42.151  -56.258  -26.449 0.0000000000
16712  44.255  -58.272  -24.411 0.0000000000
16713  43.838  -57.551  -24.658 0.0000000000
16729  43.446  -57.300  -25.667 0.0000000000
26878  48.196  -48.295  -30.913 0.0000000000
26868  48.204  -48.431  -30.190 0.0000000000
27930  48.099  -47.980  -29.651 0.0000000000
26841  48.365  -48.680  -28.193 0.0000000000
24592  43.083  -51.047  -32.345 0.0000000000
25760  44.139  -49.925  -32.455 0.0000000000
19896  42.116  -54.503  -29.186 0.0000000000
149517  41.922  -53.895  -29.339 0.0000000000
146033  42.523  -54.021  -29.682 0.0000000000
19910  44.719  -54.160  -30.648 0.0000000000
16807  45.213  -56.642  -31.151 0.0000000000
17848  45.374  -56.092  -31.538 0.0000000000
18903  45.381  -54.733  -32.716 0.0000000000
130258  45.466  -54.053  -33.202 0.0000000000
21077  45.844  -53.205  -33.323 0.0000000000
19956  44.687  -54.363  -33.432 0.0000000000
19957  43.942  -54.436  -33.380 0.0000000000
18906  43.267  -54.820  -33.053 0.0000000000
15687  41.124  -58.541  -32.721 0.0000000000
15688  40.056  -58.624  -32.544 0.0000000000
19853  40.359  -53.903  -25.021 0.0000000000
20970  39.935  -53.819  -25.903 0.0000000000
19864  41.083  -54.588  -25.116 0.0000000000
18802  41.884  -55.199  -24.795 0.0000000000
25703  46.264  -49.493  -29.900 0.0000000000
25702  47.695  -49.142  -29.892 0.0000000000
27909  46.460  -47.152  -29.315 0.0000000000
27908  47.435  -47.493  -29.077 0.0000000000
27890  47.299  -47.516  -28.186 0.0000000000
27884  47.657  -48.259  -27.087 0.0000000000
18824  43.910  -56.448  -27.904 0.0000000000
18837  44.118  -56.021  -28.674 0.0000000000
17825  44.631  -56.526  -28.435 0.0000000000
17833  44.963  -56.495  -29.362 0.0000000000
17840  45.236  -56.563  -30.256 0.0000000000
146380  44.390  -58.026  -29.757 0.0000000000
16808  44.877  -57.272  -30.764 0.0000000000
16818  44.702  -57.245  -31.587 0.0000000000
24588  47.783  -50.496  -32.892 0.0000000000
25742  48.133  -49.413  -31.707 0.0000000000
26912  48.062  -49.088  -32.239 0.0000000000
26899  47.529  -48.397  -31.978 0.0000000000
27963  46.789  -47.865  -31.445 0.0000000000
26901  45.009  -48.416  -31.877 0.0000000000
27964  45.508  -47.860  -31.374 0.0000000000
27932  46.339  -47.249  -30.061 0.0000000000
146191  45.628  -46.995  -29.527 0.0000000000
28979  45.507  -46.812  -28.834 0.0000000000
22212  40.655  -52.836  -31.185 0.0000000000
23362  40.578  -51.463  -28.243 0.0000000000
24516  41.688  -50.606  -28.346 0.0000000000
23361  41.667  -51.201  -28.911 0.0000000000
24578  45.947  -50.927  -31.495 0.0000000000
23414  46.840  -51.404  -32.271 0.0000000000
18863  45.649  -55.142  -31.105 0.0000000000
21044  45.506  -53.652  -31.447 0.0000000000
22210  46.058  -52.810  -32.058 0.0000000000
23413  47.542  -50.947  -32.760 0.0000000000
147449  47.546  -50.934  -33.140 0.0000000000
24589  46.800  -50.716  -33.467 0.0000000000
23431  44.976  -51.259  -33.392 0.0000000000
22240  45.451  -52.898  -33.545 0.0000000000
23448  44.681  -52.283  -33.483 0.0000000000
23432  43.833  -51.611  -32.912 0.0000000000
23433  42.923  -51.848  -32.482 0.0000000000
21045  41.229  -53.269  -31.680 0.0000000000
14587  43.299  -58.630  -32.218 0.0000000000
13541  41.077  -60.560  -33.807 0.0000000000
126441  43.173  -58.237  -32.492 0.0000000000
16829  43.667  -57.501  -32.499 0.0000000000
128756  43.056  -56.947  -32.672 0.0000000000
124645  42.226  -56.170  -32.455 0.0000000000
18892  42.362  -55.216  -32.570 0.0000000000
17865  41.242  -57.312  -32.179 0.0000000000
17850  41.247  -56.444  -32.032 0.0000000000
19945  41.649  -54.635  -32.151 0.0000000000
19929  41.083  -54.163  -31.689 0.0000000000
21046  40.523  -53.743  -31.211 0.0000000000
19911  39.829  -54.210  -30.752 0.0000000000
26808  42.380  -48.397  -24.419 0.0000000000
129436  40.598  -48.297  -25.428 0.0000000000
26819  41.244  -48.545  -25.788 0.0000000000
26829  41.130  -49.019  -26.383 0.0000000000
25656  40.729  -49.496  -26.837 0.0000000000
24492  40.397  -50.202  -27.331 0.0000000000
139317  38.459  -51.767  -24.125 0.0000000000
23321  38.526  -51.092  -25.706 0.0000000000
23335  38.913  -50.911  -26.422 0.0000000000
24493  39.554  -50.690  -27.038 0.0000000000
24506  40.121  -51.038  -27.680 0.0000000000
23350  39.913  -51.934  -27.863 0.0000000000
22165  40.459  -52.387  -28.364 0.0000000000
20998  40.539  -53.374  -28.288 0.0000000000
19867  40.257  -54.217  -26.508 0.0000000000
141134  40.653  -54.631  -27.159 0.0000000000
19883  40.812  -54.316  -28.050 0.0000000000
19882  41.585  -54.839  -28.506 0.0000000000
18839  42.027  -55.673  -28.065 0.0000000000
17810  43.048  -56.863  -26.509 0.0000000000
17817  43.675  -56.783  -27.209 0.0000000000
25721  48.097  -49.175  -30.926 0.0000000000
25681  47.828  -49.266  -28.731 0.0000000000
141022  48.317  -48.638  -28.778 0.0000000000
25679  48.412  -49.022  -28.158 0.0000000000
11408  40.021  -62.245  -34.048 0.0000000000
14526  43.829  -58.614  -29.310 0.0000000000
14554  43.273  -59.208  -30.740 0.0000000000
15669  44.398  -57.849  -31.324 0.0000000000
15684  44.263  -57.715  -31.877 0.0000000000
16795  44.854  -57.269  -29.725 0.0000000000
16831  42.076  -57.676  -32.552 0.0000000000
17861  45.213  -55.870  -32.114 0.0000000000
18877  45.577  -55.340  -31.662 0.0000000000
18905  44.170  -55.056  -33.257 0.0000000000
19928  45.742  -54.577  -31.682 0.0000000000
19942  46.060  -53.298  -33.069 0.0000000000
20963  40.993  -54.121  -24.410 0.0000000000
20971  39.610  -53.334  -25.328 0.0000000000
21058  46.466  -52.683  -33.114 0.0000000000
21061  41.809  -53.750  -32.182 0.0000000000
21078  45.087  -53.633  -33.531 0.0000000000
22142  39.225  -52.512  -26.520 0.0000000000
22208  47.101  -51.774  -32.885 0.0000000000
22209  46.647  -52.169  -32.456 0.0000000000
22223  46.870  -52.007  -33.166 0.0000000000
23320  38.846  -51.777  -26.215 0.0000000000
23334  39.159  -51.381  -26.782 0.0000000000
23351  39.526  -51.545  -27.285 0.0000000000
23398  43.480  -51.719  -30.477 0.0000000000
23445  46.934  -51.740  -33.262 0.0000000000
24476  39.230  -50.207  -26.512 0.0000000000
24477  38.708  -50.244  -25.976 0.0000000000
24575  47.998  -49.673  -32.299 0.0000000000
24577  47.194  -50.613  -31.955 0.0000000000
24580  41.963  -50.642  -31.414 0.0000000000
24591  43.947  -50.740  -32.690 0.0000000000
24603  47.485  -50.582  -33.200 0.0000000000
24604  46.335  -51.355  -33.589 0.0000000000
25680  48.342  -49.053  -28.409 0.0000000000
25720  48.301  -48.837  -31.069 0.0000000000
25741  48.253  -49.140  -31.796 0.0000000000
25744  44.527  -49.130  -32.228 0.0000000000
25757  47.770  -49.757  -32.835 0.0000000000
26809  41.409  -48.098  -24.838 0.0000000000
26879  47.784  -48.140  -31.361 0.0000000000
26902  43.950  -48.647  -31.575 0.0000000000
26914  45.771  -48.947  -32.574 0.0000000000
27907  48.170  -48.100  -28.787 0.0000000000
27933  45.223  -47.149  -30.078 0.0000000000
27945  48.033  -47.971  -30.321 0.0000000000
27946  47.322  -47.702  -30.720 0.0000000000
27947  45.976  -47.492  -30.745 0.0000000000
130555  48.226  -48.773  -30.332 0.0000000000
136478  47.163  -51.304  -33.304 0.0000000000
138778  48.264  -48.394  -29.404 0.0000000000
143199  39.332  -53.779  -30.418 0.0000000000
146562  45.903  -54.047  -32.209 0.0000000000
149174  41.107  -55.233  -26.927 0.0000000000
149425  41.179  -51.122  -28.467 0.0000000000
150026  45.402  -55.232  -32.294 0.0000000000
