#!ascii label  , from subject sub-p017 vox2ras=TkReg
285
85032  30.075  7.519  -34.276 0.0000000000
76712  29.790  -1.816  -32.098 0.0000000000
89711  28.597  12.741  -37.485 0.0000000000
99451  29.964  23.440  -36.610 0.0000000000
74685  27.693  -3.872  -31.985 0.0000000000
91396  30.351  14.900  -33.588 0.0000000000
95784  31.589  19.218  -32.452 0.0000000000
132150  28.400  5.814  -35.314 0.0000000000
80328  30.041  2.546  -34.305 0.0000000000
82097  31.017  4.709  -32.824 0.0000000000
87927  30.499  10.056  -32.442 0.0000000000
84995  31.510  7.584  -30.786 0.0000000000
87003  28.773  9.949  -36.240 0.0000000000
89672  30.302  12.470  -34.256 0.0000000000
97292  30.798  21.158  -34.606 0.0000000000
130909  31.971  22.865  -33.719 0.0000000000
78543  31.395  0.007  -31.880 0.0000000000
139731  31.180  16.560  -35.634 0.0000000000
124631  30.436  17.646  -34.349 0.0000000000
83980  29.503  6.404  -34.681 0.0000000000
82993  29.778  5.597  -34.405 0.0000000000
83973  30.691  6.254  -33.524 0.0000000000
75750  28.738  -2.874  -32.040 0.0000000000
88837  28.944  11.459  -36.901 0.0000000000
88825  29.934  11.544  -35.583 0.0000000000
89685  29.855  12.232  -36.290 0.0000000000
141489  31.168  17.494  -31.518 0.0000000000
124303  30.340  15.356  -31.943 0.0000000000
98009  29.059  22.036  -37.526 0.0000000000
96547  29.766  20.390  -34.757 0.0000000000
98001  29.993  22.218  -35.726 0.0000000000
103329  31.599  29.054  -37.068 0.0000000000
101799  32.143  27.680  -35.076 0.0000000000
100256  31.305  25.093  -34.303 0.0000000000
100247  32.033  25.291  -33.659 0.0000000000
98684  32.671  23.020  -33.032 0.0000000000
80306  31.509  2.265  -32.079 0.0000000000
79437  30.978  1.127  -32.965 0.0000000000
73607  26.698  -4.673  -32.006 0.0000000000
90571  30.341  13.618  -36.955 0.0000000000
91428  31.265  14.968  -35.604 0.0000000000
124309  30.369  16.390  -33.128 0.0000000000
95780  32.045  19.485  -31.720 0.0000000000
80330  28.443  3.019  -34.710 0.0000000000
139640  29.637  4.165  -34.545 0.0000000000
81175  30.836  3.767  -33.283 0.0000000000
81159  31.697  3.628  -31.562 0.0000000000
86982  30.356  9.223  -33.649 0.0000000000
86029  30.903  7.764  -32.774 0.0000000000
86022  30.894  8.514  -32.182 0.0000000000
136877  28.393  8.247  -35.842 0.0000000000
86057  27.506  9.033  -36.419 0.0000000000
86052  29.151  8.660  -35.493 0.0000000000
87946  29.882  10.067  -35.069 0.0000000000
88794  30.130  11.231  -33.098 0.0000000000
89648  30.245  12.532  -32.218 0.0000000000
90531  30.373  13.380  -33.895 0.0000000000
91379  30.175  14.021  -32.248 0.0000000000
95788  30.343  19.431  -33.852 0.0000000000
148578  30.483  25.171  -35.787 0.0000000000
98695  30.907  23.313  -35.097 0.0000000000
97998  31.394  22.289  -34.230 0.0000000000
95785  31.118  19.320  -33.328 0.0000000000
97288  31.705  21.098  -33.286 0.0000000000
97989  32.794  22.383  -32.501 0.0000000000
125492  29.202  -1.104  -33.490 0.0000000000
79447  30.066  1.176  -34.208 0.0000000000
83960  31.437  6.627  -31.897 0.0000000000
82065  32.067  4.820  -30.722 0.0000000000
93121  30.732  17.701  -35.954 0.0000000000
142191  30.540  18.074  -35.110 0.0000000000
85033  29.533  7.244  -34.775 0.0000000000
83979  30.134  6.250  -34.121 0.0000000000
85024  30.396  6.917  -33.847 0.0000000000
72518  25.357  -5.729  -31.765 0.0000000000
72517  26.165  -5.353  -31.767 0.0000000000
75749  29.468  -2.500  -31.718 0.0000000000
89698  29.054  12.358  -37.213 0.0000000000
131526  29.329  12.091  -36.845 0.0000000000
89697  29.762  12.819  -37.078 0.0000000000
95774  32.063  19.045  -31.061 0.0000000000
124443  30.769  16.654  -31.423 0.0000000000
98705  29.559  22.834  -37.777 0.0000000000
98003  28.761  21.690  -36.679 0.0000000000
97299  29.770  21.588  -35.669 0.0000000000
98701  29.652  22.555  -36.655 0.0000000000
101031  32.300  26.764  -33.990 0.0000000000
101013  32.625  26.062  -33.548 0.0000000000
139794  32.138  2.038  -31.364 0.0000000000
79427  31.836  1.370  -31.787 0.0000000000
75773  27.104  -2.386  -33.397 0.0000000000
91435  30.349  14.456  -37.362 0.0000000000
92242  31.062  15.411  -36.858 0.0000000000
124545  30.579  17.197  -32.960 0.0000000000
124583  30.425  16.524  -33.878 0.0000000000
94906  30.963  17.778  -32.512 0.0000000000
145811  31.401  18.354  -32.036 0.0000000000
99460  29.069  23.426  -38.318 0.0000000000
149431  28.413  4.549  -35.130 0.0000000000
82105  28.784  5.048  -35.046 0.0000000000
82987  30.355  5.534  -33.852 0.0000000000
82098  30.544  4.733  -33.578 0.0000000000
81166  31.308  3.900  -32.315 0.0000000000
82090  31.375  4.793  -32.053 0.0000000000
73614  27.105  -4.172  -32.189 0.0000000000
126024  30.616  8.472  -33.191 0.0000000000
86974  30.580  9.245  -32.742 0.0000000000
85048  27.841  7.467  -35.905 0.0000000000
87966  28.556  10.571  -36.649 0.0000000000
87004  28.122  9.675  -36.459 0.0000000000
86999  28.583  9.155  -36.059 0.0000000000
86998  29.064  9.431  -35.836 0.0000000000
86990  29.538  9.367  -35.297 0.0000000000
136332  29.339  10.041  -35.807 0.0000000000
88812  30.199  11.661  -34.611 0.0000000000
87945  30.094  11.022  -33.881 0.0000000000
88802  30.168  11.793  -33.611 0.0000000000
137751  30.197  11.820  -32.682 0.0000000000
89657  30.188  12.559  -33.224 0.0000000000
90550  30.870  13.942  -35.035 0.0000000000
90532  30.581  14.212  -33.993 0.0000000000
146836  30.274  14.606  -31.836 0.0000000000
140908  30.356  13.952  -31.320 0.0000000000
96551  30.015  20.946  -35.192 0.0000000000
126914  29.967  20.003  -34.286 0.0000000000
96546  30.445  20.537  -34.389 0.0000000000
102580  31.381  27.913  -35.920 0.0000000000
102590  31.079  28.302  -36.867 0.0000000000
100257  30.744  24.745  -35.217 0.0000000000
142533  31.771  23.637  -34.040 0.0000000000
98694  31.401  23.110  -34.484 0.0000000000
97291  31.315  21.496  -34.025 0.0000000000
97996  31.845  21.951  -33.524 0.0000000000
98683  33.129  23.859  -32.830 0.0000000000
97988  33.284  23.022  -32.354 0.0000000000
148618  32.867  21.847  -32.021 0.0000000000
76731  28.673  -0.936  -33.941 0.0000000000
80329  29.259  2.764  -34.517 0.0000000000
136499  28.549  2.234  -34.578 0.0000000000
79456  30.233  1.871  -34.183 0.0000000000
145278  31.414  0.777  -32.204 0.0000000000
78563  30.429  0.682  -33.591 0.0000000000
78554  30.789  0.197  -32.704 0.0000000000
77646  30.344  -0.505  -32.773 0.0000000000
86028  31.157  7.776  -32.083 0.0000000000
85017  31.189  7.140  -32.392 0.0000000000
130468  30.996  16.597  -36.532 0.0000000000
93105  30.759  16.858  -34.793 0.0000000000
94910  31.138  18.571  -32.908 0.0000000000
143352  28.906  6.316  -35.103 0.0000000000
82994  29.151  5.676  -34.871 0.0000000000
82986  30.878  5.517  -33.200 0.0000000000
74696  27.984  -3.222  -32.349 0.0000000000
73605  28.126  -4.207  -31.347 0.0000000000
74684  28.417  -3.532  -31.680 0.0000000000
74673  29.542  -3.462  -30.672 0.0000000000
136443  30.359  10.984  -32.277 0.0000000000
87920  30.643  10.314  -31.489 0.0000000000
88838  28.289  11.167  -36.892 0.0000000000
87965  29.134  10.692  -36.412 0.0000000000
87956  29.652  10.766  -35.737 0.0000000000
88826  29.453  11.449  -36.414 0.0000000000
89684  30.241  12.343  -35.319 0.0000000000
127778  30.286  15.705  -32.663 0.0000000000
91380  30.182  14.901  -32.683 0.0000000000
124476  31.099  16.916  -30.842 0.0000000000
97296  30.490  21.662  -35.206 0.0000000000
142569  31.465  27.234  -35.416 0.0000000000
99440  31.863  24.422  -33.871 0.0000000000
98689  32.357  23.724  -33.500 0.0000000000
99439  32.578  24.558  -33.372 0.0000000000
100246  32.778  25.239  -33.355 0.0000000000
80320  30.896  2.860  -33.383 0.0000000000
79446  30.620  1.530  -33.681 0.0000000000
79436  31.377  1.507  -32.427 0.0000000000
72528  25.443  -5.106  -32.105 0.0000000000
73615  26.492  -4.075  -32.453 0.0000000000
74697  27.155  -3.570  -32.614 0.0000000000
75761  27.565  -2.851  -32.977 0.0000000000
75760  28.332  -2.558  -32.696 0.0000000000
75759  28.675  -2.002  -32.965 0.0000000000
90578  29.622  13.657  -37.549 0.0000000000
139532  30.930  14.228  -36.361 0.0000000000
91414  30.870  14.879  -34.462 0.0000000000
92236  31.344  15.838  -35.936 0.0000000000
92209  30.566  15.718  -34.102 0.0000000000
92198  30.274  15.653  -33.333 0.0000000000
141517  30.717  17.085  -32.116 0.0000000000
94905  31.751  18.874  -31.670 0.0000000000
96535  32.434  20.258  -31.620 0.0000000000
98706  28.926  22.527  -38.251 0.0000000000
99459  29.901  23.771  -37.676 0.0000000000
132861  29.099  3.580  -34.710 0.0000000000
81183  29.833  3.366  -34.398 0.0000000000
82104  29.415  4.929  -34.685 0.0000000000
134783  30.256  4.001  -34.039 0.0000000000
81176  30.422  3.146  -33.883 0.0000000000
129377  31.250  2.990  -32.754 0.0000000000
132111  31.453  3.115  -31.989 0.0000000000
80305  31.889  2.846  -31.452 0.0000000000
86043  30.211  8.433  -34.156 0.0000000000
86035  30.539  7.679  -33.582 0.0000000000
86021  31.247  8.093  -31.422 0.0000000000
86967  30.733  9.420  -31.845 0.0000000000
86966  30.972  8.848  -31.257 0.0000000000
86004  31.343  8.472  -30.549 0.0000000000
83987  28.417  6.743  -35.497 0.0000000000
85041  28.536  7.434  -35.566 0.0000000000
85040  29.042  7.757  -35.300 0.0000000000
86056  28.048  8.890  -36.262 0.0000000000
129454  29.620  8.053  -34.823 0.0000000000
86044  29.696  8.761  -34.857 0.0000000000
86989  29.981  9.327  -34.495 0.0000000000
128319  30.165  10.103  -34.048 0.0000000000
87955  30.077  10.846  -34.859 0.0000000000
87935  30.238  10.539  -33.146 0.0000000000
129713  30.382  11.772  -31.755 0.0000000000
90561  30.464  13.139  -36.042 0.0000000000
90549  30.439  13.060  -34.907 0.0000000000
91395  30.216  14.119  -33.174 0.0000000000
90518  30.197  13.308  -32.740 0.0000000000
90501  30.289  13.235  -31.740 0.0000000000
124603  30.088  18.716  -34.738 0.0000000000
99458  29.977  24.617  -37.476 0.0000000000
136816  30.226  25.129  -36.554 0.0000000000
99450  30.193  24.438  -36.349 0.0000000000
98700  30.212  23.030  -35.682 0.0000000000
137575  30.869  22.474  -35.075 0.0000000000
99444  31.242  24.046  -34.637 0.0000000000
97295  31.046  21.787  -34.690 0.0000000000
96545  31.161  20.697  -33.914 0.0000000000
96541  30.827  19.987  -33.842 0.0000000000
147684  30.712  18.848  -33.517 0.0000000000
96540  31.517  20.123  -33.087 0.0000000000
97990  32.321  22.365  -33.102 0.0000000000
142738  32.334  21.638  -32.691 0.0000000000
96536  31.963  19.939  -32.289 0.0000000000
97281  32.649  21.166  -31.841 0.0000000000
125514  28.650  -1.536  -33.452 0.0000000000
76721  29.337  -1.529  -32.865 0.0000000000
78573  28.946  0.582  -34.483 0.0000000000
78564  29.641  0.347  -34.124 0.0000000000
77647  29.767  -0.824  -33.144 0.0000000000
76720  30.125  -1.130  -32.468 0.0000000000
83966  30.868  7.007  -33.167 0.0000000000
83972  31.195  6.303  -32.722 0.0000000000
82981  31.262  5.486  -32.451 0.0000000000
138906  31.621  6.100  -31.407 0.0000000000
82973  31.533  5.469  -31.725 0.0000000000
82080  31.937  4.191  -31.095 0.0000000000
72527  25.909  -4.621  -32.299 0.0000000000
77636  30.846  -0.615  -32.098 0.0000000000
79457  29.491  1.842  -34.458 0.0000000000
80313  31.124  2.083  -33.075 0.0000000000
80321  30.595  2.338  -33.783 0.0000000000
81184  28.986  4.334  -34.932 0.0000000000
82081  31.689  4.850  -31.364 0.0000000000
82103  30.005  4.825  -34.194 0.0000000000
83001  29.001  6.972  -35.174 0.0000000000
85011  31.379  7.344  -31.618 0.0000000000
86950  30.831  9.590  -31.022 0.0000000000
87967  27.891  10.391  -36.706 0.0000000000
88839  27.647  10.956  -36.817 0.0000000000
88851  28.528  12.005  -37.073 0.0000000000
89710  29.162  12.988  -37.551 0.0000000000
92223  31.226  15.777  -34.995 0.0000000000
94014  31.662  18.277  -31.049 0.0000000000
97282  32.131  20.689  -32.484 0.0000000000
100228  33.282  24.767  -32.963 0.0000000000
100263  30.935  25.591  -35.086 0.0000000000
101784  31.845  26.991  -34.675 0.0000000000
124304  30.632  18.149  -33.392 0.0000000000
124312  30.211  18.234  -34.017 0.0000000000
124313  30.087  18.857  -33.936 0.0000000000
124458  30.581  15.802  -31.276 0.0000000000
124609  30.466  17.259  -33.683 0.0000000000
126007  28.194  22.170  -37.802 0.0000000000
126078  29.054  -2.210  -32.390 0.0000000000
131936  31.458  6.016  -32.066 0.0000000000
132547  29.936  6.851  -34.343 0.0000000000
133837  31.581  4.278  -31.669 0.0000000000
134258  30.371  9.825  -33.201 0.0000000000
139661  29.398  1.033  -34.458 0.0000000000
141458  30.487  16.305  -32.214 0.0000000000
147527  30.501  17.696  -33.572 0.0000000000
