#!ascii label  , from subject sub-p019 vox2ras=TkReg
394
122629  -22.520  9.641  -29.369 0.0000000000
63224  -19.448  4.958  -27.915 0.0000000000
64077  -25.902  5.181  -27.761 0.0000000000
60761  -22.685  1.258  -27.374 0.0000000000
78470  -22.577  22.095  -31.009 0.0000000000
75966  -25.458  19.351  -28.528 0.0000000000
70148  -20.349  12.990  -29.880 0.0000000000
57132  -22.414  -2.718  -25.735 0.0000000000
61602  -21.089  2.798  -28.243 0.0000000000
115802  -19.344  1.318  -26.542 0.0000000000
76829  -23.575  20.850  -30.021 0.0000000000
75224  -21.163  18.189  -30.539 0.0000000000
67555  -19.214  9.409  -28.722 0.0000000000
69287  -18.350  11.197  -28.521 0.0000000000
69318  -21.642  11.234  -29.599 0.0000000000
71811  -23.773  14.184  -28.660 0.0000000000
125869  -25.039  11.990  -28.148 0.0000000000
67558  -25.836  9.575  -27.783 0.0000000000
109689  -17.407  6.796  -26.794 0.0000000000
125726  -21.064  7.215  -29.239 0.0000000000
64939  -24.233  7.068  -27.939 0.0000000000
64074  -22.192  5.528  -28.661 0.0000000000
61590  -24.398  2.991  -27.675 0.0000000000
59035  -26.394  -0.494  -28.884 0.0000000000
72744  -19.355  15.358  -30.312 0.0000000000
115937  -22.286  16.235  -29.651 0.0000000000
74469  -26.454  17.053  -27.576 0.0000000000
58995  -19.282  -0.162  -25.590 0.0000000000
58074  -22.594  -1.371  -26.523 0.0000000000
61577  -18.656  2.561  -26.249 0.0000000000
60731  -18.463  1.908  -25.331 0.0000000000
122548  -21.128  18.853  -30.538 0.0000000000
74488  -19.529  17.342  -30.403 0.0000000000
108773  -20.986  9.412  -29.554 0.0000000000
68460  -20.527  10.120  -29.489 0.0000000000
121516  -21.624  10.499  -29.577 0.0000000000
111269  -22.973  11.884  -29.286 0.0000000000
68444  -23.664  10.765  -28.885 0.0000000000
109606  -25.556  10.876  -28.078 0.0000000000
67557  -23.803  9.915  -28.778 0.0000000000
64070  -18.770  5.994  -27.705 0.0000000000
65861  -19.235  7.026  -28.443 0.0000000000
64959  -20.060  6.175  -28.687 0.0000000000
64094  -21.453  6.039  -28.854 0.0000000000
63248  -20.760  5.301  -28.691 0.0000000000
60776  -21.534  2.087  -27.885 0.0000000000
61603  -22.040  2.764  -28.202 0.0000000000
114952  -23.420  1.654  -27.453 0.0000000000
60779  -25.648  1.073  -28.206 0.0000000000
59929  -24.669  0.547  -27.659 0.0000000000
116946  -21.307  21.176  -30.506 0.0000000000
77689  -21.057  21.772  -30.116 0.0000000000
78484  -22.282  22.739  -31.257 0.0000000000
79926  -23.082  23.905  -31.954 0.0000000000
79222  -24.826  23.048  -30.766 0.0000000000
115692  -24.125  20.165  -29.496 0.0000000000
70137  -19.294  12.228  -29.364 0.0000000000
126111  -18.797  13.346  -29.548 0.0000000000
71842  -19.887  14.550  -30.338 0.0000000000
72745  -20.069  15.325  -30.500 0.0000000000
71844  -21.129  14.382  -30.187 0.0000000000
71813  -25.630  14.265  -27.565 0.0000000000
72718  -24.731  15.795  -27.905 0.0000000000
72720  -26.767  15.592  -27.507 0.0000000000
64056  -25.194  5.889  -27.633 0.0000000000
65845  -25.497  7.274  -27.592 0.0000000000
57111  -20.099  -2.148  -24.816 0.0000000000
58063  -21.183  -1.550  -25.769 0.0000000000
58073  -21.375  -1.037  -26.131 0.0000000000
57145  -22.480  -2.064  -26.209 0.0000000000
63203  -18.500  4.563  -26.899 0.0000000000
121939  -19.550  4.087  -27.779 0.0000000000
109329  -19.303  3.314  -27.277 0.0000000000
61587  -19.863  2.501  -27.503 0.0000000000
59926  -21.251  0.654  -27.150 0.0000000000
76842  -21.582  20.783  -30.642 0.0000000000
77692  -23.004  21.467  -30.614 0.0000000000
123702  -21.772  20.168  -30.542 0.0000000000
75211  -22.440  18.761  -30.120 0.0000000000
75212  -23.313  18.220  -29.548 0.0000000000
66705  -17.819  8.838  -27.745 0.0000000000
68442  -18.813  10.244  -28.589 0.0000000000
69302  -19.971  11.406  -29.467 0.0000000000
70149  -20.824  12.121  -29.690 0.0000000000
70969  -21.573  13.688  -29.849 0.0000000000
70139  -22.205  12.538  -29.591 0.0000000000
116870  -24.163  13.218  -28.457 0.0000000000
70953  -26.323  13.297  -27.541 0.0000000000
70127  -26.563  12.394  -27.605 0.0000000000
122841  -24.238  -4.747  -25.436 0.0000000000
56164  -23.632  -3.334  -25.945 0.0000000000
66694  -17.830  8.002  -27.562 0.0000000000
66726  -20.348  8.423  -29.287 0.0000000000
66728  -21.777  8.302  -29.439 0.0000000000
66708  -23.468  8.629  -28.729 0.0000000000
65881  -22.025  7.658  -29.249 0.0000000000
106091  -23.401  6.335  -28.321 0.0000000000
64076  -23.813  5.425  -28.055 0.0000000000
107640  -21.805  4.213  -28.584 0.0000000000
62409  -23.517  3.796  -28.019 0.0000000000
62410  -24.514  3.948  -27.715 0.0000000000
61606  -25.984  2.650  -28.161 0.0000000000
60791  -26.857  1.166  -29.023 0.0000000000
78472  -25.472  22.896  -30.051 0.0000000000
73642  -20.226  16.960  -30.535 0.0000000000
73644  -22.064  16.985  -29.909 0.0000000000
74479  -23.871  17.504  -29.053 0.0000000000
109192  -22.463  14.767  -29.497 0.0000000000
73633  -24.209  16.826  -28.576 0.0000000000
75202  -25.604  18.424  -28.193 0.0000000000
66710  -25.088  8.820  -27.875 0.0000000000
117938  -27.681  8.753  -27.756 0.0000000000
120353  -18.570  0.651  -25.144 0.0000000000
125492  -19.426  0.232  -25.945 0.0000000000
59917  -20.844  0.239  -26.786 0.0000000000
59020  -22.691  -0.582  -26.804 0.0000000000
57147  -24.077  -2.913  -26.516 0.0000000000
58084  -24.169  -1.741  -27.202 0.0000000000
113918  -24.203  -1.064  -27.437 0.0000000000
74487  -18.919  17.791  -30.058 0.0000000000
67574  -21.714  9.184  -29.518 0.0000000000
126851  -21.529  9.884  -29.557 0.0000000000
68462  -22.001  9.931  -29.539 0.0000000000
68463  -22.410  10.284  -29.465 0.0000000000
68464  -22.991  10.153  -29.251 0.0000000000
116256  -23.185  9.374  -29.040 0.0000000000
64054  -18.725  5.217  -27.362 0.0000000000
64053  -18.040  5.748  -26.917 0.0000000000
64071  -19.282  5.544  -27.978 0.0000000000
64958  -19.482  6.012  -28.320 0.0000000000
64072  -19.948  5.520  -28.479 0.0000000000
60760  -21.910  1.504  -27.559 0.0000000000
126798  -22.848  1.836  -27.536 0.0000000000
59928  -23.699  0.650  -27.349 0.0000000000
77690  -21.495  21.196  -30.642 0.0000000000
78469  -21.791  22.043  -30.958 0.0000000000
78485  -23.220  22.749  -31.260 0.0000000000
78486  -24.086  23.138  -31.339 0.0000000000
110056  -23.403  22.114  -30.823 0.0000000000
75977  -24.505  19.418  -29.152 0.0000000000
76831  -25.626  20.779  -28.841 0.0000000000
115858  -25.786  20.111  -28.577 0.0000000000
115475  -19.427  13.018  -29.686 0.0000000000
121729  -18.646  12.911  -29.267 0.0000000000
70979  -18.899  13.789  -29.773 0.0000000000
70980  -19.653  13.768  -30.045 0.0000000000
71843  -20.547  14.335  -30.299 0.0000000000
70981  -20.278  13.815  -30.168 0.0000000000
114369  -26.490  14.850  -27.487 0.0000000000
72719  -25.658  15.276  -27.531 0.0000000000
64057  -25.911  6.026  -27.666 0.0000000000
64078  -26.664  5.546  -28.032 0.0000000000
56151  -22.379  -3.476  -25.284 0.0000000000
107370  -21.609  -2.930  -25.227 0.0000000000
57130  -20.946  -2.208  -25.312 0.0000000000
57131  -21.753  -2.165  -25.759 0.0000000000
62386  -18.371  3.954  -26.497 0.0000000000
62393  -18.876  3.982  -27.097 0.0000000000
61586  -18.719  3.285  -26.650 0.0000000000
60750  -18.977  1.897  -26.395 0.0000000000
61578  -19.131  2.572  -26.828 0.0000000000
60757  -19.553  1.805  -26.966 0.0000000000
60758  -20.295  1.586  -27.398 0.0000000000
59924  -19.895  1.077  -26.926 0.0000000000
113618  -21.259  20.278  -30.511 0.0000000000
75989  -20.853  19.495  -30.474 0.0000000000
75225  -21.715  18.416  -30.407 0.0000000000
74477  -22.415  17.753  -29.898 0.0000000000
108901  -20.688  10.823  -29.563 0.0000000000
121885  -20.127  10.671  -29.410 0.0000000000
69303  -20.723  11.498  -29.612 0.0000000000
69317  -21.180  11.532  -29.627 0.0000000000
70150  -21.354  11.991  -29.650 0.0000000000
70151  -21.877  11.894  -29.605 0.0000000000
69288  -23.600  11.646  -28.914 0.0000000000
70124  -23.500  12.485  -28.931 0.0000000000
70125  -24.415  12.311  -28.425 0.0000000000
125583  -24.721  12.845  -28.122 0.0000000000
70126  -25.369  12.536  -27.845 0.0000000000
69289  -25.793  11.704  -27.889 0.0000000000
121737  -25.423  10.201  -28.040 0.0000000000
107547  -26.462  11.088  -27.735 0.0000000000
114125  -27.541  10.084  -27.704 0.0000000000
55284  -23.369  -4.637  -25.125 0.0000000000
121612  -24.679  -5.486  -25.313 0.0000000000
65842  -17.056  7.552  -26.676 0.0000000000
65843  -17.950  7.131  -27.359 0.0000000000
65878  -20.024  7.379  -28.979 0.0000000000
65879  -20.896  7.704  -29.350 0.0000000000
66727  -21.224  8.527  -29.499 0.0000000000
126298  -21.383  8.037  -29.446 0.0000000000
65880  -21.476  7.538  -29.309 0.0000000000
64960  -22.180  6.432  -28.819 0.0000000000
64075  -22.883  5.911  -28.501 0.0000000000
63228  -23.024  4.845  -28.388 0.0000000000
62406  -20.458  3.661  -28.262 0.0000000000
63226  -20.978  4.395  -28.623 0.0000000000
62407  -21.413  3.534  -28.479 0.0000000000
62394  -23.517  2.969  -27.814 0.0000000000
61604  -22.802  3.250  -28.159 0.0000000000
62411  -25.305  3.308  -27.770 0.0000000000
61605  -25.240  2.440  -27.798 0.0000000000
59941  -25.845  0.196  -28.459 0.0000000000
111181  -26.240  0.819  -28.633 0.0000000000
59942  -26.628  0.296  -28.979 0.0000000000
59044  -27.107  -0.350  -29.379 0.0000000000
77693  -24.103  21.787  -30.266 0.0000000000
78454  -25.138  22.086  -29.700 0.0000000000
68440  -17.076  10.444  -27.426 0.0000000000
72733  -18.521  15.435  -29.855 0.0000000000
123746  -18.972  16.059  -30.211 0.0000000000
73641  -19.645  16.272  -30.495 0.0000000000
72747  -21.254  15.297  -30.232 0.0000000000
73643  -21.430  16.460  -30.232 0.0000000000
73631  -22.757  16.881  -29.529 0.0000000000
71831  -22.968  14.072  -29.272 0.0000000000
71830  -22.226  13.910  -29.601 0.0000000000
73614  -25.848  16.278  -27.545 0.0000000000
126826  -24.438  16.322  -28.327 0.0000000000
73613  -24.916  16.659  -28.074 0.0000000000
74467  -24.860  17.616  -28.437 0.0000000000
109871  -25.933  17.707  -27.720 0.0000000000
108449  -26.846  17.668  -27.580 0.0000000000
65862  -23.036  8.088  -28.780 0.0000000000
66709  -24.254  8.481  -28.268 0.0000000000
65863  -23.956  7.842  -28.246 0.0000000000
65846  -25.918  7.981  -27.536 0.0000000000
58975  -19.083  -0.714  -24.973 0.0000000000
58994  -18.674  0.010  -25.094 0.0000000000
59899  -18.922  0.555  -25.649 0.0000000000
59009  -21.923  -0.817  -26.472 0.0000000000
59008  -21.120  -0.454  -26.433 0.0000000000
59019  -21.778  0.019  -26.877 0.0000000000
61562  -18.649  2.326  -26.133 0.0000000000
60749  -18.649  1.883  -25.852 0.0000000000
59915  -18.929  1.251  -26.026 0.0000000000
75222  -19.922  18.647  -30.355 0.0000000000
75223  -20.574  18.590  -30.507 0.0000000000
74489  -20.076  17.894  -30.462 0.0000000000
67556  -20.103  9.364  -29.288 0.0000000000
68461  -21.152  10.293  -29.589 0.0000000000
122391  -22.128  11.294  -29.566 0.0000000000
69304  -22.073  10.694  -29.568 0.0000000000
69305  -22.741  11.040  -29.414 0.0000000000
110757  -24.641  11.406  -28.408 0.0000000000
68445  -24.598  10.471  -28.426 0.0000000000
119874  -24.761  9.685  -28.237 0.0000000000
64938  -18.037  6.415  -27.186 0.0000000000
64957  -18.613  6.705  -27.862 0.0000000000
127203  -19.154  6.420  -28.217 0.0000000000
64975  -19.735  6.593  -28.633 0.0000000000
64976  -20.543  6.835  -28.984 0.0000000000
64977  -21.190  6.784  -29.087 0.0000000000
64093  -20.660  6.095  -28.831 0.0000000000
64073  -21.532  5.060  -28.688 0.0000000000
60777  -22.323  1.985  -27.701 0.0000000000
61588  -22.974  2.415  -27.714 0.0000000000
61589  -23.899  2.289  -27.565 0.0000000000
124006  -24.624  2.170  -27.641 0.0000000000
60762  -24.370  1.437  -27.557 0.0000000000
59940  -25.281  0.546  -27.991 0.0000000000
59033  -25.154  -0.113  -27.962 0.0000000000
110047  -20.849  20.959  -30.208 0.0000000000
122647  -21.503  21.672  -30.611 0.0000000000
79237  -22.681  23.366  -31.548 0.0000000000
79239  -24.818  23.690  -31.353 0.0000000000
76830  -24.731  21.073  -29.434 0.0000000000
70122  -17.750  12.973  -28.718 0.0000000000
70968  -18.166  13.652  -29.325 0.0000000000
71828  -18.291  14.494  -29.616 0.0000000000
71841  -19.090  14.548  -30.061 0.0000000000
109507  -20.298  14.805  -30.419 0.0000000000
72746  -20.672  15.016  -30.424 0.0000000000
72734  -21.912  15.470  -29.754 0.0000000000
71812  -24.531  14.057  -27.978 0.0000000000
72717  -24.055  15.077  -28.311 0.0000000000
108070  -24.738  14.839  -27.729 0.0000000000
65844  -24.688  7.364  -27.769 0.0000000000
64940  -25.083  6.647  -27.622 0.0000000000
127603  -25.948  6.648  -27.612 0.0000000000
58046  -19.558  -1.444  -24.914 0.0000000000
58062  -20.366  -1.535  -25.409 0.0000000000
58061  -19.806  -0.841  -25.540 0.0000000000
58072  -20.676  -0.910  -25.897 0.0000000000
57144  -21.887  -1.508  -26.160 0.0000000000
123304  -19.017  4.587  -27.413 0.0000000000
61601  -19.891  3.313  -27.781 0.0000000000
60775  -20.722  2.162  -27.848 0.0000000000
60759  -21.166  1.356  -27.531 0.0000000000
113761  -21.908  0.845  -27.262 0.0000000000
76839  -19.671  20.178  -29.706 0.0000000000
76841  -21.183  20.684  -30.483 0.0000000000
77691  -22.049  21.374  -30.820 0.0000000000
76843  -22.458  20.611  -30.484 0.0000000000
107215  -21.611  19.387  -30.497 0.0000000000
75990  -22.426  19.666  -30.292 0.0000000000
113557  -23.225  19.985  -29.924 0.0000000000
113573  -23.786  19.497  -29.546 0.0000000000
108776  -23.960  18.822  -29.380 0.0000000000
68441  -17.880  10.362  -28.011 0.0000000000
68443  -19.714  10.113  -29.155 0.0000000000
68459  -19.406  10.884  -28.996 0.0000000000
69301  -19.105  11.587  -29.042 0.0000000000
70138  -20.140  12.203  -29.651 0.0000000000
70982  -20.933  13.502  -30.060 0.0000000000
109361  -21.014  12.645  -29.820 0.0000000000
123055  -22.033  13.200  -29.697 0.0000000000
70970  -22.593  13.245  -29.451 0.0000000000
112685  -22.425  11.827  -29.494 0.0000000000
70140  -22.813  12.534  -29.335 0.0000000000
70951  -23.294  13.289  -29.055 0.0000000000
116167  -26.947  14.182  -27.501 0.0000000000
70954  -27.589  13.500  -27.589 0.0000000000
120661  -27.264  12.876  -27.567 0.0000000000
63231  -26.422  4.310  -28.176 0.0000000000
55283  -22.683  -4.164  -25.073 0.0000000000
56152  -23.174  -3.782  -25.461 0.0000000000
57133  -22.972  -3.170  -25.732 0.0000000000
66706  -18.643  8.527  -28.316 0.0000000000
65860  -18.584  7.504  -28.093 0.0000000000
66707  -19.397  7.897  -28.709 0.0000000000
124974  -19.567  8.718  -28.881 0.0000000000
66729  -22.122  8.784  -29.416 0.0000000000
66730  -22.633  8.800  -29.192 0.0000000000
113578  -22.264  8.261  -29.256 0.0000000000
127618  -22.570  8.231  -29.068 0.0000000000
65882  -22.548  7.665  -28.927 0.0000000000
107131  -21.769  6.955  -29.100 0.0000000000
121095  -22.732  6.815  -28.684 0.0000000000
64961  -23.402  7.184  -28.424 0.0000000000
64055  -24.243  6.275  -27.878 0.0000000000
106363  -24.841  5.309  -27.675 0.0000000000
63225  -20.157  4.665  -28.361 0.0000000000
63227  -22.224  4.759  -28.580 0.0000000000
121723  -22.138  3.545  -28.432 0.0000000000
62408  -22.592  4.057  -28.416 0.0000000000
110058  -23.880  4.547  -27.949 0.0000000000
63229  -24.495  4.718  -27.747 0.0000000000
63230  -25.403  4.327  -27.736 0.0000000000
62412  -26.166  3.504  -28.160 0.0000000000
61607  -26.802  2.790  -28.643 0.0000000000
111540  -25.800  1.865  -28.173 0.0000000000
111739  -26.219  1.377  -28.522 0.0000000000
78471  -24.072  22.544  -30.804 0.0000000000
73640  -18.964  16.838  -30.223 0.0000000000
74490  -20.839  17.484  -30.521 0.0000000000
111772  -20.593  16.001  -30.492 0.0000000000
126598  -20.776  16.722  -30.481 0.0000000000
74491  -21.603  17.549  -30.314 0.0000000000
75213  -24.145  18.147  -29.079 0.0000000000
71829  -21.724  14.568  -29.810 0.0000000000
119486  -22.612  15.524  -29.437 0.0000000000
72735  -23.261  15.090  -29.025 0.0000000000
72736  -23.853  16.008  -28.587 0.0000000000
115147  -23.073  16.080  -29.246 0.0000000000
73632  -23.520  16.787  -29.122 0.0000000000
75201  -24.718  18.626  -28.795 0.0000000000
114210  -26.251  18.969  -27.981 0.0000000000
106255  -24.062  9.138  -28.551 0.0000000000
66695  -24.850  7.971  -27.800 0.0000000000
113302  -26.448  8.778  -27.606 0.0000000000
67559  -27.031  9.512  -27.614 0.0000000000
59898  -18.616  1.228  -25.453 0.0000000000
59916  -19.496  0.665  -26.323 0.0000000000
59007  -20.109  -0.106  -26.184 0.0000000000
122913  -20.191  0.529  -26.712 0.0000000000
59927  -22.723  0.295  -27.122 0.0000000000
57146  -23.210  -2.603  -26.225 0.0000000000
58075  -23.099  -1.909  -26.554 0.0000000000
57159  -23.769  -2.159  -26.783 0.0000000000
124473  -23.449  -1.311  -26.917 0.0000000000
112800  -23.531  -0.378  -27.185 0.0000000000
113813  -24.380  -0.233  -27.555 0.0000000000
54483  -23.884  -5.478  -24.987 0.0000000000
59897  -18.457  1.069  -24.968 0.0000000000
59925  -20.606  0.880  -27.132 0.0000000000
60763  -25.137  1.673  -27.820 0.0000000000
60778  -25.046  1.052  -27.786 0.0000000000
67575  -22.186  9.284  -29.447 0.0000000000
68475  -21.213  10.967  -29.617 0.0000000000
70952  -25.047  13.348  -27.769 0.0000000000
70983  -21.561  12.745  -29.760 0.0000000000
74468  -25.551  17.076  -27.751 0.0000000000
74478  -23.193  17.426  -29.453 0.0000000000
75204  -27.663  18.117  -27.756 0.0000000000
75976  -23.164  19.156  -29.774 0.0000000000
75978  -25.010  20.159  -28.976 0.0000000000
114047  -20.912  20.101  -30.397 0.0000000000
116039  -24.724  22.483  -30.303 0.0000000000
116802  -28.149  12.864  -27.790 0.0000000000
120687  -22.224  7.138  -28.996 0.0000000000
122340  -20.407  2.883  -27.967 0.0000000000
127390  -21.331  20.780  -30.569 0.0000000000
128275  -24.252  14.537  -28.199 0.0000000000
