#!ascii label  , from subject sub-p019 vox2ras=TkReg
375
19684  -35.780  -46.743  -30.316 0.6999999881
19693  -35.976  -46.488  -31.321 0.6000000238
120839  -35.896  -45.942  -32.005 0.6000000238
19703  -35.790  -46.637  -33.216 0.4000000060
20418  -33.231  -45.783  -25.301 0.6999999881
20411  -33.302  -45.196  -24.958 0.6999999881
20419  -33.722  -45.188  -25.509 0.6000000238
20428  -33.680  -45.862  -26.036 0.6999999881
20420  -34.237  -45.195  -26.227 0.6000000238
19625  -33.633  -46.577  -26.546 0.6000000238
115831  -34.649  -45.225  -27.017 0.6000000238
19638  -34.173  -46.723  -27.427 0.6000000238
22082  -35.425  -44.028  -27.835 0.5000000000
20441  -35.300  -45.512  -28.495 0.5000000000
21260  -35.405  -44.678  -28.172 0.5000000000
21275  -35.703  -44.470  -29.899 0.6000000238
112823  -35.600  -46.132  -29.691 0.6000000238
20465  -35.723  -45.253  -29.838 0.6000000238
21284  -35.719  -44.757  -30.741 0.6000000238
20479  -35.797  -45.476  -31.434 0.6000000238
21225  -33.086  -44.827  -24.612 0.6000000238
22064  -34.026  -43.690  -25.092 0.6000000238
112119  -34.197  -44.472  -25.665 0.6000000238
22072  -34.790  -43.421  -26.530 0.6000000238
21248  -34.741  -44.356  -26.526 0.6000000238
21259  -35.121  -44.562  -27.404 0.6000000238
22081  -35.249  -43.263  -27.975 0.6000000238
22093  -35.541  -43.922  -28.568 0.6000000238
21268  -35.609  -44.749  -29.076 0.6000000238
22102  -35.591  -43.833  -29.482 0.6999999881
22110  -35.520  -43.843  -30.400 0.6000000238
21301  -35.541  -45.301  -32.303 0.5000000000
20487  -35.641  -45.943  -32.742 0.5000000000
21224  -32.464  -44.745  -24.283 0.6000000238
22053  -33.196  -44.041  -24.366 0.6000000238
22908  -33.962  -42.755  -24.956 0.6000000238
22909  -34.444  -42.921  -25.776 0.6000000238
22065  -34.510  -43.775  -25.874 0.6000000238
22918  -34.649  -42.627  -26.730 0.6000000238
22927  -34.774  -42.520  -27.610 0.6000000238
106839  -35.149  -43.777  -27.213 0.6000000238
22935  -34.849  -42.501  -28.543 0.6000000238
22119  -35.344  -43.921  -31.340 0.6000000238
21291  -35.456  -44.655  -31.809 0.6000000238
109139  -35.210  -45.874  -33.642 0.4000000060
114052  -32.132  -43.826  -23.897 0.6000000238
121373  -33.539  -43.239  -24.517 0.6000000238
23770  -34.305  -42.045  -26.200 0.6000000238
23779  -34.378  -41.903  -27.151 0.6000000238
23788  -34.382  -41.866  -28.096 0.6999999881
22954  -34.622  -42.539  -30.503 0.6000000238
22092  -35.333  -43.136  -28.999 0.6000000238
22101  -35.246  -43.112  -29.984 0.6000000238
22109  -35.049  -43.192  -30.941 0.6000000238
21290  -34.938  -44.053  -32.143 0.6000000238
21300  -34.820  -44.654  -32.803 0.6000000238
20495  -34.368  -45.173  -33.872 0.4000000060
120680  -35.160  -45.346  -33.072 0.5000000000
22039  -32.221  -42.865  -23.602 0.5000000000
22879  -32.829  -42.363  -23.791 0.6000000238
22893  -33.431  -42.548  -24.336 0.6000000238
106117  -33.815  -41.977  -24.800 0.6000000238
23759  -34.137  -42.220  -25.430 0.5000000000
23758  -33.875  -41.428  -25.596 0.5000000000
23778  -33.872  -41.308  -27.646 0.6000000238
24755  -33.250  -40.763  -28.158 0.6000000238
23796  -34.296  -41.892  -29.069 0.6999999881
23803  -33.413  -41.558  -30.507 0.6000000238
22946  -34.783  -42.488  -29.524 0.6999999881
22945  -34.156  -41.935  -30.047 0.6000000238
22953  -33.932  -42.070  -31.001 0.6000000238
22964  -34.337  -42.721  -31.433 0.6000000238
22118  -34.665  -43.417  -31.846 0.6000000238
22880  -33.319  -41.790  -24.145 0.5000000000
23743  -33.575  -41.204  -24.680 0.6000000238
24722  -33.535  -40.571  -25.296 0.5000000000
24735  -33.560  -40.648  -26.244 0.6000000238
23769  -33.925  -41.331  -26.670 0.6000000238
24734  -33.058  -40.030  -26.779 0.5000000000
24747  -33.428  -40.700  -27.209 0.5000000000
111037  -32.420  -40.279  -28.649 0.5000000000
24762  -33.075  -40.902  -29.095 0.5000000000
24760  -31.727  -40.184  -29.473 0.4000000060
23795  -33.616  -41.426  -29.563 0.6999999881
24769  -31.964  -40.697  -30.343 0.4000000060
23802  -32.581  -41.268  -30.930 0.5000000000
23811  -33.139  -41.763  -31.460 0.6000000238
23810  -32.287  -41.481  -31.938 0.5000000000
22963  -33.560  -42.376  -31.903 0.6000000238
110892  -33.970  -44.449  -33.568 0.5000000000
22125  -33.890  -43.050  -32.315 0.6000000238
22126  -34.142  -43.821  -32.814 0.6000000238
115344  -32.278  -42.198  -23.374 0.5000000000
25581  -33.246  -39.921  -25.857 0.4000000060
24746  -32.795  -40.175  -27.679 0.5000000000
25603  -32.164  -39.754  -27.988 0.5000000000
25613  -30.102  -39.305  -29.743 0.4000000060
25614  -30.919  -39.715  -29.526 0.4000000060
24768  -31.139  -40.189  -30.242 0.4000000060
114347  -31.244  -40.537  -30.952 0.5000000000
24774  -31.732  -40.980  -31.394 0.5000000000
22977  -32.732  -43.102  -33.810 0.5000000000
22131  -33.215  -43.895  -33.961 0.5000000000
22970  -33.163  -42.688  -32.839 0.6000000238
121695  -33.430  -43.313  -33.128 0.5000000000
25592  -32.370  -39.573  -27.228 0.4000000060
25591  -31.674  -39.234  -27.699 0.5000000000
25602  -31.488  -39.605  -28.624 0.5000000000
25601  -30.552  -39.162  -28.915 0.5000000000
25625  -30.522  -39.775  -30.222 0.4000000060
24773  -30.957  -40.618  -31.794 0.5000000000
23826  -31.834  -41.964  -34.067 0.5000000000
22130  -32.364  -43.509  -34.877 0.3000000119
24780  -30.370  -40.161  -31.970 0.5000000000
23809  -31.441  -41.150  -32.425 0.5000000000
22969  -32.418  -42.362  -33.474 0.5000000000
26471  -30.973  -38.886  -28.135 0.4000000060
124737  -30.219  -38.369  -28.450 0.4000000060
25612  -29.609  -38.984  -30.176 0.4000000060
127951  -29.702  -38.896  -29.699 0.4000000060
25623  -29.660  -39.034  -30.928 0.4000000060
25631  -30.027  -39.629  -31.371 0.5000000000
23825  -31.633  -41.536  -34.434 0.4000000060
22976  -32.151  -42.709  -34.561 0.4000000060
24781  -30.805  -40.691  -32.814 0.5000000000
23817  -31.977  -41.696  -32.999 0.5000000000
27316  -29.448  -37.542  -30.899 0.4000000060
26502  -29.618  -38.307  -31.277 0.4000000060
23816  -31.351  -41.316  -33.462 0.5000000000
119485  -30.110  -39.680  -31.993 0.5000000000
118219  -31.112  -40.984  -33.696 0.4000000060
114067  -31.336  -40.891  -34.244 0.3000000119
25630  -29.848  -39.064  -31.663 0.5000000000
24789  -30.402  -40.021  -32.627 0.5000000000
24790  -30.880  -40.425  -33.408 0.5000000000
28155  -29.460  -36.734  -31.216 0.4000000060
25645  -31.375  -40.053  -33.944 0.3000000119
27333  -29.911  -37.451  -31.963 0.4000000060
25644  -30.789  -39.448  -33.193 0.5000000000
26509  -29.952  -38.235  -32.022 0.4000000060
25638  -30.243  -39.176  -32.360 0.5000000000
26510  -30.595  -38.415  -32.740 0.5000000000
28163  -29.730  -36.310  -31.651 0.4000000060
112187  -31.600  -39.198  -33.769 0.3000000119
26523  -32.148  -39.569  -34.305 0.3000000119
117445  -29.742  -36.992  -31.699 0.4000000060
27340  -31.022  -37.565  -33.070 0.4000000060
115401  -30.057  -36.904  -32.117 0.4000000060
28989  -29.443  -35.511  -31.405 0.5000000000
26517  -31.342  -38.429  -33.447 0.3000000119
27341  -31.938  -37.505  -33.702 0.4000000060
27347  -32.926  -37.446  -34.241 0.4000000060
26518  -32.317  -38.447  -34.103 0.4000000060
115960  -31.490  -36.688  -33.259 0.4000000060
28164  -30.291  -36.221  -32.210 0.5000000000
27334  -30.354  -37.571  -32.416 0.5000000000
28172  -30.664  -36.826  -32.657 0.5000000000
127171  -32.610  -36.528  -33.891 0.4000000060
28994  -29.960  -35.731  -31.820 0.5000000000
28995  -30.479  -35.508  -32.216 0.5000000000
29884  -32.668  -35.056  -33.506 0.4000000060
29871  -29.902  -34.243  -31.569 0.5000000000
116621  -31.983  -35.000  -32.927 0.4000000060
29002  -31.946  -35.742  -33.292 0.4000000060
29003  -32.880  -35.685  -33.849 0.4000000060
29012  -33.560  -35.938  -34.247 0.3000000119
29877  -29.868  -35.059  -31.734 0.5000000000
28165  -30.980  -36.031  -32.748 0.5000000000
29879  -32.514  -34.351  -32.922 0.4000000060
30751  -33.254  -33.851  -33.315 0.4000000060
30731  -29.119  -33.570  -31.187 0.5000000000
29004  -33.489  -35.152  -34.113 0.3000000119
30740  -30.861  -34.042  -31.821 0.5000000000
113647  -31.516  -34.566  -32.390 0.5000000000
28996  -31.239  -35.264  -32.617 0.5000000000
29878  -30.619  -34.765  -32.080 0.5000000000
31542  -29.266  -32.762  -31.075 0.5000000000
31544  -31.611  -32.757  -31.257 0.5000000000
29885  -33.332  -34.460  -33.704 0.3000000119
31543  -30.414  -32.747  -31.183 0.5000000000
30733  -31.191  -33.368  -31.543 0.5000000000
20471  -35.814  -45.807  -30.538 0.6000000238
115747  -35.977  -46.655  -32.290 0.5000000000
20440  -35.018  -45.358  -27.751 0.6000000238
23787  -33.758  -41.351  -28.599 0.6999999881
23794  -32.879  -41.050  -30.003 0.5000000000
24761  -32.420  -40.615  -29.511 0.4000000060
22962  -32.801  -42.028  -32.445 0.5000000000
24767  -30.523  -40.103  -31.035 0.5000000000
26481  -29.899  -38.753  -29.224 0.4000000060
30732  -30.082  -33.451  -31.395 0.5000000000
13055  -32.746  -54.440  -27.380 0.5000000000
13071  -33.541  -54.590  -28.630 0.5000000000
13070  -32.928  -54.888  -28.228 0.5000000000
108367  -36.155  -53.606  -29.620 0.5000000000
13088  -35.104  -54.388  -29.962 0.5000000000
110895  -33.736  -54.824  -29.397 0.4000000060
13843  -33.453  -53.755  -27.360 0.5000000000
13858  -33.891  -53.996  -28.177 0.6000000238
13844  -34.219  -53.324  -27.714 0.6000000238
13874  -35.574  -53.827  -29.423 0.5000000000
13860  -35.273  -53.411  -28.718 0.5000000000
14644  -37.996  -52.191  -29.761 0.4000000060
114777  -32.214  -52.175  -25.038 0.6999999881
14588  -32.818  -52.292  -25.536 0.6999999881
14613  -33.842  -52.963  -26.990 0.6999999881
14628  -34.975  -52.925  -27.999 0.5000000000
14614  -34.476  -52.581  -27.357 0.6999999881
14642  -36.565  -52.380  -28.931 0.5000000000
14641  -35.988  -53.097  -28.953 0.5000000000
128436  -35.533  -52.797  -28.427 0.5000000000
15467  -37.589  -51.516  -29.464 0.5000000000
14643  -37.337  -52.481  -29.454 0.5000000000
15414  -29.529  -51.810  -25.266 0.5000000000
15415  -30.266  -51.885  -24.819 0.6999999881
15416  -31.707  -51.550  -24.737 0.6999999881
14586  -30.726  -52.578  -24.907 0.6999999881
15417  -32.634  -51.491  -25.194 0.6999999881
14600  -33.479  -52.451  -26.249 0.6000000238
15443  -35.267  -51.550  -27.645 0.6999999881
15431  -34.633  -51.723  -27.082 0.6000000238
15466  -36.911  -51.549  -29.068 0.5000000000
15458  -36.317  -51.547  -28.613 0.6000000238
15457  -35.772  -51.515  -28.170 0.6000000238
16287  -38.196  -50.199  -30.142 0.5000000000
110773  -30.629  -50.306  -24.661 0.5000000000
16213  -31.410  -50.764  -24.682 0.6999999881
15418  -33.374  -51.589  -25.785 0.6999999881
16215  -33.165  -50.629  -25.606 0.6999999881
16214  -32.229  -50.687  -24.972 0.6999999881
15430  -33.979  -51.654  -26.436 0.8000000119
16231  -34.378  -50.934  -26.664 0.6999999881
16263  -36.032  -50.749  -28.451 0.6000000238
16248  -35.533  -50.768  -27.871 0.6999999881
127534  -36.514  -50.860  -28.887 0.6999999881
16275  -37.828  -50.753  -29.747 0.6000000238
16274  -36.989  -50.605  -29.422 0.6000000238
108016  -37.713  -49.421  -30.614 0.6000000238
17112  -29.285  -49.579  -25.072 0.5000000000
17113  -30.111  -49.488  -24.736 0.6000000238
106784  -29.764  -50.157  -24.831 0.5000000000
117305  -31.015  -49.409  -24.753 0.6000000238
17114  -31.621  -50.017  -24.851 0.6000000238
17115  -32.524  -49.706  -25.400 0.6999999881
17129  -33.659  -49.278  -26.471 0.6999999881
17116  -33.067  -48.989  -25.969 0.6000000238
107388  -33.795  -51.000  -26.132 0.6999999881
17130  -34.247  -49.461  -26.954 0.6999999881
16247  -34.978  -50.859  -27.286 0.6999999881
17167  -36.646  -49.683  -29.737 0.6999999881
17168  -37.374  -49.957  -29.969 0.6999999881
106583  -29.523  -48.719  -24.908 0.5000000000
17950  -31.400  -48.657  -24.992 0.6000000238
113211  -31.773  -49.277  -25.114 0.6000000238
115939  -34.516  -48.894  -27.482 0.5000000000
17962  -33.468  -48.519  -26.580 0.6000000238
17145  -35.180  -50.057  -27.607 0.6999999881
17985  -35.253  -48.411  -28.686 0.6999999881
17177  -36.312  -48.997  -30.166 0.6999999881
17994  -35.770  -48.507  -29.577 0.6999999881
17187  -37.061  -48.941  -31.199 0.5000000000
17178  -36.889  -49.333  -30.479 0.6999999881
18009  -36.782  -48.495  -31.753 0.5000000000
114709  -28.675  -48.996  -25.402 0.5000000000
17940  -30.087  -48.014  -24.690 0.5000000000
18793  -31.386  -47.412  -24.786 0.6000000238
17949  -30.517  -48.721  -24.749 0.6000000238
18801  -31.742  -47.906  -25.198 0.6000000238
18802  -32.451  -47.671  -25.664 0.6000000238
115924  -32.685  -46.958  -25.575 0.6000000238
17961  -32.919  -48.148  -26.185 0.6000000238
18803  -33.100  -47.263  -26.234 0.6000000238
18836  -34.842  -47.661  -28.538 0.6000000238
18823  -34.366  -47.557  -27.876 0.5000000000
127667  -33.625  -47.192  -26.873 0.5000000000
18837  -35.323  -47.711  -29.211 0.6000000238
18003  -36.105  -48.284  -30.537 0.6000000238
18848  -35.732  -47.617  -30.011 0.6000000238
18864  -36.169  -47.411  -31.821 0.5000000000
123798  -29.342  -47.963  -24.902 0.5000000000
18792  -30.592  -47.245  -24.589 0.6000000238
18794  -32.077  -47.042  -25.048 0.6000000238
18822  -33.886  -47.603  -27.281 0.5000000000
115805  -34.548  -45.894  -27.417 0.5000000000
19657  -35.062  -47.131  -28.888 0.4000000060
20456  -35.216  -46.371  -28.854 0.5000000000
19656  -34.655  -46.923  -28.313 0.5000000000
18857  -36.036  -47.464  -30.901 0.6000000238
18800  -28.818  -47.460  -25.101 0.5000000000
110624  -29.967  -46.712  -24.569 0.6000000238
19611  -31.407  -46.749  -24.599 0.6000000238
19612  -32.077  -46.224  -24.623 0.6000000238
122949  -35.526  -45.615  -29.174 0.5000000000
18799  -28.294  -46.876  -25.576 0.5000000000
19610  -30.693  -46.379  -24.469 0.6000000238
20410  -32.710  -45.528  -24.684 0.6000000238
19617  -28.510  -45.970  -25.580 0.5000000000
19609  -29.936  -45.986  -24.573 0.5000000000
20409  -31.895  -45.484  -24.321 0.6000000238
20417  -29.185  -45.581  -24.968 0.5000000000
20407  -29.891  -45.151  -24.578 0.5000000000
21223  -31.507  -44.700  -24.098 0.6000000238
20408  -30.853  -45.483  -24.343 0.6000000238
20416  -28.591  -45.210  -25.584 0.5000000000
21247  -28.106  -44.931  -26.101 0.5000000000
21237  -29.148  -44.873  -24.997 0.5000000000
21222  -30.518  -44.644  -24.207 0.5000000000
21246  -27.488  -44.706  -26.398 0.5000000000
21236  -28.507  -44.603  -25.410 0.5000000000
21221  -29.664  -44.506  -24.472 0.5000000000
22063  -28.286  -43.939  -25.094 0.5000000000
122652  -29.425  -43.970  -24.317 0.5000000000
22050  -30.103  -44.017  -24.008 0.4000000060
22051  -31.017  -43.980  -23.825 0.4000000060
22049  -28.791  -43.555  -24.364 0.4000000060
22036  -29.573  -43.475  -23.863 0.4000000060
22037  -30.426  -43.347  -23.604 0.4000000060
19672  -35.433  -46.957  -29.495 0.6000000238
18020  -36.473  -48.042  -32.251 0.4000000060
18810  -33.446  -47.816  -26.731 0.6000000238
22038  -31.373  -43.179  -23.540 0.4000000060
22878  -31.620  -42.415  -23.239 0.4000000060
127570  -34.754  -49.541  -27.418 0.6999999881
17166  -36.112  -49.284  -29.469 0.6999999881
17157  -35.680  -49.969  -28.268 0.6999999881
17963  -33.978  -48.749  -27.003 0.6000000238
18004  -36.585  -48.728  -30.959 0.6999999881
17984  -34.683  -48.318  -28.043 0.6999999881
109235  -35.714  -49.209  -28.818 0.6999999881
18008  -36.349  -48.137  -31.408 0.6000000238
12324  -32.231  -55.143  -27.763 0.5000000000
13056  -33.338  -54.350  -27.952 0.5000000000
13072  -34.192  -54.321  -28.899 0.5000000000
13087  -34.397  -54.592  -29.673 0.5000000000
13814  -32.155  -52.932  -25.389 0.6999999881
13859  -34.588  -53.686  -28.433 0.6000000238
13873  -34.890  -54.087  -29.159 0.4000000060
14575  -30.979  -51.964  -24.657 0.6999999881
14587  -31.525  -52.424  -24.883 0.6999999881
14599  -32.844  -52.950  -25.907 0.6000000238
14601  -34.099  -52.278  -26.814 0.6999999881
14615  -34.995  -52.215  -27.595 0.6999999881
14629  -35.440  -52.230  -28.034 0.6000000238
14630  -35.952  -52.280  -28.481 0.6000000238
15408  -30.778  -51.260  -24.633 0.6999999881
16211  -29.127  -50.363  -25.251 0.5000000000
16212  -29.816  -51.006  -24.854 0.5000000000
16230  -33.886  -50.185  -26.388 0.6999999881
16273  -36.255  -50.023  -28.991 0.6999999881
17111  -28.536  -49.755  -25.614 0.5000000000
17156  -35.171  -49.168  -28.003 0.6999999881
17941  -30.969  -48.008  -24.776 0.6000000238
17951  -32.281  -48.618  -25.521 0.6000000238
17973  -33.761  -48.178  -27.051 0.6000000238
17974  -34.179  -48.215  -27.479 0.6000000238
18791  -29.626  -47.339  -24.706 0.5000000000
18873  -36.183  -47.397  -32.725 0.4000000060
19618  -29.133  -46.566  -24.885 0.5000000000
19619  -32.676  -46.345  -25.114 0.6000000238
19620  -33.163  -46.470  -25.794 0.6000000238
19626  -34.164  -45.932  -26.775 0.6000000238
20455  -34.788  -46.144  -28.067 0.5000000000
21220  -28.950  -44.272  -24.769 0.5000000000
21235  -27.854  -44.337  -25.731 0.5000000000
21238  -33.628  -44.583  -24.983 0.6999999881
22052  -32.931  -43.163  -24.013 0.6000000238
23729  -32.689  -41.554  -23.508 0.5000000000
25624  -30.005  -39.507  -30.579 0.4000000060
26492  -29.481  -38.318  -30.525 0.4000000060
27325  -29.669  -37.542  -31.525 0.4000000060
107126  -34.592  -50.172  -27.044 0.6999999881
108731  -31.417  -46.073  -24.434 0.6000000238
111143  -34.970  -43.103  -27.197 0.6000000238
114547  -33.296  -49.756  -25.925 0.6999999881
120409  -36.692  -53.142  -29.453 0.5000000000
