#!ascii label  , from subject sub-p019 vox2ras=TkReg
444
107963  -29.166  -1.268  -29.644 0.0000000000
64077  -25.902  5.181  -27.761 0.0000000000
75966  -25.458  19.351  -28.528 0.0000000000
71814  -27.512  14.924  -27.599 0.0000000000
68476  -29.182  10.283  -30.831 0.0000000000
64097  -30.526  5.180  -29.758 0.0000000000
76829  -23.575  20.850  -30.021 0.0000000000
70129  -28.851  12.721  -28.654 0.0000000000
67558  -25.836  9.575  -27.783 0.0000000000
60780  -27.380  2.056  -29.253 0.0000000000
63250  -28.596  4.474  -30.150 0.0000000000
60795  -30.179  1.754  -29.502 0.0000000000
55298  -25.662  -4.643  -26.232 0.0000000000
59035  -26.394  -0.494  -28.884 0.0000000000
80672  -22.201  25.357  -32.806 0.0000000000
80674  -24.463  25.068  -32.693 0.0000000000
79946  -26.362  24.820  -31.629 0.0000000000
78474  -27.717  22.975  -29.786 0.0000000000
76832  -28.577  20.252  -29.670 0.0000000000
74469  -26.454  17.053  -27.576 0.0000000000
74492  -28.586  17.393  -30.310 0.0000000000
71849  -28.320  14.489  -32.160 0.0000000000
70997  -28.877  12.855  -32.952 0.0000000000
68497  -31.169  11.044  -32.594 0.0000000000
65865  -27.902  7.168  -28.236 0.0000000000
65904  -29.919  7.415  -31.834 0.0000000000
109606  -25.556  10.876  -28.078 0.0000000000
67557  -23.803  9.915  -28.778 0.0000000000
59953  -27.984  0.530  -29.985 0.0000000000
60793  -28.909  1.627  -30.129 0.0000000000
59048  -30.064  -0.083  -29.369 0.0000000000
50208  -24.715  -10.445  -26.928 0.0000000000
51103  -25.311  -9.620  -26.444 0.0000000000
51932  -25.869  -8.228  -25.517 0.0000000000
60779  -25.648  1.073  -28.206 0.0000000000
59929  -24.669  0.547  -27.659 0.0000000000
79945  -25.477  24.947  -32.088 0.0000000000
115692  -24.125  20.165  -29.496 0.0000000000
78455  -26.231  22.492  -29.437 0.0000000000
77664  -26.283  21.131  -28.758 0.0000000000
77680  -28.188  21.713  -29.352 0.0000000000
76819  -27.239  20.313  -28.339 0.0000000000
72720  -26.767  15.592  -27.507 0.0000000000
74470  -28.379  17.370  -28.265 0.0000000000
73617  -28.529  16.389  -28.525 0.0000000000
127584  -28.386  16.170  -31.320 0.0000000000
72737  -28.903  15.135  -30.014 0.0000000000
69306  -29.134  10.976  -29.892 0.0000000000
70152  -29.050  12.128  -30.936 0.0000000000
69326  -29.089  11.250  -32.204 0.0000000000
69332  -30.384  11.292  -33.034 0.0000000000
68485  -29.525  10.133  -32.129 0.0000000000
64056  -25.194  5.889  -27.633 0.0000000000
65845  -25.497  7.274  -27.592 0.0000000000
64941  -26.663  6.248  -27.849 0.0000000000
63256  -29.552  4.843  -30.729 0.0000000000
64987  -28.862  6.002  -31.043 0.0000000000
64988  -30.339  6.409  -31.409 0.0000000000
65896  -31.118  7.410  -31.297 0.0000000000
64979  -30.969  6.530  -29.949 0.0000000000
54498  -26.359  -5.362  -26.224 0.0000000000
55316  -25.770  -3.831  -26.852 0.0000000000
55317  -26.618  -4.171  -27.271 0.0000000000
56186  -27.118  -3.858  -28.068 0.0000000000
70953  -26.323  13.297  -27.541 0.0000000000
70955  -28.559  13.496  -28.225 0.0000000000
70127  -26.563  12.394  -27.605 0.0000000000
68447  -27.561  10.842  -27.703 0.0000000000
67561  -28.460  10.163  -28.130 0.0000000000
62413  -27.028  3.600  -28.654 0.0000000000
63232  -27.267  4.329  -28.681 0.0000000000
117815  -28.364  3.185  -29.836 0.0000000000
62435  -29.111  3.107  -30.212 0.0000000000
62414  -30.574  3.035  -29.259 0.0000000000
52775  -26.513  -7.293  -25.649 0.0000000000
62410  -24.514  3.948  -27.715 0.0000000000
61606  -25.984  2.650  -28.161 0.0000000000
60791  -26.857  1.166  -29.023 0.0000000000
58119  -27.633  -1.101  -29.561 0.0000000000
81470  -22.355  26.529  -33.898 0.0000000000
79925  -22.224  23.962  -31.866 0.0000000000
80673  -23.208  25.156  -32.815 0.0000000000
124323  -25.515  26.102  -33.171 0.0000000000
80694  -26.381  26.134  -32.856 0.0000000000
80662  -27.270  25.214  -31.817 0.0000000000
78472  -25.472  22.896  -30.051 0.0000000000
79224  -26.755  23.702  -30.385 0.0000000000
79930  -28.253  24.494  -31.602 0.0000000000
78496  -28.970  22.960  -31.694 0.0000000000
77700  -29.048  21.327  -31.905 0.0000000000
76851  -28.894  20.469  -31.621 0.0000000000
75202  -25.604  18.424  -28.193 0.0000000000
117601  -27.923  18.886  -28.056 0.0000000000
120257  -28.714  18.988  -30.012 0.0000000000
107735  -28.304  18.669  -32.192 0.0000000000
75241  -27.775  17.675  -32.660 0.0000000000
72767  -27.837  14.907  -33.835 0.0000000000
70984  -28.907  13.539  -30.716 0.0000000000
121502  -28.607  13.219  -32.576 0.0000000000
66710  -25.088  8.820  -27.875 0.0000000000
117938  -27.681  8.753  -27.756 0.0000000000
66731  -28.792  8.180  -29.349 0.0000000000
111639  -28.466  5.828  -29.939 0.0000000000
65884  -28.823  7.486  -30.290 0.0000000000
66741  -29.373  8.813  -31.422 0.0000000000
66752  -30.693  8.553  -32.043 0.0000000000
68477  -31.845  9.881  -31.293 0.0000000000
58100  -25.561  -1.726  -28.235 0.0000000000
57178  -27.165  -2.541  -29.055 0.0000000000
57179  -28.751  -2.755  -29.127 0.0000000000
59046  -28.512  -0.736  -29.892 0.0000000000
59954  -28.660  0.215  -30.149 0.0000000000
59047  -29.304  -0.406  -29.836 0.0000000000
58122  -29.864  -0.930  -29.343 0.0000000000
121470  -29.689  -1.709  -29.153 0.0000000000
50209  -25.211  -11.249  -27.104 0.0000000000
115580  -25.792  -10.455  -26.950 0.0000000000
75977  -24.505  19.418  -29.152 0.0000000000
76831  -25.626  20.779  -28.841 0.0000000000
115858  -25.786  20.111  -28.577 0.0000000000
76818  -26.404  20.517  -28.513 0.0000000000
114369  -26.490  14.850  -27.487 0.0000000000
72719  -25.658  15.276  -27.531 0.0000000000
115323  -28.021  15.770  -27.797 0.0000000000
72721  -28.697  15.528  -28.840 0.0000000000
71815  -28.396  14.916  -28.229 0.0000000000
69319  -29.077  11.213  -31.239 0.0000000000
68484  -29.205  10.549  -31.795 0.0000000000
67594  -29.346  9.723  -31.521 0.0000000000
64057  -25.911  6.026  -27.666 0.0000000000
64078  -26.664  5.546  -28.032 0.0000000000
63257  -30.061  5.005  -30.595 0.0000000000
64107  -29.871  5.679  -31.188 0.0000000000
111325  -30.488  5.867  -30.661 0.0000000000
64989  -30.866  6.703  -31.020 0.0000000000
64098  -30.824  5.851  -29.554 0.0000000000
64963  -31.272  6.297  -28.757 0.0000000000
106884  -31.116  5.281  -28.732 0.0000000000
55299  -26.921  -4.855  -26.846 0.0000000000
70126  -25.369  12.536  -27.845 0.0000000000
69289  -25.793  11.704  -27.889 0.0000000000
121737  -25.423  10.201  -28.040 0.0000000000
107547  -26.462  11.088  -27.735 0.0000000000
68446  -26.457  10.331  -27.720 0.0000000000
114125  -27.541  10.084  -27.704 0.0000000000
61607  -26.802  2.790  -28.643 0.0000000000
124138  -27.574  2.970  -29.218 0.0000000000
61625  -28.034  2.485  -29.679 0.0000000000
60794  -29.559  1.319  -29.883 0.0000000000
61626  -28.686  2.406  -30.042 0.0000000000
61627  -29.512  2.259  -30.009 0.0000000000
62436  -29.831  3.223  -30.021 0.0000000000
61628  -30.163  2.480  -29.614 0.0000000000
61608  -30.697  2.217  -28.997 0.0000000000
60781  -30.758  1.402  -28.908 0.0000000000
50207  -23.493  -10.585  -26.642 0.0000000000
50206  -22.345  -10.821  -26.264 0.0000000000
52787  -27.223  -7.660  -25.824 0.0000000000
62411  -25.305  3.308  -27.770 0.0000000000
59941  -25.845  0.196  -28.459 0.0000000000
111181  -26.240  0.819  -28.633 0.0000000000
59942  -26.628  0.296  -28.979 0.0000000000
59044  -27.107  -0.350  -29.379 0.0000000000
58118  -26.855  -1.015  -29.232 0.0000000000
80690  -22.078  26.046  -33.153 0.0000000000
81488  -22.554  26.790  -34.924 0.0000000000
80691  -22.742  25.896  -33.370 0.0000000000
109456  -23.665  24.422  -32.349 0.0000000000
80692  -23.814  25.638  -33.303 0.0000000000
81472  -24.277  26.093  -33.654 0.0000000000
81473  -25.021  26.358  -33.633 0.0000000000
80693  -24.776  25.761  -33.232 0.0000000000
79927  -25.581  24.287  -31.448 0.0000000000
115791  -26.352  25.437  -32.230 0.0000000000
80676  -27.139  25.813  -32.380 0.0000000000
78454  -25.138  22.086  -29.700 0.0000000000
78473  -26.261  23.248  -29.952 0.0000000000
79225  -27.658  23.571  -30.321 0.0000000000
79929  -27.681  24.623  -31.386 0.0000000000
79916  -28.035  24.113  -30.940 0.0000000000
79241  -28.578  23.760  -31.361 0.0000000000
78475  -28.237  23.051  -30.220 0.0000000000
107926  -28.601  21.102  -29.828 0.0000000000
123667  -28.571  21.861  -29.936 0.0000000000
77694  -28.884  21.420  -30.747 0.0000000000
76844  -28.812  20.415  -30.568 0.0000000000
73614  -25.848  16.278  -27.545 0.0000000000
73613  -24.916  16.659  -28.074 0.0000000000
109871  -25.933  17.707  -27.720 0.0000000000
75203  -26.571  18.325  -27.660 0.0000000000
108449  -26.846  17.668  -27.580 0.0000000000
74480  -28.637  17.854  -29.239 0.0000000000
75226  -28.658  18.270  -30.190 0.0000000000
112440  -28.677  18.826  -30.922 0.0000000000
75232  -28.418  17.816  -31.425 0.0000000000
72754  -28.292  15.440  -31.962 0.0000000000
73653  -28.080  16.196  -32.208 0.0000000000
72759  -27.589  15.546  -32.905 0.0000000000
71854  -27.607  15.072  -33.426 0.0000000000
122863  -27.791  14.926  -32.807 0.0000000000
70971  -29.055  13.372  -29.478 0.0000000000
70996  -28.810  12.506  -32.453 0.0000000000
70991  -28.788  12.783  -31.670 0.0000000000
71001  -28.383  13.865  -33.195 0.0000000000
71002  -28.846  13.512  -33.433 0.0000000000
68487  -31.965  11.306  -31.782 0.0000000000
66709  -24.254  8.481  -28.268 0.0000000000
65864  -26.664  7.075  -27.692 0.0000000000
65846  -25.918  7.981  -27.536 0.0000000000
66711  -27.197  7.943  -27.712 0.0000000000
67576  -28.574  8.826  -28.452 0.0000000000
66712  -28.319  7.997  -28.266 0.0000000000
63249  -27.959  4.420  -29.383 0.0000000000
64095  -28.260  5.094  -29.605 0.0000000000
64992  -29.395  6.512  -31.453 0.0000000000
65894  -28.878  6.885  -31.084 0.0000000000
65903  -29.379  7.189  -31.529 0.0000000000
66740  -29.067  8.371  -30.539 0.0000000000
66750  -29.392  7.950  -31.461 0.0000000000
66751  -29.943  8.233  -31.970 0.0000000000
125165  -31.485  7.905  -30.884 0.0000000000
65906  -31.305  8.240  -31.533 0.0000000000
67587  -31.905  9.400  -30.630 0.0000000000
55332  -27.819  -3.849  -28.406 0.0000000000
56204  -27.496  -3.290  -28.723 0.0000000000
56205  -28.353  -3.470  -28.731 0.0000000000
115096  -27.974  -2.771  -29.185 0.0000000000
110757  -24.641  11.406  -28.408 0.0000000000
68445  -24.598  10.471  -28.426 0.0000000000
119874  -24.761  9.685  -28.237 0.0000000000
60792  -27.679  1.179  -29.662 0.0000000000
107191  -28.191  1.802  -29.836 0.0000000000
113598  -28.417  1.043  -30.052 0.0000000000
115325  -29.014  0.932  -30.132 0.0000000000
59956  -30.262  0.849  -29.338 0.0000000000
126425  -30.790  0.847  -28.844 0.0000000000
59036  -30.507  -0.670  -28.823 0.0000000000
116168  -24.098  -11.291  -26.752 0.0000000000
52774  -25.373  -7.363  -25.300 0.0000000000
127930  -25.388  -8.861  -25.789 0.0000000000
51945  -26.128  -9.000  -25.878 0.0000000000
124006  -24.624  2.170  -27.641 0.0000000000
60762  -24.370  1.437  -27.557 0.0000000000
59940  -25.281  0.546  -27.991 0.0000000000
59033  -25.154  -0.113  -27.962 0.0000000000
79942  -21.848  25.064  -32.431 0.0000000000
79250  -24.000  23.726  -31.880 0.0000000000
79944  -24.676  24.363  -31.968 0.0000000000
79239  -24.818  23.690  -31.353 0.0000000000
76830  -24.731  21.073  -29.434 0.0000000000
77677  -25.765  21.563  -29.134 0.0000000000
78456  -27.430  22.357  -29.270 0.0000000000
78457  -28.181  22.453  -29.739 0.0000000000
77679  -27.589  21.434  -28.856 0.0000000000
123307  -27.645  20.749  -28.644 0.0000000000
117132  -27.980  20.148  -28.566 0.0000000000
73616  -27.489  17.202  -27.676 0.0000000000
126077  -28.050  16.634  -27.830 0.0000000000
112022  -28.635  16.946  -29.356 0.0000000000
74499  -28.371  16.859  -31.340 0.0000000000
73645  -28.572  16.547  -30.425 0.0000000000
72748  -28.588  15.747  -30.728 0.0000000000
121933  -28.608  15.035  -31.148 0.0000000000
69292  -29.009  11.809  -28.923 0.0000000000
70141  -29.125  12.438  -29.753 0.0000000000
107258  -29.149  11.703  -30.156 0.0000000000
70160  -28.915  11.928  -31.978 0.0000000000
70166  -29.091  11.985  -32.604 0.0000000000
70167  -29.372  12.211  -33.118 0.0000000000
69331  -29.543  11.278  -32.821 0.0000000000
68495  -29.683  10.562  -32.505 0.0000000000
67604  -30.127  10.015  -32.333 0.0000000000
65844  -24.688  7.364  -27.769 0.0000000000
64940  -25.083  6.647  -27.622 0.0000000000
127603  -25.948  6.648  -27.612 0.0000000000
64962  -27.517  6.422  -28.284 0.0000000000
63255  -29.091  4.594  -30.661 0.0000000000
64096  -28.785  5.185  -30.565 0.0000000000
64106  -29.291  5.381  -31.031 0.0000000000
64110  -29.481  5.975  -31.344 0.0000000000
64994  -30.204  6.914  -31.716 0.0000000000
65905  -30.596  7.640  -31.782 0.0000000000
65895  -30.644  6.988  -31.550 0.0000000000
65885  -31.283  7.336  -30.270 0.0000000000
107929  -31.542  7.703  -29.185 0.0000000000
107791  -31.316  7.019  -29.304 0.0000000000
110311  -26.296  -4.531  -26.658 0.0000000000
56185  -26.159  -3.497  -27.824 0.0000000000
57161  -25.827  -2.691  -28.161 0.0000000000
55318  -27.855  -4.377  -28.001 0.0000000000
71813  -25.630  14.265  -27.565 0.0000000000
116167  -26.947  14.182  -27.501 0.0000000000
118350  -28.082  14.220  -27.788 0.0000000000
70954  -27.589  13.500  -27.589 0.0000000000
120661  -27.264  12.876  -27.567 0.0000000000
70128  -27.617  12.288  -27.647 0.0000000000
69290  -27.030  11.660  -27.608 0.0000000000
69291  -28.165  11.626  -27.836 0.0000000000
68448  -28.780  10.903  -28.535 0.0000000000
68465  -29.076  10.032  -29.451 0.0000000000
63231  -26.422  4.310  -28.176 0.0000000000
110165  -26.750  4.895  -28.230 0.0000000000
62433  -27.739  3.732  -29.289 0.0000000000
62434  -28.326  3.917  -29.821 0.0000000000
62445  -28.841  3.832  -30.324 0.0000000000
62446  -29.357  3.958  -30.441 0.0000000000
62447  -29.883  4.186  -30.352 0.0000000000
108513  -30.396  3.828  -29.638 0.0000000000
63233  -30.764  4.494  -29.168 0.0000000000
62415  -30.972  3.714  -28.750 0.0000000000
59944  -31.240  0.912  -28.341 0.0000000000
127912  -22.075  -11.508  -26.071 0.0000000000
55286  -24.967  -4.735  -25.744 0.0000000000
53688  -25.081  -6.319  -25.245 0.0000000000
118782  -25.979  -6.323  -25.627 0.0000000000
53699  -26.862  -6.255  -26.030 0.0000000000
108350  -27.392  -6.915  -26.028 0.0000000000
63230  -25.403  4.327  -27.736 0.0000000000
62412  -26.166  3.504  -28.160 0.0000000000
116083  -26.519  1.983  -28.618 0.0000000000
111540  -25.800  1.865  -28.173 0.0000000000
111739  -26.219  1.377  -28.522 0.0000000000
59952  -27.339  0.443  -29.508 0.0000000000
59045  -27.867  -0.182  -29.878 0.0000000000
58120  -28.419  -1.594  -29.615 0.0000000000
81469  -22.029  26.714  -33.648 0.0000000000
79924  -21.810  24.611  -31.966 0.0000000000
79943  -22.517  24.643  -32.326 0.0000000000
80707  -23.515  26.127  -33.913 0.0000000000
80675  -25.493  25.574  -32.713 0.0000000000
117340  -25.917  26.646  -33.468 0.0000000000
81492  -26.344  27.241  -33.917 0.0000000000
81474  -26.845  26.776  -33.390 0.0000000000
81460  -27.421  26.286  -32.918 0.0000000000
80677  -27.956  25.642  -32.398 0.0000000000
79222  -24.826  23.048  -30.766 0.0000000000
79223  -25.733  23.600  -30.696 0.0000000000
79240  -26.463  24.238  -31.020 0.0000000000
79928  -27.049  24.653  -31.301 0.0000000000
122345  -27.972  25.045  -31.840 0.0000000000
109473  -28.633  25.390  -32.923 0.0000000000
79947  -28.930  24.593  -32.817 0.0000000000
78506  -29.162  22.912  -32.563 0.0000000000
109144  -28.616  22.373  -30.419 0.0000000000
116131  -28.944  22.225  -31.281 0.0000000000
74467  -24.860  17.616  -28.437 0.0000000000
75201  -24.718  18.626  -28.795 0.0000000000
114210  -26.251  18.969  -27.981 0.0000000000
75968  -27.588  19.582  -28.162 0.0000000000
75969  -28.265  19.319  -28.674 0.0000000000
75205  -28.336  18.375  -28.483 0.0000000000
75214  -28.609  18.722  -29.291 0.0000000000
75991  -28.729  19.603  -30.321 0.0000000000
75998  -28.745  19.596  -31.364 0.0000000000
76005  -28.524  19.639  -32.439 0.0000000000
74506  -27.968  16.955  -32.368 0.0000000000
73661  -27.403  16.238  -33.031 0.0000000000
73677  -27.359  16.301  -34.164 0.0000000000
72776  -27.717  15.517  -34.141 0.0000000000
118918  -28.794  14.201  -28.722 0.0000000000
71832  -28.978  14.253  -29.810 0.0000000000
71845  -28.707  14.340  -30.940 0.0000000000
118938  -29.078  12.847  -30.511 0.0000000000
114674  -28.567  13.667  -31.871 0.0000000000
111764  -28.307  13.889  -32.701 0.0000000000
71855  -27.913  14.426  -33.090 0.0000000000
70176  -30.810  12.610  -33.310 0.0000000000
106255  -24.062  9.138  -28.551 0.0000000000
66695  -24.850  7.971  -27.800 0.0000000000
113302  -26.448  8.778  -27.606 0.0000000000
67559  -27.031  9.512  -27.614 0.0000000000
67560  -28.099  9.482  -27.857 0.0000000000
124541  -28.745  9.520  -28.620 0.0000000000
67577  -28.975  9.056  -29.499 0.0000000000
64079  -27.504  5.104  -28.665 0.0000000000
111959  -28.009  5.768  -28.892 0.0000000000
64978  -28.360  6.494  -29.010 0.0000000000
113423  -28.614  6.643  -30.171 0.0000000000
65883  -28.592  7.318  -29.156 0.0000000000
67586  -29.183  9.380  -30.569 0.0000000000
67595  -29.883  9.225  -32.102 0.0000000000
67596  -30.745  9.362  -32.216 0.0000000000
119239  -31.234  8.904  -31.911 0.0000000000
68486  -31.621  10.423  -31.893 0.0000000000
59034  -25.689  -0.741  -28.390 0.0000000000
56203  -26.644  -3.052  -28.507 0.0000000000
57177  -26.363  -2.208  -28.756 0.0000000000
58102  -26.973  -1.722  -29.211 0.0000000000
57196  -27.745  -2.016  -29.390 0.0000000000
57197  -28.391  -2.261  -29.400 0.0000000000
58121  -29.022  -2.065  -29.434 0.0000000000
54484  -25.482  -5.457  -25.689 0.0000000000
55297  -25.037  -4.041  -26.247 0.0000000000
55334  -28.897  -3.947  -28.277 0.0000000000
56206  -29.204  -3.263  -28.621 0.0000000000
58101  -26.278  -1.330  -28.830 0.0000000000
59955  -29.491  0.469  -29.867 0.0000000000
60763  -25.137  1.673  -27.820 0.0000000000
60778  -25.046  1.052  -27.786 0.0000000000
63251  -30.299  4.517  -29.942 0.0000000000
64111  -29.880  6.363  -31.550 0.0000000000
64993  -29.801  6.843  -31.695 0.0000000000
66708  -23.468  8.629  -28.729 0.0000000000
66742  -31.708  8.580  -30.814 0.0000000000
67597  -31.389  9.584  -31.922 0.0000000000
67605  -30.915  10.138  -32.392 0.0000000000
68496  -30.240  10.666  -32.729 0.0000000000
70168  -30.126  11.941  -33.216 0.0000000000
71861  -27.911  14.625  -33.573 0.0000000000
71868  -27.715  15.002  -33.699 0.0000000000
72766  -27.537  15.485  -33.818 0.0000000000
73615  -27.118  16.422  -27.583 0.0000000000
73634  -28.710  16.064  -29.634 0.0000000000
73668  -27.232  16.295  -33.911 0.0000000000
74468  -25.551  17.076  -27.751 0.0000000000
74505  -27.263  16.960  -33.314 0.0000000000
75204  -27.663  18.117  -27.756 0.0000000000
75967  -26.555  19.712  -28.172 0.0000000000
75978  -25.010  20.159  -28.976 0.0000000000
75979  -28.561  19.489  -29.463 0.0000000000
76820  -28.228  20.798  -29.057 0.0000000000
76821  -28.360  20.016  -29.030 0.0000000000
77665  -26.989  20.991  -28.628 0.0000000000
77678  -26.708  21.726  -28.885 0.0000000000
78487  -28.625  23.025  -30.894 0.0000000000
79213  -27.039  23.169  -29.721 0.0000000000
79226  -28.255  23.546  -30.693 0.0000000000
79915  -27.316  24.192  -30.843 0.0000000000
80678  -28.438  24.966  -32.215 0.0000000000
80695  -28.265  26.153  -33.304 0.0000000000
81475  -27.679  26.714  -33.575 0.0000000000
106145  -31.623  9.048  -31.439 0.0000000000
111367  -27.146  18.968  -27.755 0.0000000000
111463  -29.008  7.588  -31.076 0.0000000000
111960  -27.270  5.825  -28.323 0.0000000000
115886  -28.728  24.220  -32.100 0.0000000000
116039  -24.724  22.483  -30.303 0.0000000000
116802  -28.149  12.864  -27.790 0.0000000000
120346  -28.944  23.544  -32.068 0.0000000000
120720  -27.309  17.520  -33.326 0.0000000000
120756  -28.438  12.268  -28.073 0.0000000000
123075  -28.840  14.821  -29.110 0.0000000000
123549  -22.849  -11.417  -26.428 0.0000000000
124334  -29.335  10.750  -32.330 0.0000000000
