#!ascii label  , from subject sub-p019 vox2ras=TkReg
233
19259  33.275  -50.940  -14.336 0.0000000000
18354  28.537  -51.005  -18.685 0.0000000000
16587  38.988  -52.866  -19.592 0.0000000000
20278  35.468  -49.976  -16.850 0.0000000000
16620  32.253  -53.770  -22.062 0.0000000000
16609  35.511  -53.926  -20.171 0.0000000000
14872  33.767  -55.525  -23.194 0.0000000000
127023  31.949  -50.784  -17.411 0.0000000000
22269  35.210  -47.738  -14.835 0.0000000000
16563  36.451  -53.049  -17.123 0.0000000000
18347  37.716  -51.158  -18.555 0.0000000000
17481  34.077  -52.335  -18.726 0.0000000000
17494  30.797  -52.262  -19.581 0.0000000000
16623  29.405  -53.966  -21.989 0.0000000000
19220  30.699  -50.429  -12.600 0.0000000000
15708  33.481  -54.135  -15.672 0.0000000000
14817  36.768  -55.681  -17.986 0.0000000000
20195  37.498  -49.488  -12.996 0.0000000000
14864  35.199  -55.519  -22.149 0.0000000000
19313  30.696  -50.971  -17.736 0.0000000000
20264  31.601  -49.287  -16.332 0.0000000000
16577  38.196  -52.767  -18.268 0.0000000000
17478  38.637  -51.619  -18.976 0.0000000000
16611  33.530  -53.706  -20.707 0.0000000000
17491  34.547  -52.830  -19.189 0.0000000000
16604  33.124  -53.189  -20.048 0.0000000000
17483  32.234  -52.318  -19.128 0.0000000000
17500  31.305  -52.752  -20.393 0.0000000000
16624  28.342  -53.930  -21.769 0.0000000000
14789  34.579  -55.586  -15.467 0.0000000000
14804  35.466  -55.599  -16.966 0.0000000000
14788  36.133  -56.251  -16.270 0.0000000000
108172  36.812  -50.509  -16.294 0.0000000000
20251  36.181  -49.393  -15.463 0.0000000000
113471  36.156  -46.765  -14.282 0.0000000000
22248  36.712  -47.804  -13.942 0.0000000000
15752  38.464  -54.040  -20.663 0.0000000000
16600  37.361  -52.728  -19.836 0.0000000000
15754  36.019  -54.500  -20.658 0.0000000000
15762  34.492  -54.970  -22.011 0.0000000000
15764  32.696  -54.371  -22.743 0.0000000000
19298  33.753  -50.642  -17.321 0.0000000000
21223  35.331  -48.985  -15.759 0.0000000000
21225  33.238  -48.782  -15.925 0.0000000000
22271  33.323  -47.341  -15.375 0.0000000000
18364  27.586  -51.307  -19.681 0.0000000000
18321  34.961  -51.786  -15.450 0.0000000000
19276  37.295  -50.897  -16.788 0.0000000000
18339  36.400  -50.789  -17.975 0.0000000000
121700  36.691  -52.351  -19.475 0.0000000000
17480  35.816  -51.486  -18.436 0.0000000000
18341  34.215  -51.185  -17.775 0.0000000000
18350  32.691  -51.834  -18.343 0.0000000000
18360  30.901  -51.744  -18.787 0.0000000000
18361  30.047  -51.770  -18.970 0.0000000000
16622  30.400  -53.864  -22.158 0.0000000000
16615  29.864  -53.222  -21.052 0.0000000000
17502  29.198  -52.791  -20.304 0.0000000000
17497  27.805  -52.050  -19.866 0.0000000000
21168  31.697  -48.737  -12.478 0.0000000000
18289  32.229  -51.146  -14.169 0.0000000000
17423  31.948  -53.027  -14.200 0.0000000000
17422  33.050  -52.371  -15.000 0.0000000000
16565  34.636  -54.055  -16.674 0.0000000000
16579  36.167  -54.075  -17.612 0.0000000000
127923  38.691  -54.101  -18.966 0.0000000000
14823  39.520  -55.089  -19.173 0.0000000000
15740  39.488  -53.609  -19.985 0.0000000000
21198  36.946  -48.946  -13.778 0.0000000000
20220  33.671  -49.633  -13.345 0.0000000000
19238  34.031  -50.253  -13.877 0.0000000000
19314  29.858  -50.767  -17.830 0.0000000000
19301  30.380  -50.318  -17.322 0.0000000000
16576  38.705  -52.103  -18.860 0.0000000000
17487  38.824  -52.152  -19.368 0.0000000000
16619  33.124  -53.937  -21.766 0.0000000000
16612  32.679  -53.412  -21.001 0.0000000000
17493  32.233  -52.832  -20.148 0.0000000000
16613  31.789  -53.261  -21.192 0.0000000000
15776  27.315  -54.828  -22.858 0.0000000000
108170  35.431  -55.990  -15.367 0.0000000000
19277  36.506  -50.241  -16.785 0.0000000000
20259  36.501  -49.907  -16.021 0.0000000000
20260  35.934  -49.600  -16.214 0.0000000000
23284  36.878  -46.895  -14.121 0.0000000000
15753  37.217  -54.264  -20.664 0.0000000000
15760  36.550  -55.067  -21.140 0.0000000000
14871  34.568  -55.655  -22.898 0.0000000000
15770  33.906  -55.103  -22.857 0.0000000000
15763  33.565  -54.547  -22.402 0.0000000000
15771  33.153  -55.033  -23.204 0.0000000000
19299  32.748  -50.723  -17.317 0.0000000000
20262  33.775  -49.417  -16.430 0.0000000000
20263  32.679  -49.430  -16.328 0.0000000000
21226  32.182  -48.656  -15.866 0.0000000000
21214  32.766  -47.985  -15.620 0.0000000000
23299  33.779  -46.550  -15.099 0.0000000000
17439  35.653  -52.066  -15.980 0.0000000000
121153  36.312  -52.264  -16.493 0.0000000000
19295  37.273  -50.669  -17.324 0.0000000000
19312  37.240  -50.755  -18.045 0.0000000000
16608  36.679  -53.671  -20.205 0.0000000000
16601  36.119  -53.151  -19.715 0.0000000000
17492  33.600  -52.859  -19.304 0.0000000000
122467  35.046  -52.181  -18.746 0.0000000000
18348  34.655  -51.680  -18.283 0.0000000000
18349  33.644  -51.821  -18.248 0.0000000000
113853  31.610  -52.435  -19.682 0.0000000000
17484  31.454  -52.099  -19.125 0.0000000000
17495  29.725  -52.347  -19.714 0.0000000000
13976  28.636  -55.589  -22.537 0.0000000000
126883  29.027  -54.773  -22.596 0.0000000000
120756  29.191  -55.211  -22.696 0.0000000000
16633  30.018  -54.684  -22.806 0.0000000000
16617  27.830  -53.258  -20.999 0.0000000000
16616  28.802  -53.326  -21.032 0.0000000000
17503  28.276  -52.738  -20.331 0.0000000000
17504  27.411  -52.488  -20.559 0.0000000000
21150  31.360  -48.194  -11.917 0.0000000000
20200  31.304  -49.564  -12.755 0.0000000000
20222  31.963  -49.861  -13.330 0.0000000000
19240  31.712  -50.653  -13.633 0.0000000000
15699  33.154  -54.565  -14.978 0.0000000000
16543  32.380  -53.636  -14.490 0.0000000000
16542  32.852  -53.835  -15.055 0.0000000000
123397  32.390  -52.485  -14.606 0.0000000000
16554  33.404  -53.133  -15.516 0.0000000000
16553  34.122  -53.611  -16.189 0.0000000000
14818  36.055  -55.448  -17.670 0.0000000000
15722  35.646  -54.837  -17.477 0.0000000000
15721  36.626  -54.773  -18.056 0.0000000000
15720  37.938  -54.133  -18.490 0.0000000000
14825  37.403  -55.185  -18.330 0.0000000000
14822  40.437  -55.467  -19.306 0.0000000000
15739  39.900  -54.589  -19.897 0.0000000000
21212  34.747  -48.272  -15.403 0.0000000000
21211  35.687  -48.610  -14.991 0.0000000000
21199  36.118  -48.200  -14.286 0.0000000000
22230  37.644  -48.985  -13.422 0.0000000000
19300  31.236  -50.561  -17.297 0.0000000000
19280  32.048  -50.123  -16.883 0.0000000000
17475  37.600  -52.380  -17.524 0.0000000000
17459  37.158  -51.913  -16.817 0.0000000000
17474  38.182  -51.914  -18.030 0.0000000000
18359  38.216  -51.428  -19.002 0.0000000000
16610  34.450  -53.951  -20.352 0.0000000000
16602  35.034  -53.372  -19.651 0.0000000000
16603  34.012  -53.401  -19.798 0.0000000000
17482  33.155  -52.379  -18.818 0.0000000000
15766  27.823  -54.461  -22.314 0.0000000000
16625  27.418  -53.643  -21.713 0.0000000000
14790  33.798  -55.019  -15.523 0.0000000000
15717  34.170  -54.501  -16.229 0.0000000000
124158  35.106  -55.726  -16.177 0.0000000000
13889  36.801  -56.355  -17.004 0.0000000000
20250  36.622  -49.958  -15.224 0.0000000000
20236  36.721  -49.680  -13.886 0.0000000000
22249  35.709  -47.211  -14.426 0.0000000000
23267  37.621  -47.997  -13.708 0.0000000000
16606  39.037  -53.282  -20.230 0.0000000000
16599  38.578  -52.437  -19.738 0.0000000000
16607  38.005  -53.299  -20.295 0.0000000000
15761  35.483  -55.122  -21.366 0.0000000000
15755  34.926  -54.569  -20.874 0.0000000000
15756  33.975  -54.303  -21.323 0.0000000000
19278  34.318  -50.020  -16.871 0.0000000000
20261  34.886  -49.412  -16.414 0.0000000000
21224  34.294  -48.795  -15.997 0.0000000000
22270  34.250  -47.504  -15.197 0.0000000000
22250  34.774  -46.861  -14.809 0.0000000000
23285  35.434  -46.177  -14.639 0.0000000000
19324  27.833  -50.740  -19.220 0.0000000000
119073  34.459  -51.475  -15.028 0.0000000000
19258  34.513  -50.866  -14.486 0.0000000000
122560  36.791  -50.550  -17.507 0.0000000000
19296  35.950  -50.441  -17.385 0.0000000000
17479  36.601  -51.693  -19.044 0.0000000000
17490  35.650  -52.550  -19.199 0.0000000000
127805  35.742  -51.993  -18.841 0.0000000000
119913  36.948  -51.041  -18.572 0.0000000000
18340  35.309  -51.019  -17.845 0.0000000000
19297  34.830  -50.514  -17.368 0.0000000000
18342  33.215  -51.289  -17.762 0.0000000000
18343  32.292  -51.276  -17.822 0.0000000000
18351  31.722  -51.688  -18.461 0.0000000000
110919  31.473  -51.155  -17.781 0.0000000000
125846  31.018  -51.398  -18.191 0.0000000000
18352  30.316  -51.337  -18.292 0.0000000000
18353  29.436  -51.219  -18.426 0.0000000000
16631  31.811  -54.423  -22.910 0.0000000000
16621  31.342  -53.790  -22.207 0.0000000000
16614  30.874  -53.230  -21.253 0.0000000000
17501  30.427  -52.742  -20.383 0.0000000000
123731  29.827  -52.761  -20.341 0.0000000000
17496  28.670  -52.252  -19.673 0.0000000000
18363  28.202  -51.538  -19.304 0.0000000000
22186  31.918  -47.290  -11.746 0.0000000000
21149  32.195  -48.041  -12.277 0.0000000000
20199  32.211  -49.163  -12.945 0.0000000000
19239  32.771  -50.256  -13.759 0.0000000000
16528  31.607  -53.259  -13.327 0.0000000000
18290  31.439  -51.542  -13.723 0.0000000000
17424  31.915  -52.073  -14.247 0.0000000000
18308  32.702  -51.746  -14.588 0.0000000000
18307  33.629  -51.571  -14.827 0.0000000000
18322  33.939  -52.152  -15.337 0.0000000000
17440  34.472  -52.650  -15.902 0.0000000000
17460  35.215  -53.121  -16.557 0.0000000000
15716  34.859  -54.848  -16.819 0.0000000000
16564  35.393  -54.027  -17.120 0.0000000000
16578  37.183  -53.548  -17.839 0.0000000000
16588  38.808  -53.186  -18.967 0.0000000000
14824  38.422  -54.970  -18.762 0.0000000000
15726  39.257  -53.985  -19.520 0.0000000000
21210  36.450  -49.209  -14.547 0.0000000000
21188  37.401  -49.511  -13.190 0.0000000000
14803  36.330  -56.039  -17.304 0.0000000000
14805  34.502  -55.207  -16.191 0.0000000000
16555  32.612  -53.108  -14.843 0.0000000000
16598  39.092  -52.966  -19.832 0.0000000000
17488  38.580  -51.786  -19.226 0.0000000000
18362  29.074  -51.735  -19.057 0.0000000000
19219  31.283  -50.288  -13.150 0.0000000000
19279  33.225  -50.103  -16.817 0.0000000000
19315  28.992  -50.491  -18.067 0.0000000000
20221  32.757  -49.551  -13.266 0.0000000000
21213  33.759  -48.146  -15.587 0.0000000000
118541  32.854  -52.733  -19.475 0.0000000000
119641  30.959  -51.022  -13.223 0.0000000000
124315  39.663  -54.166  -20.132 0.0000000000
127084  32.470  -48.586  -12.644 0.0000000000
127293  37.408  -51.266  -19.222 0.0000000000
130432  34.944  -55.358  -16.555 0.0000000000
