#!ascii label  , from subject sub-p019 vox2ras=TkReg
243
71010  31.873  6.206  -27.484 0.0000000000
63368  27.833  -2.390  -26.481 0.0000000000
76050  30.697  11.829  -27.670 0.0000000000
116238  30.923  22.180  -28.936 0.0000000000
120507  26.483  -3.348  -25.838 0.0000000000
76930  33.991  13.722  -28.452 0.0000000000
79269  33.913  16.066  -28.541 0.0000000000
109431  28.570  4.951  -27.158 0.0000000000
118956  29.707  2.040  -26.767 0.0000000000
67491  31.278  2.928  -28.119 0.0000000000
122040  33.999  7.794  -29.466 0.0000000000
70195  33.556  5.040  -30.155 0.0000000000
73356  31.642  9.269  -27.430 0.0000000000
74267  33.750  10.526  -27.995 0.0000000000
81535  31.127  19.756  -28.255 0.0000000000
80773  34.251  18.948  -28.976 0.0000000000
64222  29.540  -1.257  -27.327 0.0000000000
125390  32.484  15.682  -27.680 0.0000000000
119970  32.066  16.868  -28.050 0.0000000000
70171  30.165  5.867  -26.955 0.0000000000
69290  30.390  4.167  -26.819 0.0000000000
111203  31.656  4.738  -27.570 0.0000000000
62460  27.237  -2.899  -26.195 0.0000000000
74259  30.920  10.672  -27.566 0.0000000000
121303  33.128  9.841  -27.598 0.0000000000
75168  32.280  11.369  -27.387 0.0000000000
77778  34.408  14.577  -29.595 0.0000000000
127193  34.418  13.214  -29.809 0.0000000000
117270  29.439  21.822  -29.381 0.0000000000
81537  29.302  19.493  -28.753 0.0000000000
82321  30.690  20.461  -28.503 0.0000000000
124693  34.506  22.771  -31.670 0.0000000000
83199  34.589  21.179  -31.111 0.0000000000
82329  34.115  20.459  -29.164 0.0000000000
81559  34.490  19.622  -30.298 0.0000000000
80797  34.510  18.707  -30.796 0.0000000000
66670  30.616  0.777  -28.059 0.0000000000
65852  29.939  0.384  -27.459 0.0000000000
111181  25.524  -3.496  -25.434 0.0000000000
112460  32.343  12.945  -27.429 0.0000000000
77766  31.892  14.085  -27.485 0.0000000000
78539  33.772  15.229  -28.244 0.0000000000
79268  34.309  16.172  -29.307 0.0000000000
114244  28.358  2.852  -26.569 0.0000000000
68334  29.391  3.416  -26.569 0.0000000000
124543  30.642  2.559  -27.564 0.0000000000
67506  31.182  1.996  -28.482 0.0000000000
120152  33.041  6.748  -27.975 0.0000000000
115864  32.861  5.544  -28.380 0.0000000000
71021  33.612  6.327  -29.343 0.0000000000
71000  30.036  6.683  -27.273 0.0000000000
119617  29.758  8.004  -27.587 0.0000000000
116734  31.509  7.765  -27.414 0.0000000000
72537  32.908  8.414  -27.639 0.0000000000
73367  33.830  9.068  -28.567 0.0000000000
73380  34.369  9.692  -29.973 0.0000000000
117143  33.842  12.045  -28.050 0.0000000000
75191  34.471  11.428  -30.265 0.0000000000
118738  30.159  18.105  -28.307 0.0000000000
83181  32.944  21.911  -28.712 0.0000000000
82319  32.629  20.465  -28.396 0.0000000000
119721  32.751  18.969  -28.136 0.0000000000
118260  32.249  18.201  -28.042 0.0000000000
123889  33.559  17.476  -28.386 0.0000000000
113040  34.391  16.992  -29.731 0.0000000000
65049  28.123  -0.467  -26.340 0.0000000000
66654  28.383  1.429  -26.244 0.0000000000
69305  32.525  3.876  -29.072 0.0000000000
66694  32.776  1.751  -29.415 0.0000000000
124990  30.800  16.055  -28.242 0.0000000000
115649  31.184  16.779  -28.195 0.0000000000
70170  31.328  5.558  -27.299 0.0000000000
109170  30.870  4.885  -27.054 0.0000000000
70184  32.281  5.275  -27.817 0.0000000000
61528  25.044  -5.069  -25.171 0.0000000000
61527  25.880  -5.018  -25.488 0.0000000000
75170  30.638  11.174  -27.699 0.0000000000
74258  31.821  10.654  -27.389 0.0000000000
76049  31.638  11.870  -27.429 0.0000000000
77791  34.344  14.562  -30.608 0.0000000000
76943  34.430  13.821  -30.227 0.0000000000
83183  30.201  21.642  -28.959 0.0000000000
82330  29.549  21.083  -29.066 0.0000000000
127106  30.250  20.980  -28.746 0.0000000000
83174  31.114  21.296  -28.653 0.0000000000
82338  34.522  20.412  -30.737 0.0000000000
81566  34.420  19.540  -31.365 0.0000000000
65861  31.195  0.308  -28.449 0.0000000000
65851  30.706  -0.131  -28.163 0.0000000000
64195  26.713  -1.542  -25.676 0.0000000000
76917  31.680  13.365  -27.465 0.0000000000
115834  31.057  14.574  -27.649 0.0000000000
119504  33.332  15.885  -27.922 0.0000000000
115734  33.141  15.078  -27.663 0.0000000000
78538  34.282  15.332  -28.968 0.0000000000
84016  30.817  22.972  -29.248 0.0000000000
69282  28.666  4.212  -26.817 0.0000000000
69289  31.379  3.910  -27.597 0.0000000000
68348  30.829  3.351  -27.363 0.0000000000
67505  31.885  2.380  -28.901 0.0000000000
62447  26.125  -4.192  -25.700 0.0000000000
71772  33.442  6.933  -28.612 0.0000000000
71782  33.852  7.129  -29.427 0.0000000000
71001  29.220  6.439  -27.502 0.0000000000
73357  30.655  9.368  -27.564 0.0000000000
72523  30.135  8.710  -27.602 0.0000000000
121029  30.579  8.092  -27.469 0.0000000000
72522  31.082  8.624  -27.454 0.0000000000
125521  32.437  7.846  -27.529 0.0000000000
72521  32.043  8.515  -27.440 0.0000000000
121434  33.682  9.686  -28.100 0.0000000000
74266  34.182  9.894  -28.922 0.0000000000
118802  33.123  12.936  -27.545 0.0000000000
76059  33.409  12.313  -27.688 0.0000000000
76074  33.861  12.840  -28.087 0.0000000000
112052  34.409  12.389  -29.894 0.0000000000
127410  34.507  10.763  -30.624 0.0000000000
81536  30.224  19.819  -28.434 0.0000000000
119049  28.470  18.886  -29.186 0.0000000000
80762  30.363  18.976  -28.270 0.0000000000
84024  34.491  22.648  -30.651 0.0000000000
115851  33.844  22.002  -29.272 0.0000000000
83180  33.671  21.196  -28.957 0.0000000000
81544  33.948  19.703  -28.795 0.0000000000
81533  33.162  19.720  -28.395 0.0000000000
120332  33.659  18.938  -28.490 0.0000000000
117029  33.225  18.176  -28.249 0.0000000000
79993  33.994  18.094  -28.749 0.0000000000
80036  34.360  17.751  -31.267 0.0000000000
80023  34.465  17.898  -30.119 0.0000000000
120572  34.402  16.962  -30.763 0.0000000000
65033  27.380  -0.327  -25.859 0.0000000000
67475  29.160  2.780  -26.486 0.0000000000
121190  28.825  2.171  -26.387 0.0000000000
66653  29.434  1.299  -26.738 0.0000000000
65056  30.163  -0.669  -27.679 0.0000000000
65836  29.116  0.485  -26.638 0.0000000000
65047  29.411  -0.383  -27.123 0.0000000000
65048  28.843  -0.935  -26.924 0.0000000000
70182  33.254  5.429  -29.269 0.0000000000
70183  32.741  4.779  -28.669 0.0000000000
69319  32.964  4.476  -29.732 0.0000000000
78526  31.280  15.454  -27.827 0.0000000000
79256  31.779  16.232  -27.945 0.0000000000
79255  32.717  16.472  -27.875 0.0000000000
117413  29.924  5.106  -26.710 0.0000000000
69291  29.325  4.718  -26.710 0.0000000000
112660  26.826  -4.023  -25.900 0.0000000000
62446  27.344  -3.546  -26.082 0.0000000000
62445  27.943  -3.554  -26.153 0.0000000000
72560  34.261  8.316  -29.853 0.0000000000
71790  34.336  7.514  -29.928 0.0000000000
74260  30.249  10.135  -27.821 0.0000000000
118574  31.246  10.006  -27.460 0.0000000000
120791  32.244  9.935  -27.408 0.0000000000
74257  32.826  10.641  -27.450 0.0000000000
76929  34.379  13.820  -29.283 0.0000000000
76073  34.325  13.028  -29.004 0.0000000000
76087  34.294  13.001  -30.720 0.0000000000
84029  34.598  21.953  -31.395 0.0000000000
117912  34.556  21.793  -30.670 0.0000000000
83179  34.250  21.220  -29.536 0.0000000000
82328  34.452  20.454  -29.829 0.0000000000
81543  34.340  19.692  -29.401 0.0000000000
80789  34.463  18.872  -29.768 0.0000000000
66671  30.120  1.366  -27.413 0.0000000000
62448  25.327  -4.332  -25.375 0.0000000000
63353  26.570  -2.373  -25.751 0.0000000000
117766  27.218  -2.124  -25.986 0.0000000000
119676  30.324  12.593  -27.820 0.0000000000
76061  31.431  12.583  -27.485 0.0000000000
76916  32.618  13.552  -27.490 0.0000000000
76915  33.433  13.642  -27.739 0.0000000000
118736  32.173  14.873  -27.532 0.0000000000
77765  32.889  14.288  -27.547 0.0000000000
77764  33.626  14.427  -27.968 0.0000000000
77779  34.157  14.527  -28.704 0.0000000000
78553  34.408  15.363  -29.932 0.0000000000
121861  30.081  22.395  -29.320 0.0000000000
122450  31.542  22.688  -28.901 0.0000000000
68335  28.476  3.442  -26.708 0.0000000000
67474  30.016  2.668  -26.785 0.0000000000
69281  29.614  3.982  -26.636 0.0000000000
68333  30.253  3.327  -26.830 0.0000000000
127122  30.260  2.048  -27.293 0.0000000000
67492  30.626  1.650  -27.976 0.0000000000
66681  31.238  1.057  -28.511 0.0000000000
65860  31.895  0.389  -28.681 0.0000000000
71009  32.657  6.144  -27.878 0.0000000000
71008  33.192  6.173  -28.513 0.0000000000
108520  33.735  5.787  -29.963 0.0000000000
71034  34.230  6.549  -30.091 0.0000000000
70206  34.323  5.585  -30.292 0.0000000000
69333  34.324  4.674  -30.431 0.0000000000
70999  30.887  6.443  -27.254 0.0000000000
71764  29.474  7.233  -27.614 0.0000000000
118608  30.514  7.321  -27.390 0.0000000000
114329  31.457  6.946  -27.357 0.0000000000
71763  32.384  7.008  -27.547 0.0000000000
71762  33.151  7.552  -27.902 0.0000000000
72536  33.505  8.361  -28.229 0.0000000000
73355  32.581  9.175  -27.518 0.0000000000
73368  33.339  9.085  -27.828 0.0000000000
72549  33.929  8.369  -29.056 0.0000000000
73381  34.152  9.042  -29.534 0.0000000000
73392  34.538  9.046  -30.445 0.0000000000
76060  32.552  12.221  -27.436 0.0000000000
75179  33.349  11.506  -27.620 0.0000000000
75178  34.049  11.389  -28.411 0.0000000000
75192  34.257  12.136  -28.843 0.0000000000
74265  34.343  11.357  -29.310 0.0000000000
74279  34.425  10.564  -29.845 0.0000000000
79996  30.632  17.443  -28.245 0.0000000000
84015  32.388  22.765  -28.834 0.0000000000
83182  31.865  22.044  -28.642 0.0000000000
83173  32.215  21.240  -28.452 0.0000000000
82320  31.663  20.511  -28.326 0.0000000000
82318  33.476  20.440  -28.701 0.0000000000
81534  32.189  19.747  -28.179 0.0000000000
80761  31.649  18.980  -28.107 0.0000000000
112146  31.128  18.204  -28.098 0.0000000000
79995  31.702  17.477  -28.088 0.0000000000
79994  32.766  17.350  -28.060 0.0000000000
79254  33.460  16.719  -28.206 0.0000000000
80008  34.350  18.308  -29.307 0.0000000000
127284  34.314  17.677  -29.272 0.0000000000
80009  34.063  17.039  -28.817 0.0000000000
79285  34.405  16.159  -30.335 0.0000000000
64194  27.608  -1.360  -26.154 0.0000000000
109017  28.248  -1.939  -26.798 0.0000000000
118490  27.698  1.090  -26.028 0.0000000000
65837  28.303  0.459  -26.248 0.0000000000
108143  28.337  -1.344  -26.734 0.0000000000
69306  32.124  4.301  -28.175 0.0000000000
68362  31.922  3.376  -28.562 0.0000000000
68374  32.960  3.506  -29.864 0.0000000000
68361  32.486  2.896  -29.346 0.0000000000
66680  32.064  1.258  -28.989 0.0000000000
75169  31.320  11.272  -27.482 0.0000000000
83172  32.995  21.057  -28.622 0.0000000000
121281  33.675  7.686  -28.752 0.0000000000
125172  34.215  10.750  -28.877 0.0000000000
128570  34.394  11.834  -29.584 0.0000000000
