#!ascii label  , from subject sub-s012 vox2ras=TkReg
426
72708  -25.526  6.234  -32.122 0.0000000000
68819  -20.704  1.577  -30.858 0.0000000000
119461  -25.829  1.164  -29.533 0.0000000000
64505  -22.069  -2.952  -30.276 0.0000000000
83647  -26.586  20.826  -34.015 0.0000000000
80634  -28.461  16.760  -31.604 0.0000000000
120755  -23.728  10.894  -35.269 0.0000000000
61724  -20.703  -6.294  -28.847 0.0000000000
67103  -21.852  -0.280  -31.120 0.0000000000
66194  -19.915  -1.439  -29.529 0.0000000000
82896  -27.363  19.141  -33.009 0.0000000000
79948  -24.631  15.792  -34.339 0.0000000000
72719  -22.354  5.896  -33.216 0.0000000000
74403  -21.582  8.720  -33.073 0.0000000000
74416  -24.713  8.261  -34.175 0.0000000000
76120  -26.805  10.877  -32.016 0.0000000000
74373  -27.648  8.558  -30.558 0.0000000000
72683  -27.726  6.076  -29.549 0.0000000000
127940  -20.245  4.030  -30.699 0.0000000000
70389  -23.357  3.405  -33.006 0.0000000000
70351  -25.569  4.017  -29.844 0.0000000000
68016  -23.440  1.078  -31.870 0.0000000000
66208  -23.880  -1.069  -29.887 0.0000000000
64506  -25.944  -3.939  -30.380 0.0000000000
133344  -22.690  12.805  -35.232 0.0000000000
134581  -26.267  13.811  -32.964 0.0000000000
78498  -28.902  14.027  -30.540 0.0000000000
64478  -18.944  -3.434  -28.232 0.0000000000
125916  -21.491  -5.070  -29.531 0.0000000000
67077  -18.990  -0.411  -29.090 0.0000000000
66186  -18.561  -1.096  -28.555 0.0000000000
80658  -24.423  16.670  -34.477 0.0000000000
119164  -23.511  15.165  -35.405 0.0000000000
71921  -23.964  5.568  -34.046 0.0000000000
125376  -23.686  6.950  -34.314 0.0000000000
72734  -25.059  6.772  -33.589 0.0000000000
74386  -26.212  8.508  -32.259 0.0000000000
73548  -26.440  7.651  -31.606 0.0000000000
73536  -27.866  7.818  -29.959 0.0000000000
134245  -26.438  6.248  -30.352 0.0000000000
70363  -20.636  3.085  -31.032 0.0000000000
118961  -21.781  3.687  -32.158 0.0000000000
70378  -22.165  2.833  -32.335 0.0000000000
69613  -23.373  2.281  -32.562 0.0000000000
68836  -22.605  1.448  -32.130 0.0000000000
66205  -21.635  -1.434  -30.553 0.0000000000
66221  -22.848  -0.819  -31.051 0.0000000000
66195  -23.682  -1.867  -29.730 0.0000000000
65323  -25.224  -2.393  -29.496 0.0000000000
64494  -24.017  -3.271  -29.383 0.0000000000
83653  -24.942  20.386  -35.419 0.0000000000
127024  -24.470  21.038  -35.899 0.0000000000
128435  -26.235  22.152  -34.662 0.0000000000
85788  -26.464  23.510  -34.715 0.0000000000
84391  -28.110  21.775  -33.232 0.0000000000
81370  -27.773  17.619  -32.417 0.0000000000
75251  -22.543  9.280  -34.252 0.0000000000
76133  -22.326  10.793  -34.472 0.0000000000
76973  -23.754  11.841  -35.306 0.0000000000
129409  -24.879  13.088  -34.555 0.0000000000
76965  -24.947  11.681  -34.768 0.0000000000
76934  -27.989  11.666  -31.214 0.0000000000
121209  -27.793  13.057  -31.475 0.0000000000
78486  -29.420  13.304  -29.973 0.0000000000
69576  -25.876  2.591  -29.598 0.0000000000
70335  -27.227  3.801  -29.536 0.0000000000
62672  -19.136  -5.306  -28.102 0.0000000000
125246  -19.720  -5.087  -28.600 0.0000000000
63615  -20.284  -3.915  -29.219 0.0000000000
62689  -21.132  -5.585  -29.299 0.0000000000
67985  -19.755  0.888  -29.943 0.0000000000
67999  -21.088  0.834  -31.017 0.0000000000
67986  -20.317  0.280  -30.257 0.0000000000
66204  -20.703  -1.207  -30.154 0.0000000000
65318  -20.577  -2.046  -29.848 0.0000000000
82913  -25.638  19.746  -34.636 0.0000000000
83637  -27.315  20.576  -33.465 0.0000000000
82145  -25.751  18.880  -33.966 0.0000000000
81377  -26.413  17.461  -33.074 0.0000000000
80653  -26.435  16.605  -32.902 0.0000000000
72717  -21.075  6.820  -32.051 0.0000000000
72730  -22.338  6.842  -33.475 0.0000000000
74413  -23.049  8.424  -34.404 0.0000000000
75257  -24.515  9.697  -34.718 0.0000000000
76127  -25.416  10.864  -33.781 0.0000000000
74406  -25.775  9.664  -33.023 0.0000000000
75234  -27.162  10.086  -31.643 0.0000000000
75222  -28.834  9.897  -30.035 0.0000000000
121966  -29.064  8.985  -29.649 0.0000000000
59859  -21.721  -8.332  -28.512 0.0000000000
60806  -22.826  -7.796  -29.395 0.0000000000
71894  -21.625  5.222  -32.296 0.0000000000
71105  -22.713  4.563  -33.069 0.0000000000
71119  -24.265  4.667  -33.363 0.0000000000
71870  -25.353  5.287  -31.545 0.0000000000
70380  -24.274  3.370  -32.628 0.0000000000
69600  -24.285  2.289  -31.497 0.0000000000
128080  -24.323  1.242  -30.413 0.0000000000
68001  -22.646  0.732  -31.830 0.0000000000
133428  -23.482  0.272  -31.201 0.0000000000
67974  -24.805  0.174  -29.588 0.0000000000
67080  -26.040  -1.122  -29.601 0.0000000000
116184  -26.534  -3.452  -30.756 0.0000000000
84374  -28.668  21.409  -32.834 0.0000000000
79276  -24.105  14.317  -35.056 0.0000000000
79257  -25.571  14.611  -33.565 0.0000000000
79936  -27.157  15.281  -32.505 0.0000000000
77713  -26.692  12.431  -32.435 0.0000000000
79247  -27.403  14.390  -32.144 0.0000000000
79911  -28.332  15.379  -31.164 0.0000000000
71857  -26.510  5.468  -29.761 0.0000000000
71062  -28.610  4.586  -29.569 0.0000000000
66175  -17.973  -1.541  -27.819 0.0000000000
65309  -19.312  -2.664  -28.686 0.0000000000
64490  -20.873  -3.589  -29.636 0.0000000000
115371  -22.110  -4.185  -29.739 0.0000000000
126854  -22.846  -6.570  -29.690 0.0000000000
62691  -23.053  -5.717  -29.655 0.0000000000
63619  -23.729  -4.955  -29.639 0.0000000000
121507  -22.694  15.101  -35.456 0.0000000000
72733  -24.676  6.049  -33.791 0.0000000000
72720  -25.441  6.909  -32.808 0.0000000000
73559  -25.805  7.665  -32.493 0.0000000000
72721  -25.842  7.064  -32.080 0.0000000000
72709  -26.149  6.742  -31.356 0.0000000000
69588  -20.333  2.335  -30.615 0.0000000000
70350  -19.924  3.253  -30.301 0.0000000000
69598  -21.028  2.266  -31.275 0.0000000000
70364  -21.390  2.955  -31.715 0.0000000000
69599  -21.747  2.208  -31.862 0.0000000000
69611  -22.434  2.089  -32.305 0.0000000000
68820  -21.420  1.591  -31.452 0.0000000000
65338  -22.393  -2.360  -30.356 0.0000000000
66206  -22.455  -1.623  -30.638 0.0000000000
65320  -22.769  -2.825  -29.991 0.0000000000
65321  -23.495  -2.627  -29.657 0.0000000000
132889  -23.289  -3.260  -29.602 0.0000000000
83646  -25.822  20.596  -34.775 0.0000000000
84403  -26.024  21.411  -34.728 0.0000000000
84404  -26.754  21.739  -34.163 0.0000000000
85116  -26.822  22.372  -34.232 0.0000000000
85098  -27.462  22.292  -33.731 0.0000000000
84390  -27.365  21.352  -33.589 0.0000000000
81371  -28.262  17.317  -31.982 0.0000000000
127616  -28.473  18.020  -32.042 0.0000000000
81359  -28.888  17.486  -31.569 0.0000000000
76144  -23.558  10.055  -35.028 0.0000000000
75255  -22.101  10.093  -34.026 0.0000000000
76134  -22.996  10.744  -35.021 0.0000000000
127292  -22.588  11.495  -34.859 0.0000000000
127431  -24.426  11.964  -35.107 0.0000000000
76974  -24.437  11.224  -35.176 0.0000000000
76920  -28.715  11.634  -30.357 0.0000000000
77689  -29.006  12.530  -30.180 0.0000000000
68801  -26.652  1.734  -29.542 0.0000000000
69577  -26.847  2.907  -29.559 0.0000000000
60787  -20.712  -7.220  -28.536 0.0000000000
61723  -20.020  -6.727  -28.273 0.0000000000
62673  -19.880  -5.844  -28.466 0.0000000000
62674  -20.357  -5.323  -28.957 0.0000000000
67972  -19.079  0.858  -29.387 0.0000000000
67973  -19.452  0.206  -29.556 0.0000000000
66193  -19.300  -1.020  -29.168 0.0000000000
67078  -19.879  -0.557  -29.719 0.0000000000
65336  -21.212  -1.946  -30.265 0.0000000000
120609  -25.182  19.163  -34.673 0.0000000000
82144  -25.030  18.468  -34.366 0.0000000000
80659  -25.090  16.428  -33.814 0.0000000000
81386  -25.745  17.095  -33.435 0.0000000000
80652  -25.848  16.078  -33.263 0.0000000000
72718  -21.727  6.430  -32.739 0.0000000000
73578  -24.431  7.500  -34.259 0.0000000000
73576  -23.373  7.569  -34.328 0.0000000000
121649  -24.178  8.329  -34.527 0.0000000000
74414  -23.685  8.680  -34.623 0.0000000000
127508  -24.550  9.019  -34.497 0.0000000000
75258  -24.893  9.655  -34.279 0.0000000000
74405  -25.295  9.250  -33.612 0.0000000000
74387  -26.957  8.532  -31.405 0.0000000000
123096  -26.706  9.306  -31.880 0.0000000000
75235  -27.453  9.302  -31.162 0.0000000000
75236  -27.955  10.111  -30.850 0.0000000000
75221  -28.213  9.225  -30.344 0.0000000000
73520  -28.085  6.929  -29.595 0.0000000000
73537  -28.702  7.607  -29.600 0.0000000000
72684  -28.634  6.103  -29.497 0.0000000000
59069  -21.786  -9.086  -28.059 0.0000000000
59071  -22.845  -9.056  -27.929 0.0000000000
71074  -19.835  4.927  -30.500 0.0000000000
71883  -20.931  5.381  -31.663 0.0000000000
71088  -20.592  4.713  -31.204 0.0000000000
70379  -22.681  3.672  -32.797 0.0000000000
71104  -22.094  4.477  -32.516 0.0000000000
71118  -23.347  4.448  -33.350 0.0000000000
71131  -23.886  4.947  -33.696 0.0000000000
128634  -23.820  4.059  -33.257 0.0000000000
71106  -24.506  4.169  -32.819 0.0000000000
69624  -23.772  3.138  -32.861 0.0000000000
68837  -23.544  1.747  -32.235 0.0000000000
69614  -23.932  2.449  -32.347 0.0000000000
68822  -23.841  1.690  -31.837 0.0000000000
69589  -24.550  2.212  -30.628 0.0000000000
68003  -23.845  1.080  -31.192 0.0000000000
67987  -21.151  0.017  -30.822 0.0000000000
68000  -21.879  0.358  -31.380 0.0000000000
67104  -22.606  -0.100  -31.411 0.0000000000
67092  -23.349  -0.612  -30.805 0.0000000000
67093  -24.021  -0.224  -30.109 0.0000000000
67079  -24.813  -0.769  -29.366 0.0000000000
133792  -25.522  -0.263  -29.398 0.0000000000
64495  -25.009  -3.347  -29.637 0.0000000000
133960  -25.803  -3.076  -29.933 0.0000000000
82906  -27.703  19.985  -33.072 0.0000000000
83638  -28.071  20.850  -33.055 0.0000000000
125823  -28.394  20.134  -32.696 0.0000000000
73557  -21.374  8.108  -32.650 0.0000000000
78533  -21.769  13.090  -34.458 0.0000000000
78534  -22.214  13.336  -34.997 0.0000000000
79275  -23.182  14.304  -35.437 0.0000000000
78551  -23.665  13.466  -35.281 0.0000000000
78536  -25.280  13.333  -34.095 0.0000000000
128054  -25.258  14.057  -33.959 0.0000000000
79258  -26.254  14.424  -32.989 0.0000000000
79935  -26.564  15.047  -32.792 0.0000000000
79246  -26.840  14.609  -32.606 0.0000000000
76957  -25.859  11.291  -33.125 0.0000000000
77727  -26.019  12.182  -33.042 0.0000000000
76946  -26.460  11.573  -32.490 0.0000000000
122842  -28.215  13.574  -31.129 0.0000000000
78497  -27.722  13.793  -31.612 0.0000000000
79236  -28.084  14.464  -31.286 0.0000000000
79222  -28.718  14.849  -30.706 0.0000000000
79223  -29.519  14.803  -30.315 0.0000000000
71075  -25.405  4.653  -30.607 0.0000000000
71871  -25.872  5.444  -30.499 0.0000000000
71076  -26.000  4.762  -29.814 0.0000000000
71061  -27.731  4.604  -29.518 0.0000000000
64467  -18.195  -3.198  -27.567 0.0000000000
121976  -18.629  -2.678  -28.094 0.0000000000
65308  -18.630  -1.962  -28.289 0.0000000000
63616  -20.782  -4.621  -29.377 0.0000000000
63617  -21.489  -4.315  -29.666 0.0000000000
60805  -22.249  -6.941  -29.387 0.0000000000
67076  -18.680  0.252  -29.052 0.0000000000
81385  -24.864  17.479  -34.115 0.0000000000
80667  -23.814  16.757  -35.023 0.0000000000
126951  -24.158  16.102  -34.892 0.0000000000
72731  -22.998  6.000  -33.860 0.0000000000
72732  -23.700  6.168  -34.194 0.0000000000
72744  -24.612  6.729  -34.066 0.0000000000
73579  -24.938  7.501  -33.897 0.0000000000
129900  -25.237  8.352  -33.606 0.0000000000
136522  -25.666  8.194  -32.932 0.0000000000
73549  -27.175  7.859  -30.734 0.0000000000
73535  -26.779  7.115  -30.645 0.0000000000
72695  -27.199  6.654  -29.867 0.0000000000
127667  -20.992  3.825  -31.474 0.0000000000
69623  -22.933  2.645  -32.750 0.0000000000
136540  -23.371  2.827  -32.833 0.0000000000
69612  -22.955  1.915  -32.507 0.0000000000
68015  -23.140  1.353  -32.212 0.0000000000
67091  -21.357  -0.680  -30.641 0.0000000000
66220  -22.190  -0.844  -30.956 0.0000000000
66207  -23.188  -1.398  -30.487 0.0000000000
66196  -24.518  -1.659  -29.407 0.0000000000
65322  -24.314  -2.493  -29.391 0.0000000000
82921  -24.405  19.895  -35.662 0.0000000000
83654  -25.198  21.195  -35.366 0.0000000000
133256  -26.490  22.746  -34.529 0.0000000000
85775  -28.692  23.342  -33.318 0.0000000000
82129  -27.948  18.516  -32.551 0.0000000000
82897  -28.198  19.391  -32.635 0.0000000000
82130  -28.796  18.857  -32.187 0.0000000000
76126  -21.632  10.879  -33.820 0.0000000000
76964  -21.883  11.604  -34.275 0.0000000000
77750  -22.927  12.097  -35.241 0.0000000000
78552  -24.348  13.301  -34.884 0.0000000000
77752  -24.059  12.633  -35.186 0.0000000000
77738  -24.661  12.511  -34.822 0.0000000000
77726  -25.662  12.794  -33.625 0.0000000000
125562  -27.556  10.902  -31.406 0.0000000000
76933  -27.198  11.787  -31.841 0.0000000000
132015  -28.643  13.161  -30.613 0.0000000000
70333  -25.252  3.215  -29.912 0.0000000000
123393  -26.396  4.038  -29.587 0.0000000000
70334  -26.095  3.389  -29.590 0.0000000000
69579  -27.788  3.021  -29.602 0.0000000000
137037  -18.848  -4.693  -27.978 0.0000000000
63603  -19.282  -4.407  -28.361 0.0000000000
64479  -19.668  -3.680  -28.778 0.0000000000
63604  -19.997  -4.518  -28.937 0.0000000000
68808  -20.014  1.594  -30.274 0.0000000000
120069  -20.369  1.011  -30.470 0.0000000000
67090  -20.637  -0.416  -30.324 0.0000000000
82920  -23.928  19.752  -35.772 0.0000000000
132129  -26.244  20.108  -34.208 0.0000000000
82905  -26.202  19.517  -33.928 0.0000000000
130271  -26.854  19.870  -33.584 0.0000000000
117628  -26.550  18.963  -33.423 0.0000000000
82136  -25.620  17.964  -33.769 0.0000000000
82137  -26.246  18.171  -33.426 0.0000000000
82138  -27.028  18.139  -32.891 0.0000000000
81378  -27.070  17.112  -32.639 0.0000000000
80646  -27.755  16.684  -32.202 0.0000000000
73566  -21.966  7.862  -33.323 0.0000000000
72742  -23.134  6.833  -34.102 0.0000000000
73567  -22.671  7.661  -33.987 0.0000000000
74404  -22.291  8.556  -33.793 0.0000000000
117132  -23.301  9.279  -34.686 0.0000000000
76145  -24.358  10.278  -35.075 0.0000000000
76146  -24.850  10.810  -34.869 0.0000000000
76136  -25.036  10.459  -34.363 0.0000000000
76128  -25.817  10.465  -33.085 0.0000000000
129917  -26.259  10.852  -32.604 0.0000000000
127205  -26.186  9.276  -32.512 0.0000000000
75245  -26.418  10.063  -32.410 0.0000000000
123210  -28.248  10.901  -30.792 0.0000000000
76098  -28.870  10.717  -30.167 0.0000000000
76099  -29.576  10.363  -29.460 0.0000000000
75223  -29.817  9.496  -29.459 0.0000000000
74374  -28.418  8.421  -29.837 0.0000000000
67976  -26.549  0.665  -29.554 0.0000000000
59858  -20.857  -8.013  -28.262 0.0000000000
131370  -21.310  -7.647  -28.680 0.0000000000
61725  -21.382  -7.011  -28.982 0.0000000000
72707  -21.270  5.975  -32.164 0.0000000000
137102  -21.842  5.746  -32.670 0.0000000000
71089  -21.349  4.552  -31.881 0.0000000000
71895  -22.278  5.188  -32.874 0.0000000000
71909  -22.897  5.202  -33.494 0.0000000000
71910  -23.537  5.377  -33.844 0.0000000000
71911  -24.274  5.442  -33.831 0.0000000000
71912  -24.653  5.413  -33.372 0.0000000000
71896  -25.041  5.421  -32.618 0.0000000000
71107  -24.876  4.673  -32.286 0.0000000000
71090  -25.051  4.454  -31.485 0.0000000000
122764  -24.969  3.751  -30.839 0.0000000000
70365  -24.485  3.066  -31.767 0.0000000000
69601  -24.720  2.837  -30.726 0.0000000000
69590  -25.001  2.435  -29.960 0.0000000000
68800  -25.493  1.799  -29.681 0.0000000000
68821  -21.968  1.093  -31.652 0.0000000000
68002  -23.095  0.473  -31.780 0.0000000000
67988  -24.182  0.602  -30.301 0.0000000000
67989  -24.965  1.047  -29.731 0.0000000000
67975  -25.635  0.462  -29.466 0.0000000000
117258  -26.360  -0.202  -29.586 0.0000000000
135096  -26.861  -0.894  -29.998 0.0000000000
66197  -25.371  -1.627  -29.424 0.0000000000
65324  -26.164  -2.342  -29.982 0.0000000000
83623  -29.016  20.708  -32.517 0.0000000000
79947  -24.194  15.363  -34.996 0.0000000000
79265  -24.805  14.770  -34.256 0.0000000000
78535  -24.775  13.814  -34.463 0.0000000000
79941  -25.298  15.471  -33.684 0.0000000000
80644  -26.528  15.723  -32.830 0.0000000000
80645  -27.107  16.194  -32.563 0.0000000000
135177  -27.537  15.873  -32.206 0.0000000000
76956  -25.461  11.780  -33.915 0.0000000000
78519  -26.273  13.150  -32.895 0.0000000000
77714  -27.284  12.709  -31.972 0.0000000000
124082  -26.882  13.136  -32.396 0.0000000000
78505  -26.748  13.867  -32.573 0.0000000000
79925  -27.705  15.236  -31.842 0.0000000000
80633  -28.002  16.028  -31.638 0.0000000000
80635  -29.268  16.858  -31.160 0.0000000000
71884  -25.843  6.017  -31.176 0.0000000000
72682  -26.993  6.004  -29.657 0.0000000000
71060  -26.859  4.681  -29.549 0.0000000000
71858  -27.325  5.373  -29.549 0.0000000000
71859  -28.186  5.346  -29.513 0.0000000000
66187  -19.277  -1.702  -28.904 0.0000000000
64489  -20.108  -3.128  -29.211 0.0000000000
65317  -19.935  -2.267  -29.315 0.0000000000
118302  -20.565  -2.756  -29.627 0.0000000000
65319  -21.274  -2.750  -30.077 0.0000000000
64492  -22.593  -3.610  -29.734 0.0000000000
62690  -22.013  -5.880  -29.554 0.0000000000
121927  -23.663  -6.857  -30.207 0.0000000000
119763  -22.103  -4.949  -29.620 0.0000000000
63618  -22.818  -4.558  -29.520 0.0000000000
64493  -23.559  -4.001  -29.433 0.0000000000
61738  -21.485  -6.330  -29.240 0.0000000000
61739  -23.217  -7.397  -29.880 0.0000000000
64491  -21.702  -3.585  -29.936 0.0000000000
65337  -21.851  -2.208  -30.429 0.0000000000
65339  -22.988  -2.141  -30.229 0.0000000000
67105  -23.068  -0.195  -31.387 0.0000000000
68809  -24.209  1.711  -30.976 0.0000000000
68810  -24.704  1.756  -30.115 0.0000000000
68835  -22.054  1.670  -31.902 0.0000000000
70366  -24.720  3.875  -32.071 0.0000000000
70390  -24.178  3.830  -33.080 0.0000000000
71120  -24.667  4.854  -32.942 0.0000000000
72743  -24.259  6.063  -34.143 0.0000000000
73558  -25.367  7.560  -33.265 0.0000000000
73577  -23.939  7.519  -34.436 0.0000000000
74396  -25.706  8.876  -32.972 0.0000000000
74415  -24.062  9.309  -34.845 0.0000000000
75252  -25.343  10.061  -33.690 0.0000000000
75256  -22.779  10.014  -34.669 0.0000000000
76135  -24.740  10.192  -34.722 0.0000000000
77702  -27.716  12.333  -31.514 0.0000000000
77703  -28.290  12.480  -30.959 0.0000000000
77739  -25.184  12.526  -34.363 0.0000000000
77751  -23.324  12.720  -35.361 0.0000000000
78506  -27.332  13.491  -32.071 0.0000000000
78518  -25.803  13.748  -33.444 0.0000000000
78550  -22.856  13.485  -35.370 0.0000000000
79913  -30.058  15.516  -30.346 0.0000000000
79926  -28.766  16.136  -31.122 0.0000000000
79942  -26.005  15.217  -33.146 0.0000000000
81376  -26.021  17.668  -33.419 0.0000000000
82912  -24.934  19.648  -35.159 0.0000000000
85099  -28.319  22.596  -33.300 0.0000000000
118051  -25.105  6.108  -33.144 0.0000000000
123134  -23.674  8.103  -34.487 0.0000000000
123425  -24.125  6.776  -34.321 0.0000000000
129601  -24.087  -4.478  -29.564 0.0000000000
129817  -25.143  11.113  -34.440 0.0000000000
132001  -26.677  3.526  -29.555 0.0000000000
132423  -27.402  7.311  -30.100 0.0000000000
133061  -24.938  8.899  -34.081 0.0000000000
134588  -28.234  13.052  -31.085 0.0000000000
135482  -23.183  11.395  -35.217 0.0000000000
136514  -28.456  10.406  -30.496 0.0000000000
