#!ascii label  , from subject sub-s012 vox2ras=TkReg
259
15939  39.668  -54.716  -3.844 0.0000000000
118265  41.106  -58.065  -13.329 0.0000000000
15965  47.404  -54.533  -5.951 0.0000000000
16001  40.794  -54.018  -8.328 0.0000000000
115471  47.249  -58.568  -9.699 0.0000000000
14449  47.141  -56.283  -8.377 0.0000000000
12100  48.713  -59.120  -8.285 0.0000000000
14476  40.811  -56.464  -10.843 0.0000000000
16840  37.064  -54.107  -10.269 0.0000000000
15950  43.051  -55.180  -5.111 0.0000000000
16807  44.388  -53.795  -7.437 0.0000000000
15199  44.066  -56.025  -8.940 0.0000000000
12918  43.484  -58.368  -10.882 0.0000000000
11366  46.952  -60.681  -12.000 0.0000000000
17553  39.213  -52.212  -1.621 0.0000000000
15925  42.801  -54.621  -1.998 0.0000000000
118040  46.815  -54.765  -3.537 0.0000000000
17619  36.623  -52.483  -7.552 0.0000000000
12876  49.365  -57.688  -7.503 0.0000000000
13702  40.702  -57.262  -11.945 0.0000000000
15240  39.288  -56.087  -11.970 0.0000000000
15966  45.402  -54.617  -5.821 0.0000000000
15986  45.527  -54.241  -6.568 0.0000000000
13679  47.480  -57.744  -9.149 0.0000000000
14450  46.044  -56.160  -8.512 0.0000000000
116628  45.187  -57.636  -9.521 0.0000000000
13681  44.049  -57.484  -9.845 0.0000000000
12133  45.513  -58.955  -10.529 0.0000000000
11382  45.976  -60.552  -12.672 0.0000000000
15913  44.216  -54.085  -1.483 0.0000000000
15935  44.918  -55.163  -2.960 0.0000000000
15911  46.388  -54.084  -1.549 0.0000000000
16810  40.829  -52.864  -7.312 0.0000000000
16820  39.490  -53.564  -7.982 0.0000000000
17642  35.861  -53.201  -11.318 0.0000000000
17639  35.281  -52.658  -9.623 0.0000000000
15991  48.778  -54.893  -6.789 0.0000000000
15181  47.256  -54.984  -7.492 0.0000000000
133432  48.794  -55.990  -7.686 0.0000000000
134326  48.543  -57.134  -8.405 0.0000000000
13678  48.143  -58.281  -9.222 0.0000000000
122295  40.755  -55.301  -9.594 0.0000000000
16015  39.544  -54.618  -9.288 0.0000000000
15213  39.717  -55.512  -10.456 0.0000000000
16039  37.646  -54.736  -11.689 0.0000000000
131810  41.674  -58.585  -14.510 0.0000000000
15952  41.114  -54.995  -4.860 0.0000000000
16798  42.412  -53.164  -6.692 0.0000000000
16817  42.206  -53.596  -7.997 0.0000000000
15996  45.522  -54.631  -7.871 0.0000000000
124103  44.078  -54.499  -8.262 0.0000000000
15189  42.900  -55.038  -8.787 0.0000000000
14465  42.743  -56.416  -9.654 0.0000000000
115714  42.669  -57.421  -10.499 0.0000000000
12928  42.835  -58.567  -11.611 0.0000000000
12132  46.964  -59.732  -10.825 0.0000000000
12926  45.135  -59.603  -11.386 0.0000000000
12151  44.229  -59.633  -12.046 0.0000000000
12951  42.295  -59.071  -13.418 0.0000000000
18406  37.297  -51.605  -2.525 0.0000000000
16758  39.499  -53.919  -2.406 0.0000000000
16756  41.261  -54.189  -1.918 0.0000000000
15937  41.478  -55.316  -2.994 0.0000000000
135232  42.996  -55.437  -3.475 0.0000000000
15145  45.071  -55.377  -3.903 0.0000000000
122310  47.045  -54.822  -4.402 0.0000000000
122798  49.887  -53.842  -3.665 0.0000000000
15964  48.708  -54.479  -5.647 0.0000000000
16823  36.812  -53.368  -8.817 0.0000000000
16764  38.391  -53.962  -3.795 0.0000000000
16765  37.583  -53.363  -4.094 0.0000000000
15954  38.813  -54.082  -4.518 0.0000000000
13712  40.872  -57.643  -12.571 0.0000000000
14496  40.154  -57.096  -12.680 0.0000000000
116702  46.269  -54.527  -6.172 0.0000000000
117279  46.367  -57.742  -9.354 0.0000000000
13680  45.953  -58.418  -9.889 0.0000000000
136826  46.617  -60.989  -13.343 0.0000000000
15912  45.205  -54.065  -1.463 0.0000000000
16818  41.430  -53.349  -7.733 0.0000000000
16811  40.060  -52.883  -7.397 0.0000000000
16819  40.189  -53.605  -7.957 0.0000000000
18500  34.937  -52.186  -11.138 0.0000000000
15180  49.469  -55.530  -6.975 0.0000000000
14438  49.433  -56.292  -7.403 0.0000000000
12891  49.009  -58.249  -8.269 0.0000000000
13666  49.041  -57.493  -8.240 0.0000000000
13677  48.696  -58.065  -8.761 0.0000000000
12904  48.510  -58.602  -8.950 0.0000000000
15212  41.025  -55.983  -10.151 0.0000000000
129682  40.354  -55.622  -10.122 0.0000000000
15227  40.272  -56.016  -10.726 0.0000000000
16038  38.389  -55.269  -11.612 0.0000000000
131628  38.055  -55.180  -12.357 0.0000000000
16862  36.903  -54.217  -12.163 0.0000000000
15951  42.097  -55.111  -5.012 0.0000000000
15970  41.655  -54.289  -5.584 0.0000000000
15969  42.567  -54.378  -5.668 0.0000000000
133253  42.190  -53.146  -7.467 0.0000000000
123646  42.978  -53.548  -7.874 0.0000000000
15185  47.698  -55.707  -7.854 0.0000000000
129767  46.369  -54.691  -7.531 0.0000000000
15186  46.501  -55.349  -8.012 0.0000000000
14451  44.948  -56.016  -8.649 0.0000000000
135435  44.366  -55.588  -8.631 0.0000000000
15200  43.253  -55.821  -9.164 0.0000000000
15201  42.398  -55.666  -9.306 0.0000000000
14464  43.610  -56.610  -9.476 0.0000000000
116118  43.982  -58.125  -10.373 0.0000000000
13690  43.316  -57.727  -10.428 0.0000000000
13701  42.184  -57.975  -11.457 0.0000000000
9092  46.093  -63.242  -10.981 0.0000000000
121172  47.247  -61.155  -11.835 0.0000000000
11365  47.216  -60.559  -11.353 0.0000000000
12149  46.995  -60.275  -11.378 0.0000000000
136014  46.154  -59.514  -10.867 0.0000000000
12150  46.339  -60.007  -11.407 0.0000000000
12165  44.995  -60.199  -12.501 0.0000000000
12166  43.989  -59.833  -12.838 0.0000000000
12940  43.357  -59.312  -12.221 0.0000000000
12167  43.065  -59.520  -13.106 0.0000000000
18405  38.086  -51.597  -2.018 0.0000000000
17554  38.514  -52.338  -1.974 0.0000000000
17563  38.290  -53.030  -2.414 0.0000000000
17562  39.093  -53.037  -1.970 0.0000000000
15915  42.603  -53.986  -1.510 0.0000000000
16750  41.943  -53.495  -1.328 0.0000000000
15916  42.054  -54.408  -1.868 0.0000000000
119284  40.807  -54.849  -2.587 0.0000000000
15132  42.186  -55.072  -2.458 0.0000000000
15148  42.298  -55.421  -3.279 0.0000000000
15147  42.937  -55.214  -2.692 0.0000000000
15934  45.782  -55.028  -3.265 0.0000000000
15948  45.983  -55.154  -4.374 0.0000000000
15930  51.239  -53.962  -3.383 0.0000000000
15945  50.881  -53.848  -3.945 0.0000000000
15946  49.595  -54.190  -4.641 0.0000000000
16016  38.715  -54.507  -9.553 0.0000000000
16826  38.204  -54.028  -8.989 0.0000000000
16827  37.339  -53.866  -9.346 0.0000000000
17632  35.546  -52.562  -8.688 0.0000000000
13692  41.103  -57.007  -11.271 0.0000000000
15949  43.995  -55.100  -5.119 0.0000000000
15968  43.471  -54.434  -5.744 0.0000000000
15967  44.388  -54.524  -5.786 0.0000000000
16795  44.956  -53.854  -6.995 0.0000000000
14461  46.718  -57.004  -8.853 0.0000000000
14462  45.602  -56.900  -8.996 0.0000000000
14463  44.550  -56.780  -9.231 0.0000000000
13689  44.817  -58.256  -10.104 0.0000000000
12917  44.432  -58.734  -10.751 0.0000000000
11367  46.537  -60.517  -12.038 0.0000000000
11381  46.676  -60.895  -12.764 0.0000000000
11383  45.514  -60.492  -13.255 0.0000000000
15914  43.328  -54.056  -1.482 0.0000000000
15924  43.674  -54.786  -2.196 0.0000000000
15923  44.607  -54.683  -2.186 0.0000000000
15922  45.530  -54.631  -2.334 0.0000000000
118820  46.503  -54.517  -2.605 0.0000000000
16812  39.127  -52.885  -7.449 0.0000000000
17629  38.181  -52.886  -7.528 0.0000000000
16841  36.309  -53.626  -10.746 0.0000000000
16828  36.500  -53.598  -9.757 0.0000000000
118986  35.771  -53.176  -10.158 0.0000000000
17643  34.984  -52.424  -10.337 0.0000000000
134512  48.196  -54.526  -6.172 0.0000000000
15985  46.879  -54.480  -6.518 0.0000000000
15992  47.821  -54.753  -7.107 0.0000000000
14439  48.347  -55.253  -7.349 0.0000000000
14447  49.035  -56.735  -7.960 0.0000000000
14448  48.191  -56.515  -8.171 0.0000000000
13668  47.756  -57.095  -8.643 0.0000000000
16013  41.220  -54.752  -8.982 0.0000000000
16002  39.906  -54.153  -8.532 0.0000000000
16014  40.376  -54.679  -9.088 0.0000000000
15204  39.212  -54.998  -10.053 0.0000000000
126446  38.426  -54.789  -10.365 0.0000000000
15228  39.564  -55.848  -11.217 0.0000000000
116647  38.197  -54.950  -11.052 0.0000000000
16030  37.677  -54.557  -10.741 0.0000000000
16858  36.954  -54.203  -11.220 0.0000000000
16859  36.367  -53.679  -11.704 0.0000000000
12952  41.659  -58.605  -13.772 0.0000000000
15953  40.195  -54.685  -4.713 0.0000000000
131781  39.414  -54.349  -4.642 0.0000000000
16000  41.717  -54.131  -8.396 0.0000000000
15995  45.069  -54.067  -7.501 0.0000000000
131318  45.533  -55.409  -8.279 0.0000000000
15187  44.693  -55.059  -8.332 0.0000000000
16816  43.866  -53.890  -7.924 0.0000000000
15998  43.375  -54.344  -8.363 0.0000000000
15999  42.550  -54.220  -8.416 0.0000000000
16012  42.057  -54.899  -8.888 0.0000000000
15202  41.558  -55.489  -9.461 0.0000000000
14466  41.897  -56.243  -9.830 0.0000000000
14473  43.095  -57.124  -9.996 0.0000000000
14474  42.307  -56.889  -10.231 0.0000000000
14475  41.522  -56.661  -10.538 0.0000000000
13691  41.965  -57.411  -10.919 0.0000000000
116127  41.440  -57.692  -11.796 0.0000000000
13710  41.991  -58.319  -12.103 0.0000000000
12905  48.043  -58.916  -9.641 0.0000000000
9759  46.602  -62.417  -10.966 0.0000000000
12131  47.455  -59.924  -10.732 0.0000000000
12916  46.622  -59.109  -10.347 0.0000000000
12164  45.777  -60.272  -11.971 0.0000000000
12927  43.866  -59.054  -11.433 0.0000000000
12941  42.496  -58.932  -12.526 0.0000000000
12942  41.775  -58.552  -12.917 0.0000000000
19242  36.512  -50.416  -3.022 0.0000000000
119910  37.051  -50.908  -2.586 0.0000000000
18412  36.597  -51.502  -3.010 0.0000000000
17564  37.656  -52.470  -2.564 0.0000000000
17571  37.843  -53.333  -3.108 0.0000000000
15928  39.142  -54.341  -3.262 0.0000000000
17551  41.517  -52.608  -0.827 0.0000000000
16752  40.003  -53.244  -1.719 0.0000000000
16757  40.370  -54.100  -2.127 0.0000000000
15927  39.939  -54.688  -2.902 0.0000000000
15938  40.616  -55.164  -3.675 0.0000000000
15159  42.600  -55.448  -4.207 0.0000000000
15158  43.580  -55.449  -4.182 0.0000000000
134239  43.631  -55.332  -3.081 0.0000000000
15146  44.309  -55.383  -3.530 0.0000000000
15157  44.402  -55.380  -4.358 0.0000000000
130875  45.000  -55.136  -4.985 0.0000000000
134827  45.697  -54.974  -5.169 0.0000000000
114898  46.483  -54.785  -5.307 0.0000000000
15947  48.228  -54.316  -3.847 0.0000000000
120708  47.881  -54.548  -4.989 0.0000000000
16003  39.071  -54.114  -8.725 0.0000000000
16821  38.622  -53.541  -8.134 0.0000000000
17630  37.179  -52.991  -7.916 0.0000000000
17638  35.981  -53.111  -9.219 0.0000000000
17631  36.325  -52.850  -8.343 0.0000000000
13667  48.355  -57.666  -8.798 0.0000000000
13711  41.413  -58.073  -12.520 0.0000000000
13715  41.139  -58.205  -14.284 0.0000000000
15160  41.664  -55.422  -4.013 0.0000000000
15188  43.802  -55.212  -8.624 0.0000000000
15203  39.977  -55.185  -9.728 0.0000000000
15214  38.905  -55.316  -10.895 0.0000000000
15229  38.957  -55.649  -11.571 0.0000000000
15926  41.538  -54.817  -2.329 0.0000000000
15936  44.225  -55.143  -2.747 0.0000000000
15940  39.026  -54.404  -4.015 0.0000000000
15984  47.829  -54.571  -6.603 0.0000000000
15997  44.631  -54.223  -7.950 0.0000000000
16017  37.868  -54.382  -9.857 0.0000000000
16759  38.647  -53.692  -2.758 0.0000000000
16809  42.787  -53.159  -7.210 0.0000000000
16822  37.710  -53.499  -8.417 0.0000000000
17664  35.904  -53.117  -12.157 0.0000000000
114084  42.723  -57.913  -10.947 0.0000000000
119469  36.964  -52.167  -2.971 0.0000000000
128740  40.678  -53.310  -7.708 0.0000000000
134175  35.441  -52.821  -10.809 0.0000000000
136582  35.356  -52.788  -10.235 0.0000000000
137665  35.831  -53.223  -10.761 0.0000000000
