#!ascii label  , from subject sub-s012 vox2ras=TkReg
287
72516  29.962  7.411  -29.566 0.0000000000
63956  25.672  -2.362  -29.637 0.0000000000
77401  27.328  13.442  -29.421 0.0000000000
85401  25.791  24.425  -32.623 0.0000000000
63164  23.865  -3.224  -28.890 0.0000000000
79008  30.192  15.746  -29.647 0.0000000000
81850  29.089  19.408  -29.816 0.0000000000
69960  26.955  5.250  -29.345 0.0000000000
69110  27.470  2.778  -29.841 0.0000000000
69978  29.018  3.979  -30.953 0.0000000000
74039  31.379  9.496  -31.706 0.0000000000
71765  30.652  6.066  -33.620 0.0000000000
74789  28.615  10.295  -29.321 0.0000000000
77398  30.902  12.908  -30.641 0.0000000000
83342  26.224  21.501  -32.776 0.0000000000
84033  29.100  22.746  -31.288 0.0000000000
65697  27.495  -0.608  -30.702 0.0000000000
81139  27.739  18.140  -29.702 0.0000000000
81852  27.142  19.467  -30.378 0.0000000000
71728  28.716  6.120  -29.219 0.0000000000
70845  28.607  5.116  -29.547 0.0000000000
135053  29.719  5.502  -30.459 0.0000000000
63162  25.243  -2.933  -29.400 0.0000000000
75600  28.477  11.751  -29.313 0.0000000000
136343  30.484  11.601  -29.723 0.0000000000
77387  29.691  13.387  -29.369 0.0000000000
79734  30.674  17.120  -31.448 0.0000000000
119949  30.952  15.332  -31.868 0.0000000000
84722  24.641  23.955  -33.660 0.0000000000
117174  25.821  21.564  -33.522 0.0000000000
84041  26.336  22.772  -32.676 0.0000000000
86826  29.662  26.763  -34.121 0.0000000000
85406  29.916  24.808  -33.136 0.0000000000
84708  28.870  23.610  -31.294 0.0000000000
84714  29.765  23.542  -32.512 0.0000000000
83340  30.154  22.127  -32.472 0.0000000000
68339  28.684  1.093  -32.016 0.0000000000
67480  27.614  0.416  -30.874 0.0000000000
63149  22.625  -3.406  -28.270 0.0000000000
78228  28.283  14.742  -28.902 0.0000000000
79706  28.090  16.368  -29.414 0.0000000000
80425  29.320  17.886  -29.675 0.0000000000
81163  30.441  18.603  -31.156 0.0000000000
69111  25.798  3.225  -29.677 0.0000000000
69980  27.650  3.737  -29.592 0.0000000000
69108  28.719  3.075  -31.163 0.0000000000
69127  29.051  1.841  -32.176 0.0000000000
73248  31.036  8.695  -31.010 0.0000000000
72525  30.643  6.978  -31.493 0.0000000000
73279  30.991  8.030  -32.996 0.0000000000
120331  27.711  7.981  -29.274 0.0000000000
74013  28.001  9.531  -29.420 0.0000000000
128077  30.073  8.874  -29.381 0.0000000000
74023  30.840  9.969  -29.920 0.0000000000
75608  31.090  11.073  -31.130 0.0000000000
76534  31.038  12.423  -32.376 0.0000000000
136202  30.800  14.218  -30.234 0.0000000000
131341  30.807  13.614  -32.359 0.0000000000
82623  26.195  20.540  -31.598 0.0000000000
86086  27.139  25.091  -31.764 0.0000000000
126370  27.450  23.401  -31.377 0.0000000000
84035  27.434  22.272  -31.098 0.0000000000
82611  27.546  20.453  -30.406 0.0000000000
82609  29.341  20.553  -30.421 0.0000000000
82620  30.230  20.706  -31.713 0.0000000000
65683  25.758  -0.367  -29.763 0.0000000000
68306  26.435  1.608  -29.635 0.0000000000
70873  30.100  4.655  -32.199 0.0000000000
70021  30.187  2.471  -33.219 0.0000000000
135915  26.119  18.276  -30.748 0.0000000000
81864  26.311  19.382  -30.980 0.0000000000
119058  29.179  7.083  -29.229 0.0000000000
135214  29.272  5.556  -29.719 0.0000000000
71727  29.775  6.391  -29.737 0.0000000000
62272  22.536  -5.011  -27.766 0.0000000000
77400  28.063  12.760  -29.274 0.0000000000
76506  29.285  12.606  -28.850 0.0000000000
77388  28.928  13.258  -28.878 0.0000000000
80456  30.646  17.660  -32.260 0.0000000000
79743  30.754  16.784  -32.483 0.0000000000
84721  25.374  23.714  -33.189 0.0000000000
125116  24.956  23.131  -33.684 0.0000000000
84047  25.867  22.896  -33.325 0.0000000000
84716  26.085  23.518  -32.712 0.0000000000
84720  30.138  24.045  -33.211 0.0000000000
84713  30.262  23.289  -33.279 0.0000000000
67489  29.307  0.873  -32.253 0.0000000000
67490  28.688  0.571  -31.834 0.0000000000
121937  24.093  -1.862  -29.326 0.0000000000
79009  27.417  15.811  -29.397 0.0000000000
79724  27.215  16.545  -29.612 0.0000000000
81842  28.444  18.896  -29.617 0.0000000000
80426  28.600  17.571  -29.499 0.0000000000
81137  29.217  18.653  -29.728 0.0000000000
81149  29.799  18.275  -30.189 0.0000000000
81849  29.712  19.022  -30.281 0.0000000000
86101  24.695  25.551  -33.478 0.0000000000
69981  26.764  4.417  -29.433 0.0000000000
69979  28.484  4.081  -30.042 0.0000000000
70005  29.420  3.020  -32.095 0.0000000000
63148  23.395  -3.665  -28.574 0.0000000000
62286  23.641  -4.407  -28.457 0.0000000000
120895  31.026  7.881  -31.869 0.0000000000
73265  31.311  8.702  -32.247 0.0000000000
125926  27.182  7.264  -29.395 0.0000000000
75587  28.227  10.922  -29.436 0.0000000000
74012  29.131  9.456  -29.231 0.0000000000
74024  30.235  9.789  -29.497 0.0000000000
74788  29.682  10.407  -29.361 0.0000000000
76517  30.817  12.080  -30.100 0.0000000000
75598  30.880  11.238  -30.038 0.0000000000
76526  31.013  12.341  -31.270 0.0000000000
118675  31.215  11.727  -31.817 0.0000000000
121924  31.007  13.059  -31.808 0.0000000000
78989  29.212  15.223  -29.278 0.0000000000
129489  29.897  14.839  -29.454 0.0000000000
78244  30.634  14.915  -29.894 0.0000000000
78259  30.942  14.721  -30.971 0.0000000000
124966  30.214  13.759  -33.289 0.0000000000
83349  25.725  20.873  -33.327 0.0000000000
82634  25.927  20.726  -32.480 0.0000000000
82635  25.481  20.149  -32.927 0.0000000000
115877  26.258  21.206  -31.875 0.0000000000
124981  29.359  26.594  -33.236 0.0000000000
87480  29.119  27.331  -33.602 0.0000000000
86085  28.100  25.195  -31.586 0.0000000000
135952  28.398  24.756  -31.464 0.0000000000
84034  28.325  23.031  -31.020 0.0000000000
83336  28.518  22.153  -30.750 0.0000000000
82622  26.939  21.151  -31.081 0.0000000000
83328  27.940  21.407  -30.447 0.0000000000
82610  28.473  20.627  -30.178 0.0000000000
83327  28.901  21.328  -30.507 0.0000000000
83347  30.468  21.718  -33.265 0.0000000000
82633  30.366  21.198  -32.546 0.0000000000
131460  30.537  20.151  -32.734 0.0000000000
66583  24.761  -0.003  -29.495 0.0000000000
129430  26.697  2.726  -29.544 0.0000000000
68324  26.106  2.346  -29.526 0.0000000000
67461  27.277  1.644  -30.055 0.0000000000
66599  27.746  -0.242  -31.005 0.0000000000
66600  27.085  0.012  -30.533 0.0000000000
113866  27.315  -0.607  -30.702 0.0000000000
65682  26.682  -0.702  -30.430 0.0000000000
71749  30.593  6.423  -32.598 0.0000000000
132580  30.426  6.112  -31.728 0.0000000000
121326  30.392  5.405  -32.617 0.0000000000
80439  26.955  17.334  -29.932 0.0000000000
127556  26.754  18.106  -30.313 0.0000000000
81150  27.173  18.690  -30.180 0.0000000000
126197  27.716  19.007  -29.862 0.0000000000
70846  27.821  5.553  -29.222 0.0000000000
69959  27.798  4.653  -29.376 0.0000000000
123348  29.182  4.793  -30.200 0.0000000000
70874  29.587  4.509  -31.381 0.0000000000
63163  24.573  -3.254  -29.164 0.0000000000
124710  24.604  -3.882  -28.793 0.0000000000
63147  25.218  -3.516  -28.933 0.0000000000
63146  25.787  -3.168  -28.596 0.0000000000
74811  31.487  10.094  -32.215 0.0000000000
74059  31.387  9.447  -32.713 0.0000000000
75601  27.346  11.175  -29.856 0.0000000000
75586  29.180  11.082  -29.284 0.0000000000
119825  29.831  11.843  -29.446 0.0000000000
76518  30.257  12.695  -29.619 0.0000000000
79722  30.541  16.627  -30.411 0.0000000000
79007  30.797  15.624  -30.636 0.0000000000
79020  30.834  16.247  -31.581 0.0000000000
123864  30.803  15.866  -32.742 0.0000000000
83348  26.170  22.162  -33.234 0.0000000000
127364  26.387  22.179  -32.512 0.0000000000
86108  29.844  26.113  -33.753 0.0000000000
86100  29.561  25.693  -32.974 0.0000000000
86084  28.880  25.050  -31.630 0.0000000000
84707  29.330  23.400  -31.718 0.0000000000
84040  29.674  22.806  -32.079 0.0000000000
83341  29.651  22.217  -31.728 0.0000000000
84039  30.103  22.851  -32.734 0.0000000000
84046  30.365  22.517  -33.270 0.0000000000
68323  28.038  1.877  -30.808 0.0000000000
67479  28.155  0.826  -31.314 0.0000000000
66608  28.330  0.272  -31.332 0.0000000000
62287  22.942  -4.258  -28.208 0.0000000000
63943  22.256  -2.569  -28.297 0.0000000000
63958  23.987  -2.543  -29.136 0.0000000000
63957  24.831  -2.359  -29.463 0.0000000000
64825  25.502  -1.757  -29.744 0.0000000000
78247  27.243  14.378  -29.285 0.0000000000
78246  28.195  13.784  -29.143 0.0000000000
78229  27.559  15.145  -29.218 0.0000000000
78990  28.279  15.585  -29.288 0.0000000000
79705  29.191  16.229  -29.396 0.0000000000
80427  27.853  17.142  -29.552 0.0000000000
124856  28.628  16.880  -29.440 0.0000000000
79723  29.993  16.642  -29.657 0.0000000000
80438  30.070  17.437  -30.017 0.0000000000
80449  30.558  17.898  -31.350 0.0000000000
118198  30.548  18.465  -31.972 0.0000000000
85408  24.383  24.738  -33.724 0.0000000000
85407  25.011  24.582  -33.325 0.0000000000
118177  25.343  25.171  -32.875 0.0000000000
123332  26.682  3.526  -29.468 0.0000000000
69109  28.137  3.012  -30.360 0.0000000000
130049  28.526  2.151  -31.331 0.0000000000
68338  29.437  1.066  -32.585 0.0000000000
73249  30.542  8.139  -29.937 0.0000000000
72515  30.424  7.138  -30.251 0.0000000000
126444  30.770  7.760  -30.848 0.0000000000
72536  30.768  7.257  -32.729 0.0000000000
126474  30.614  6.806  -33.505 0.0000000000
132298  30.743  8.183  -33.907 0.0000000000
72552  30.633  7.521  -33.901 0.0000000000
128292  30.649  6.912  -34.230 0.0000000000
71729  27.610  6.412  -29.145 0.0000000000
122491  28.185  7.108  -29.016 0.0000000000
72505  28.658  7.852  -29.140 0.0000000000
73250  27.403  8.788  -29.643 0.0000000000
73234  29.230  8.460  -29.236 0.0000000000
73233  29.920  8.103  -29.406 0.0000000000
127937  30.777  9.207  -29.965 0.0000000000
74040  31.064  9.711  -30.716 0.0000000000
75599  30.166  11.136  -29.527 0.0000000000
74801  31.007  10.484  -30.401 0.0000000000
74812  31.277  10.312  -31.400 0.0000000000
75616  31.373  10.900  -32.266 0.0000000000
75625  31.123  11.675  -32.879 0.0000000000
78227  29.259  14.180  -28.853 0.0000000000
78245  30.193  14.154  -29.591 0.0000000000
77399  30.695  13.501  -29.942 0.0000000000
122329  30.938  13.779  -31.173 0.0000000000
122267  30.546  13.098  -32.922 0.0000000000
118263  26.056  19.872  -31.409 0.0000000000
86093  26.115  25.360  -32.244 0.0000000000
125018  26.802  25.850  -31.969 0.0000000000
85400  26.464  24.632  -32.059 0.0000000000
133971  26.369  24.045  -32.207 0.0000000000
84715  26.546  23.423  -31.953 0.0000000000
84036  26.722  22.614  -31.744 0.0000000000
84709  28.277  23.773  -31.201 0.0000000000
83337  26.619  21.898  -31.733 0.0000000000
82612  26.639  20.166  -30.905 0.0000000000
81851  28.196  19.736  -29.923 0.0000000000
137480  28.974  20.059  -30.026 0.0000000000
82621  29.751  21.089  -30.958 0.0000000000
130324  29.596  19.775  -30.396 0.0000000000
81862  30.383  19.810  -31.683 0.0000000000
114675  30.555  19.178  -32.422 0.0000000000
114296  25.197  -0.915  -29.570 0.0000000000
121951  26.123  1.183  -29.570 0.0000000000
67462  26.821  0.873  -30.064 0.0000000000
66581  26.232  0.340  -29.807 0.0000000000
65698  26.096  -1.224  -30.074 0.0000000000
71740  30.255  6.254  -30.766 0.0000000000
70857  30.128  5.422  -31.459 0.0000000000
70890  30.407  4.086  -33.142 0.0000000000
70004  29.893  3.755  -32.477 0.0000000000
69138  29.712  1.473  -32.959 0.0000000000
67463  25.285  1.180  -29.547 0.0000000000
71779  30.824  6.377  -34.279 0.0000000000
72504  29.407  7.770  -29.288 0.0000000000
73235  28.318  8.686  -29.257 0.0000000000
73278  31.134  8.737  -33.326 0.0000000000
74802  30.546  10.522  -29.708 0.0000000000
74821  31.310  10.200  -33.104 0.0000000000
79010  26.725  15.958  -29.643 0.0000000000
79704  29.365  17.110  -29.540 0.0000000000
80437  30.334  18.057  -30.663 0.0000000000
81138  28.674  18.245  -29.549 0.0000000000
81148  30.185  18.670  -30.637 0.0000000000
81151  26.559  18.784  -30.602 0.0000000000
81848  30.246  19.347  -30.897 0.0000000000
81863  30.051  20.259  -30.927 0.0000000000
82648  25.060  20.305  -33.683 0.0000000000
83334  29.952  21.546  -31.733 0.0000000000
83335  29.330  21.867  -31.089 0.0000000000
85392  29.282  24.207  -31.796 0.0000000000
85393  28.649  24.322  -31.383 0.0000000000
85394  27.871  24.406  -31.420 0.0000000000
85395  26.957  24.185  -31.710 0.0000000000
86091  28.511  25.818  -31.909 0.0000000000
86099  30.206  25.337  -33.910 0.0000000000
117257  30.485  17.430  -30.746 0.0000000000
126245  26.777  15.246  -29.388 0.0000000000
128335  30.978  11.702  -30.858 0.0000000000
131156  26.006  18.780  -31.051 0.0000000000
135445  30.448  19.092  -31.615 0.0000000000
136033  26.929  22.251  -31.517 0.0000000000
