#!ascii label  , from subject sub-p011 vox2ras=TkReg
437
73809  -27.036  7.558  -29.781 0.0000000000
69792  -22.666  3.067  -29.511 0.0000000000
69809  -29.356  3.025  -30.107 0.0000000000
64815  -25.023  -1.101  -28.025 0.0000000000
85684  -26.756  19.980  -29.787 0.0000000000
83881  -30.029  16.877  -29.523 0.0000000000
77924  -23.581  11.633  -32.395 0.0000000000
61708  -24.421  -4.969  -26.877 0.0000000000
67780  -23.753  1.111  -28.822 0.0000000000
65793  -22.137  -0.314  -27.098 0.0000000000
84779  -27.589  18.297  -29.546 0.0000000000
82976  -24.933  15.808  -30.839 0.0000000000
72826  -23.761  7.010  -31.270 0.0000000000
75882  -21.783  9.278  -30.618 0.0000000000
75904  -26.246  9.543  -31.450 0.0000000000
77888  -28.764  12.269  -29.484 0.0000000000
75867  -31.069  9.950  -29.564 0.0000000000
73848  -31.391  7.242  -31.902 0.0000000000
71728  -21.294  5.206  -29.295 0.0000000000
138172  -24.863  5.445  -30.503 0.0000000000
72790  -29.024  5.852  -29.385 0.0000000000
136307  -25.321  3.545  -29.535 0.0000000000
67798  -26.759  1.172  -28.718 0.0000000000
64829  -28.057  -0.653  -28.912 0.0000000000
79886  -21.681  14.021  -31.751 0.0000000000
79888  -26.033  13.700  -30.884 0.0000000000
80945  -32.907  14.740  -30.156 0.0000000000
63799  -22.113  -1.749  -26.207 0.0000000000
152229  -24.689  -2.907  -27.533 0.0000000000
66803  -21.727  0.632  -27.363 0.0000000000
150658  -21.442  -0.292  -26.418 0.0000000000
82959  -23.470  16.890  -30.903 0.0000000000
82032  -21.856  15.955  -32.167 0.0000000000
73827  -25.342  7.159  -30.986 0.0000000000
74861  -24.454  8.479  -31.627 0.0000000000
74863  -26.544  8.812  -31.171 0.0000000000
75885  -28.365  9.571  -29.805 0.0000000000
135587  -28.689  8.896  -29.734 0.0000000000
74848  -31.398  8.615  -30.534 0.0000000000
73812  -29.879  7.524  -29.618 0.0000000000
69806  -22.381  3.996  -29.714 0.0000000000
70735  -23.008  4.558  -30.343 0.0000000000
149847  -23.476  4.075  -30.289 0.0000000000
69808  -24.736  4.113  -30.134 0.0000000000
68824  -23.942  2.880  -29.782 0.0000000000
66813  -24.278  0.493  -28.452 0.0000000000
67781  -24.808  1.177  -28.703 0.0000000000
66814  -25.591  0.153  -28.380 0.0000000000
66827  -27.667  0.274  -29.025 0.0000000000
65818  -26.822  -0.741  -28.641 0.0000000000
143304  -24.139  19.259  -30.063 0.0000000000
145069  -24.008  20.006  -29.847 0.0000000000
147767  -25.718  20.224  -29.703 0.0000000000
87563  -27.234  22.092  -31.577 0.0000000000
86557  -28.630  20.088  -30.690 0.0000000000
145406  -28.995  17.642  -29.617 0.0000000000
75900  -22.635  10.140  -31.676 0.0000000000
77907  -21.525  11.574  -31.229 0.0000000000
78872  -22.271  12.583  -32.067 0.0000000000
149927  -23.674  13.587  -32.414 0.0000000000
79897  -24.932  12.723  -31.996 0.0000000000
146202  -32.288  12.007  -29.611 0.0000000000
79868  -30.223  13.359  -29.217 0.0000000000
79889  -33.979  13.630  -31.210 0.0000000000
70724  -28.952  4.082  -29.714 0.0000000000
71754  -30.233  5.300  -31.038 0.0000000000
61706  -22.886  -4.111  -26.026 0.0000000000
62807  -22.840  -3.257  -26.165 0.0000000000
63801  -23.343  -2.266  -26.859 0.0000000000
152217  -24.426  -3.760  -27.210 0.0000000000
68800  -21.789  2.354  -28.526 0.0000000000
67794  -22.814  1.709  -28.961 0.0000000000
135775  -22.442  0.856  -28.109 0.0000000000
65814  -22.774  0.458  -28.056 0.0000000000
65805  -23.320  -0.684  -27.556 0.0000000000
84788  -24.825  18.850  -30.143 0.0000000000
134029  -27.306  19.178  -29.687 0.0000000000
151906  -25.374  17.748  -30.268 0.0000000000
82961  -25.472  16.598  -30.521 0.0000000000
82963  -27.237  15.956  -29.880 0.0000000000
72806  -21.834  6.740  -30.350 0.0000000000
73842  -22.665  7.688  -31.143 0.0000000000
75901  -24.148  9.286  -31.755 0.0000000000
76942  -24.457  10.585  -32.045 0.0000000000
134692  -26.018  11.916  -31.355 0.0000000000
77911  -26.745  10.776  -31.159 0.0000000000
76907  -29.561  10.832  -29.361 0.0000000000
76920  -32.287  10.819  -30.386 0.0000000000
75906  -32.227  9.784  -32.008 0.0000000000
60654  -24.837  -5.692  -26.765 0.0000000000
60666  -25.269  -5.145  -27.108 0.0000000000
133642  -22.367  6.280  -30.546 0.0000000000
71760  -24.020  6.203  -31.035 0.0000000000
143320  -25.776  6.472  -30.237 0.0000000000
141483  -28.555  6.741  -29.283 0.0000000000
71752  -26.020  5.676  -29.750 0.0000000000
70721  -26.502  4.414  -29.286 0.0000000000
69795  -27.148  3.795  -29.057 0.0000000000
68811  -24.350  2.474  -29.502 0.0000000000
131239  -26.055  2.261  -28.761 0.0000000000
68813  -27.975  2.325  -29.137 0.0000000000
145552  -28.175  1.573  -29.231 0.0000000000
66829  -28.723  0.460  -29.134 0.0000000000
85686  -29.246  19.511  -30.806 0.0000000000
80960  -22.976  14.602  -32.215 0.0000000000
82036  -24.988  14.877  -31.093 0.0000000000
151267  -27.577  15.415  -29.857 0.0000000000
79879  -26.672  13.095  -30.685 0.0000000000
138837  -28.840  14.432  -29.532 0.0000000000
82952  -31.154  15.884  -29.615 0.0000000000
72810  -30.520  6.457  -30.636 0.0000000000
72836  -31.188  6.232  -32.750 0.0000000000
65780  -21.224  -0.684  -25.957 0.0000000000
64789  -22.165  -0.952  -26.610 0.0000000000
64802  -23.339  -1.463  -27.194 0.0000000000
64803  -24.269  -1.437  -27.635 0.0000000000
62823  -25.773  -3.966  -27.703 0.0000000000
137658  -25.521  -3.190  -27.826 0.0000000000
151336  -26.809  -2.412  -28.638 0.0000000000
82031  -21.298  15.796  -31.810 0.0000000000
73828  -26.184  7.397  -30.407 0.0000000000
73846  -25.840  8.120  -31.155 0.0000000000
73829  -26.722  8.189  -30.548 0.0000000000
74846  -27.932  8.943  -30.014 0.0000000000
74826  -28.442  8.315  -29.598 0.0000000000
74827  -29.423  8.399  -29.562 0.0000000000
73811  -28.997  7.536  -29.399 0.0000000000
69783  -22.009  3.036  -29.038 0.0000000000
69791  -21.684  3.844  -29.145 0.0000000000
151179  -22.190  3.480  -29.374 0.0000000000
140355  -23.148  3.682  -30.005 0.0000000000
69807  -23.870  3.591  -30.136 0.0000000000
69793  -23.407  2.950  -29.724 0.0000000000
132278  -24.735  -0.275  -28.190 0.0000000000
65817  -25.872  -0.907  -28.346 0.0000000000
135486  -25.683  19.344  -29.876 0.0000000000
85683  -24.841  19.671  -29.917 0.0000000000
142109  -27.420  20.707  -30.110 0.0000000000
86556  -28.086  20.796  -30.742 0.0000000000
85685  -27.814  20.013  -30.131 0.0000000000
83880  -29.361  17.201  -29.479 0.0000000000
83895  -30.086  17.456  -29.954 0.0000000000
127568  -30.640  17.516  -30.461 0.0000000000
82964  -30.749  16.841  -29.918 0.0000000000
76940  -22.869  11.037  -32.080 0.0000000000
76927  -22.035  10.860  -31.554 0.0000000000
77908  -22.161  11.728  -31.862 0.0000000000
77923  -22.887  12.031  -32.249 0.0000000000
145937  -23.487  12.368  -32.496 0.0000000000
135115  -24.119  12.231  -32.577 0.0000000000
78866  -33.316  12.403  -30.562 0.0000000000
138284  -32.756  12.852  -29.843 0.0000000000
70737  -29.481  3.831  -30.358 0.0000000000
61707  -23.525  -4.821  -26.347 0.0000000000
62809  -23.784  -3.935  -26.738 0.0000000000
62808  -23.352  -2.965  -26.583 0.0000000000
67777  -21.610  1.686  -27.982 0.0000000000
67778  -22.291  1.514  -28.460 0.0000000000
67767  -21.966  0.997  -27.828 0.0000000000
65803  -22.186  0.353  -27.590 0.0000000000
65804  -22.663  -0.141  -27.592 0.0000000000
65815  -23.251  -0.005  -27.972 0.0000000000
84787  -23.839  18.389  -30.196 0.0000000000
140276  -24.812  17.989  -30.247 0.0000000000
83890  -24.138  17.480  -30.540 0.0000000000
82975  -23.878  16.091  -31.118 0.0000000000
82960  -24.511  16.696  -30.754 0.0000000000
82962  -26.414  16.505  -30.124 0.0000000000
130016  -25.896  15.873  -30.560 0.0000000000
72807  -22.506  6.930  -30.845 0.0000000000
73843  -23.474  7.803  -31.447 0.0000000000
75902  -24.819  9.277  -31.650 0.0000000000
74860  -23.718  8.601  -31.621 0.0000000000
75918  -23.935  10.023  -31.960 0.0000000000
75903  -25.623  10.053  -31.671 0.0000000000
76928  -25.580  10.734  -31.775 0.0000000000
76929  -26.214  10.349  -31.553 0.0000000000
75865  -29.627  9.899  -29.420 0.0000000000
76906  -28.697  10.395  -29.583 0.0000000000
76908  -30.393  10.384  -29.381 0.0000000000
76909  -31.102  10.921  -29.407 0.0000000000
76919  -31.678  10.396  -29.920 0.0000000000
76932  -32.490  10.575  -31.432 0.0000000000
76931  -32.028  10.016  -30.868 0.0000000000
74865  -31.600  8.183  -31.411 0.0000000000
144324  -32.123  9.096  -32.510 0.0000000000
73860  -31.839  7.280  -32.889 0.0000000000
59604  -25.004  -6.195  -26.532 0.0000000000
58587  -25.203  -6.406  -26.219 0.0000000000
71748  -21.744  5.886  -30.009 0.0000000000
71750  -24.275  5.440  -30.671 0.0000000000
71749  -23.500  5.423  -30.683 0.0000000000
72809  -24.862  6.197  -30.786 0.0000000000
133297  -25.338  5.752  -30.313 0.0000000000
148679  -26.321  6.246  -29.769 0.0000000000
70720  -25.647  4.296  -29.619 0.0000000000
141472  -26.212  3.709  -29.187 0.0000000000
67795  -23.359  1.671  -29.140 0.0000000000
68810  -23.678  2.298  -29.527 0.0000000000
67796  -24.101  1.753  -29.249 0.0000000000
67797  -25.642  1.545  -28.672 0.0000000000
68812  -26.931  2.947  -28.849 0.0000000000
67799  -27.311  1.907  -28.868 0.0000000000
134686  -27.886  0.992  -29.142 0.0000000000
65819  -27.641  -0.490  -28.928 0.0000000000
66828  -28.328  0.332  -29.176 0.0000000000
65831  -28.352  -0.104  -29.026 0.0000000000
65821  -28.660  0.043  -28.809 0.0000000000
147415  -26.569  18.281  -29.741 0.0000000000
84790  -28.440  19.188  -30.060 0.0000000000
75864  -21.470  8.648  -30.125 0.0000000000
79877  -20.627  13.187  -30.443 0.0000000000
79885  -21.028  14.009  -31.005 0.0000000000
80951  -21.755  15.105  -32.070 0.0000000000
79894  -22.346  14.376  -32.166 0.0000000000
80953  -25.169  13.997  -31.261 0.0000000000
80961  -24.354  14.303  -31.761 0.0000000000
80942  -25.746  14.601  -30.791 0.0000000000
82022  -26.234  15.203  -30.501 0.0000000000
80943  -26.540  14.468  -30.500 0.0000000000
144348  -27.072  11.927  -30.683 0.0000000000
78863  -26.590  12.301  -30.882 0.0000000000
78865  -28.000  12.714  -29.925 0.0000000000
80934  -31.548  14.359  -29.351 0.0000000000
79867  -29.166  13.603  -29.437 0.0000000000
80933  -30.634  14.232  -29.245 0.0000000000
134032  -30.128  14.910  -29.310 0.0000000000
82015  -31.790  15.144  -29.540 0.0000000000
82025  -32.671  15.466  -30.455 0.0000000000
134751  -28.113  5.953  -29.206 0.0000000000
136457  -29.519  6.612  -29.552 0.0000000000
140757  -30.065  5.979  -30.134 0.0000000000
72835  -30.692  5.264  -32.813 0.0000000000
63784  -22.157  -2.645  -25.818 0.0000000000
63783  -21.530  -2.011  -25.474 0.0000000000
64788  -21.638  -1.188  -26.093 0.0000000000
63811  -24.074  -2.260  -27.356 0.0000000000
63812  -24.978  -2.371  -27.735 0.0000000000
61723  -25.819  -4.619  -27.401 0.0000000000
63813  -26.066  -2.629  -28.207 0.0000000000
66791  -21.359  0.697  -26.981 0.0000000000
145332  -21.602  0.104  -26.874 0.0000000000
83900  -22.498  17.153  -31.231 0.0000000000
82974  -22.914  16.369  -31.462 0.0000000000
82033  -22.508  15.890  -32.059 0.0000000000
72827  -24.540  7.003  -31.234 0.0000000000
73844  -24.220  7.685  -31.493 0.0000000000
73845  -24.973  7.810  -31.495 0.0000000000
74862  -25.235  8.657  -31.528 0.0000000000
147912  -25.855  8.916  -31.346 0.0000000000
76930  -26.930  9.984  -31.295 0.0000000000
74864  -26.985  9.330  -31.208 0.0000000000
138944  -29.208  9.238  -29.611 0.0000000000
139725  -30.040  9.066  -29.498 0.0000000000
75886  -31.521  9.495  -30.231 0.0000000000
74829  -30.869  9.027  -29.752 0.0000000000
74847  -30.967  8.212  -30.091 0.0000000000
73831  -31.261  7.758  -30.786 0.0000000000
70719  -21.750  4.494  -29.451 0.0000000000
71729  -22.147  4.943  -29.909 0.0000000000
70736  -23.908  4.541  -30.498 0.0000000000
71751  -25.294  5.011  -30.063 0.0000000000
69794  -24.518  3.223  -29.770 0.0000000000
67782  -25.891  0.883  -28.533 0.0000000000
66815  -26.754  0.211  -28.665 0.0000000000
64818  -27.637  -1.368  -28.768 0.0000000000
135584  -23.292  19.157  -29.800 0.0000000000
86553  -24.901  20.317  -29.692 0.0000000000
86555  -26.624  21.091  -29.852 0.0000000000
86567  -28.720  20.661  -31.511 0.0000000000
83879  -28.631  18.115  -29.727 0.0000000000
84791  -29.356  18.698  -30.391 0.0000000000
84792  -30.167  18.175  -30.624 0.0000000000
77897  -20.939  11.433  -30.420 0.0000000000
78871  -21.656  12.406  -31.576 0.0000000000
130796  -21.820  13.112  -31.818 0.0000000000
129067  -23.109  13.708  -32.341 0.0000000000
78883  -23.733  13.029  -32.560 0.0000000000
79896  -24.691  13.406  -31.861 0.0000000000
129811  -25.376  13.151  -31.495 0.0000000000
78853  -30.382  12.375  -29.233 0.0000000000
78852  -29.465  12.747  -29.334 0.0000000000
133511  -31.024  12.789  -29.203 0.0000000000
79869  -32.148  13.661  -29.494 0.0000000000
80946  -33.480  14.220  -30.619 0.0000000000
71733  -28.619  5.082  -29.384 0.0000000000
152304  -29.560  5.699  -29.771 0.0000000000
71753  -29.713  4.921  -30.328 0.0000000000
71761  -30.225  4.478  -32.318 0.0000000000
62792  -22.231  -3.528  -25.584 0.0000000000
63800  -22.713  -2.389  -26.377 0.0000000000
62821  -24.056  -3.101  -27.133 0.0000000000
68801  -22.442  2.257  -29.032 0.0000000000
68809  -23.045  2.264  -29.392 0.0000000000
67779  -22.940  1.088  -28.602 0.0000000000
66812  -23.390  0.545  -28.397 0.0000000000
150727  -23.856  0.071  -28.214 0.0000000000
65816  -24.031  -0.531  -27.925 0.0000000000
84778  -22.324  19.162  -29.812 0.0000000000
137828  -26.395  19.037  -29.749 0.0000000000
83891  -25.066  17.317  -30.488 0.0000000000
83892  -25.894  17.435  -30.155 0.0000000000
83893  -26.808  17.401  -29.648 0.0000000000
83878  -27.742  17.388  -29.459 0.0000000000
82948  -27.905  16.585  -29.517 0.0000000000
82949  -28.728  16.517  -29.402 0.0000000000
74844  -22.132  8.402  -30.824 0.0000000000
151753  -23.979  8.124  -31.586 0.0000000000
74859  -22.929  8.515  -31.435 0.0000000000
75883  -22.453  9.294  -31.266 0.0000000000
132664  -23.306  9.432  -31.728 0.0000000000
75917  -23.302  10.268  -31.978 0.0000000000
76941  -23.750  10.804  -32.178 0.0000000000
77925  -24.330  11.392  -32.353 0.0000000000
77926  -24.997  11.101  -32.115 0.0000000000
77910  -26.114  11.122  -31.504 0.0000000000
141880  -27.245  11.286  -30.679 0.0000000000
76917  -27.398  10.483  -30.696 0.0000000000
77899  -27.942  11.087  -30.032 0.0000000000
133572  -28.761  11.385  -29.470 0.0000000000
77890  -30.565  11.627  -29.292 0.0000000000
144468  -32.482  11.468  -30.061 0.0000000000
77913  -33.390  11.875  -31.317 0.0000000000
77927  -32.898  11.137  -31.954 0.0000000000
76944  -32.519  10.379  -32.620 0.0000000000
75905  -31.837  9.063  -31.433 0.0000000000
68825  -29.188  2.563  -29.845 0.0000000000
60653  -24.097  -5.560  -26.480 0.0000000000
72808  -23.137  6.342  -30.913 0.0000000000
128194  -22.643  5.553  -30.459 0.0000000000
73810  -28.000  7.581  -29.410 0.0000000000
143097  -26.594  6.778  -29.759 0.0000000000
72788  -26.992  5.985  -29.453 0.0000000000
71730  -26.002  4.935  -29.543 0.0000000000
71731  -26.734  5.146  -29.335 0.0000000000
71732  -27.699  5.188  -29.231 0.0000000000
70723  -28.241  4.360  -29.317 0.0000000000
131794  -27.879  3.860  -29.185 0.0000000000
69797  -28.606  3.343  -29.535 0.0000000000
146643  -25.128  2.796  -29.258 0.0000000000
132494  -24.955  2.019  -29.015 0.0000000000
148190  -25.893  3.092  -29.048 0.0000000000
69796  -27.877  3.163  -29.155 0.0000000000
68814  -28.639  2.497  -29.535 0.0000000000
133599  -28.757  1.748  -29.519 0.0000000000
131798  -28.705  1.001  -29.359 0.0000000000
85690  -29.145  20.078  -31.299 0.0000000000
84798  -29.937  19.031  -31.103 0.0000000000
82043  -22.344  15.246  -32.200 0.0000000000
82044  -22.921  15.264  -32.091 0.0000000000
79895  -23.662  14.118  -32.247 0.0000000000
80952  -23.587  14.865  -31.922 0.0000000000
82035  -24.183  15.255  -31.375 0.0000000000
82021  -25.566  15.286  -30.733 0.0000000000
140002  -28.955  15.889  -29.465 0.0000000000
78873  -25.450  12.338  -31.759 0.0000000000
78874  -26.023  12.758  -31.190 0.0000000000
129381  -26.799  13.798  -30.508 0.0000000000
78851  -28.707  13.035  -29.592 0.0000000000
79881  -28.165  13.773  -29.781 0.0000000000
80944  -27.324  14.256  -30.192 0.0000000000
80931  -27.968  14.861  -29.818 0.0000000000
82013  -29.644  15.582  -29.361 0.0000000000
82951  -30.281  16.216  -29.439 0.0000000000
82965  -31.613  16.494  -30.327 0.0000000000
72791  -30.175  6.822  -29.952 0.0000000000
73847  -31.037  6.955  -31.010 0.0000000000
72828  -30.623  6.054  -31.882 0.0000000000
129518  -21.709  -0.532  -26.538 0.0000000000
64790  -22.684  -1.546  -26.713 0.0000000000
64801  -22.672  -0.796  -27.120 0.0000000000
61722  -24.964  -4.376  -27.364 0.0000000000
62822  -24.912  -3.577  -27.509 0.0000000000
64804  -25.274  -1.844  -27.942 0.0000000000
64816  -26.024  -1.771  -28.300 0.0000000000
64817  -26.876  -1.716  -28.691 0.0000000000
65830  -28.097  -0.201  -29.118 0.0000000000
70722  -27.377  4.488  -29.183 0.0000000000
70738  -29.774  3.960  -31.333 0.0000000000
71734  -29.262  4.936  -29.756 0.0000000000
72789  -27.536  6.792  -29.380 0.0000000000
72825  -23.095  7.129  -31.203 0.0000000000
73830  -30.644  7.438  -30.189 0.0000000000
74825  -27.518  8.299  -29.924 0.0000000000
74828  -30.349  8.271  -29.675 0.0000000000
74845  -27.253  8.852  -30.697 0.0000000000
75866  -30.444  9.658  -29.467 0.0000000000
75884  -27.535  9.606  -30.578 0.0000000000
75919  -24.582  9.904  -31.783 0.0000000000
75920  -25.098  9.830  -31.657 0.0000000000
76918  -27.914  10.218  -30.044 0.0000000000
76943  -25.061  10.375  -31.820 0.0000000000
77889  -29.650  11.777  -29.291 0.0000000000
77891  -31.352  11.941  -29.320 0.0000000000
77898  -26.621  11.546  -31.044 0.0000000000
77900  -31.923  11.232  -29.676 0.0000000000
77901  -32.884  11.965  -30.179 0.0000000000
77909  -25.498  11.516  -31.872 0.0000000000
77912  -32.838  11.371  -30.812 0.0000000000
77936  -32.944  10.995  -33.185 0.0000000000
78854  -31.838  12.783  -29.379 0.0000000000
78864  -27.234  12.570  -30.471 0.0000000000
78882  -22.964  12.871  -32.420 0.0000000000
78884  -24.395  12.811  -32.375 0.0000000000
78885  -24.872  12.016  -32.353 0.0000000000
79880  -27.374  13.388  -30.276 0.0000000000
79882  -33.441  13.287  -30.499 0.0000000000
79887  -22.346  13.437  -32.148 0.0000000000
80932  -29.714  14.234  -29.328 0.0000000000
80935  -32.329  14.514  -29.660 0.0000000000
82011  -28.142  15.760  -29.633 0.0000000000
82012  -28.799  15.225  -29.523 0.0000000000
82014  -30.969  15.023  -29.316 0.0000000000
82023  -27.049  15.129  -30.131 0.0000000000
82034  -23.321  15.621  -31.678 0.0000000000
82038  -33.643  15.475  -31.506 0.0000000000
82950  -29.519  16.408  -29.388 0.0000000000
82973  -22.101  16.622  -31.871 0.0000000000
83894  -29.447  17.907  -29.993 0.0000000000
84789  -25.652  18.365  -30.081 0.0000000000
86574  -28.761  20.732  -32.588 0.0000000000
129439  -24.095  13.548  -32.336 0.0000000000
129927  -31.246  13.527  -29.254 0.0000000000
130432  -30.273  11.113  -29.334 0.0000000000
133108  -27.636  11.924  -30.297 0.0000000000
134352  -29.410  14.875  -29.402 0.0000000000
136946  -32.915  13.895  -29.948 0.0000000000
137693  -24.589  4.896  -30.421 0.0000000000
138608  -25.459  9.406  -31.536 0.0000000000
138923  -27.163  16.723  -29.632 0.0000000000
141219  -26.570  15.737  -30.275 0.0000000000
141293  -28.556  17.265  -29.428 0.0000000000
145519  -30.441  15.528  -29.363 0.0000000000
146638  -28.226  11.889  -29.819 0.0000000000
149557  -32.394  15.150  -29.877 0.0000000000
150225  -28.962  9.769  -29.569 0.0000000000
152296  -33.171  11.875  -30.672 0.0000000000
