#!ascii label  , from subject sub-p011 vox2ras=TkReg
357
21406  39.564  -48.699  -17.039 0.0000000000
12439  40.654  -59.031  -24.296 0.0000000000
18695  36.894  -51.628  -16.243 0.0000000000
17007  42.863  -54.140  -19.682 0.0000000000
15192  34.095  -54.941  -22.119 0.0000000000
16993  35.498  -53.474  -19.389 0.0000000000
17025  30.928  -53.741  -21.084 0.0000000000
14214  42.006  -57.060  -21.177 0.0000000000
17928  39.244  -52.612  -23.238 0.0000000000
19526  42.255  -50.572  -16.572 0.0000000000
16958  39.978  -53.102  -17.734 0.0000000000
15177  38.049  -55.197  -20.657 0.0000000000
13331  37.646  -57.924  -22.625 0.0000000000
13355  32.079  -57.305  -25.020 0.0000000000
22353  37.342  -47.885  -14.388 0.0000000000
22339  42.869  -47.803  -13.559 0.0000000000
19493  38.020  -50.308  -13.236 0.0000000000
18733  37.427  -50.959  -21.117 0.0000000000
17891  31.923  -52.805  -19.392 0.0000000000
12418  41.886  -57.975  -22.482 0.0000000000
14239  42.954  -56.253  -22.759 0.0000000000
18672  39.441  -51.009  -15.924 0.0000000000
17855  38.374  -52.375  -17.248 0.0000000000
129522  34.822  -54.137  -20.799 0.0000000000
16040  36.897  -54.117  -19.722 0.0000000000
15190  36.500  -55.472  -21.509 0.0000000000
14218  37.797  -56.493  -21.801 0.0000000000
15199  35.073  -55.984  -22.463 0.0000000000
148221  34.424  -56.846  -25.179 0.0000000000
20368  41.863  -49.087  -11.769 0.0000000000
20385  41.350  -49.437  -13.897 0.0000000000
20370  39.119  -49.995  -12.263 0.0000000000
17887  41.942  -52.152  -19.333 0.0000000000
17900  39.692  -52.521  -20.883 0.0000000000
19607  40.233  -50.941  -23.558 0.0000000000
128235  39.151  -50.183  -22.923 0.0000000000
17840  34.714  -51.945  -16.856 0.0000000000
17873  36.336  -52.780  -18.053 0.0000000000
126578  34.183  -52.435  -18.133 0.0000000000
16995  33.710  -53.144  -19.875 0.0000000000
16070  32.611  -54.143  -21.672 0.0000000000
15173  42.762  -55.538  -20.303 0.0000000000
17021  40.802  -53.799  -21.577 0.0000000000
16079  41.887  -55.124  -22.558 0.0000000000
17045  40.395  -53.557  -24.023 0.0000000000
12465  40.379  -59.185  -26.340 0.0000000000
21404  42.061  -48.866  -16.698 0.0000000000
18714  42.493  -51.927  -18.077 0.0000000000
16024  41.654  -54.065  -18.507 0.0000000000
16976  37.824  -53.311  -18.368 0.0000000000
16026  39.209  -54.071  -18.807 0.0000000000
15163  41.809  -55.339  -19.516 0.0000000000
14206  40.415  -56.476  -20.703 0.0000000000
13319  40.134  -57.765  -21.694 0.0000000000
11550  39.710  -59.104  -22.964 0.0000000000
14233  33.742  -56.034  -23.231 0.0000000000
14241  35.252  -56.724  -23.246 0.0000000000
12441  37.222  -58.068  -24.026 0.0000000000
11570  38.825  -59.219  -24.794 0.0000000000
22363  35.683  -47.790  -15.389 0.0000000000
22379  38.402  -48.109  -15.993 0.0000000000
127063  39.237  -47.711  -14.094 0.0000000000
22377  40.993  -47.806  -15.840 0.0000000000
20392  42.951  -48.813  -15.080 0.0000000000
19500  40.506  -50.038  -14.700 0.0000000000
19517  37.793  -50.736  -14.887 0.0000000000
19504  36.440  -50.836  -13.630 0.0000000000
18676  35.296  -51.389  -15.210 0.0000000000
18736  38.181  -51.496  -22.157 0.0000000000
21395  37.910  -48.493  -16.608 0.0000000000
21408  37.329  -48.913  -17.275 0.0000000000
21407  38.423  -48.830  -17.135 0.0000000000
12430  41.358  -58.494  -23.776 0.0000000000
12429  42.071  -57.990  -23.140 0.0000000000
18694  38.053  -51.723  -16.509 0.0000000000
17836  38.913  -52.065  -16.912 0.0000000000
17837  37.405  -52.186  -17.012 0.0000000000
16068  34.504  -54.541  -21.485 0.0000000000
16067  35.321  -54.704  -21.259 0.0000000000
15191  34.998  -55.286  -21.960 0.0000000000
14220  35.877  -55.906  -22.158 0.0000000000
15200  34.354  -55.685  -22.551 0.0000000000
12455  33.288  -58.258  -26.287 0.0000000000
20369  40.210  -49.547  -12.263 0.0000000000
17898  42.220  -52.948  -19.764 0.0000000000
17899  40.834  -52.496  -20.240 0.0000000000
20468  40.623  -49.545  -22.810 0.0000000000
17858  34.692  -52.244  -17.508 0.0000000000
17859  33.213  -52.286  -17.658 0.0000000000
127358  31.782  -53.084  -20.054 0.0000000000
16996  32.687  -52.934  -19.838 0.0000000000
17013  32.403  -53.356  -20.580 0.0000000000
17023  32.944  -53.726  -21.112 0.0000000000
16071  31.666  -54.141  -21.684 0.0000000000
14204  42.549  -56.176  -20.691 0.0000000000
16063  42.975  -55.313  -21.021 0.0000000000
126668  42.764  -56.441  -21.295 0.0000000000
16097  41.990  -55.296  -23.623 0.0000000000
16110  41.095  -54.357  -24.179 0.0000000000
17937  41.386  -52.887  -24.507 0.0000000000
20407  42.680  -49.229  -16.222 0.0000000000
20415  42.420  -49.633  -17.027 0.0000000000
19525  42.540  -50.115  -16.572 0.0000000000
17872  42.395  -52.783  -18.401 0.0000000000
16973  40.710  -53.583  -18.138 0.0000000000
16978  35.875  -53.130  -18.674 0.0000000000
16961  37.120  -52.893  -18.058 0.0000000000
16992  36.407  -53.616  -19.223 0.0000000000
16050  37.395  -54.601  -20.224 0.0000000000
16039  37.779  -54.253  -19.557 0.0000000000
15165  39.122  -55.082  -20.011 0.0000000000
16038  39.781  -54.667  -19.227 0.0000000000
15164  40.440  -55.306  -19.645 0.0000000000
15175  41.110  -55.909  -20.099 0.0000000000
127413  39.866  -55.780  -20.346 0.0000000000
13321  38.199  -57.336  -22.169 0.0000000000
13320  39.156  -57.609  -21.903 0.0000000000
13330  38.586  -58.191  -22.436 0.0000000000
12420  39.814  -58.729  -22.561 0.0000000000
12422  38.111  -58.592  -22.914 0.0000000000
9926  31.552  -61.341  -23.697 0.0000000000
13378  31.870  -58.128  -25.330 0.0000000000
12442  31.229  -58.508  -24.853 0.0000000000
14259  32.444  -56.631  -24.477 0.0000000000
14242  34.467  -56.471  -23.639 0.0000000000
14258  33.533  -56.488  -24.264 0.0000000000
127737  35.813  -57.083  -25.191 0.0000000000
13351  36.254  -57.375  -24.230 0.0000000000
147667  37.675  -58.169  -24.922 0.0000000000
12440  38.152  -58.718  -24.296 0.0000000000
12453  38.333  -58.707  -25.373 0.0000000000
23394  34.882  -47.325  -15.209 0.0000000000
22354  36.512  -47.903  -14.919 0.0000000000
22362  36.534  -48.045  -15.701 0.0000000000
22361  37.607  -48.015  -15.360 0.0000000000
22327  42.457  -47.746  -12.620 0.0000000000
22341  40.205  -47.624  -13.373 0.0000000000
22340  41.595  -47.558  -13.413 0.0000000000
128607  40.570  -47.558  -15.104 0.0000000000
22349  42.642  -47.832  -14.694 0.0000000000
21377  42.906  -48.403  -15.157 0.0000000000
21372  43.117  -48.314  -14.356 0.0000000000
19492  39.054  -50.048  -13.662 0.0000000000
20386  39.973  -49.848  -14.011 0.0000000000
19501  39.366  -50.263  -14.527 0.0000000000
19516  38.819  -50.635  -15.157 0.0000000000
19502  38.347  -50.406  -14.227 0.0000000000
17812  35.127  -52.395  -13.139 0.0000000000
125677  35.574  -51.318  -13.679 0.0000000000
133389  35.798  -51.115  -14.398 0.0000000000
17022  39.753  -53.383  -22.067 0.0000000000
17916  38.671  -52.054  -22.658 0.0000000000
20470  38.671  -49.682  -22.530 0.0000000000
13317  41.909  -57.648  -21.859 0.0000000000
128163  42.805  -56.676  -21.836 0.0000000000
18671  40.553  -50.837  -16.034 0.0000000000
19527  41.389  -51.194  -16.596 0.0000000000
18692  40.188  -51.447  -16.487 0.0000000000
16959  38.784  -53.034  -17.873 0.0000000000
17010  35.173  -53.780  -20.120 0.0000000000
16041  36.027  -53.946  -19.925 0.0000000000
16052  35.665  -54.304  -20.601 0.0000000000
16051  36.510  -54.462  -20.411 0.0000000000
15178  36.997  -55.003  -20.902 0.0000000000
15188  38.372  -55.955  -21.226 0.0000000000
15189  37.417  -55.701  -21.361 0.0000000000
14219  36.856  -56.238  -21.966 0.0000000000
14230  36.340  -56.812  -22.518 0.0000000000
13353  34.514  -56.679  -24.557 0.0000000000
13376  33.528  -57.439  -25.746 0.0000000000
13375  34.375  -57.229  -25.767 0.0000000000
21358  42.897  -48.033  -12.781 0.0000000000
126034  42.725  -48.886  -13.460 0.0000000000
20375  41.733  -49.106  -12.733 0.0000000000
20376  40.112  -49.603  -13.209 0.0000000000
20377  39.032  -49.890  -12.854 0.0000000000
18731  39.625  -51.982  -20.323 0.0000000000
18732  38.054  -51.547  -21.307 0.0000000000
18762  39.606  -51.789  -23.568 0.0000000000
19608  39.177  -50.968  -23.226 0.0000000000
19581  39.959  -50.217  -23.132 0.0000000000
21463  40.272  -48.940  -22.389 0.0000000000
18696  35.889  -51.604  -16.074 0.0000000000
17838  36.438  -52.038  -16.847 0.0000000000
140753  35.258  -52.212  -17.320 0.0000000000
17874  35.325  -52.586  -18.001 0.0000000000
16979  34.910  -52.966  -18.804 0.0000000000
17888  33.982  -52.772  -19.059 0.0000000000
16994  34.607  -53.303  -19.593 0.0000000000
127455  33.810  -53.506  -20.435 0.0000000000
16069  33.309  -54.136  -21.537 0.0000000000
15162  42.666  -55.127  -19.744 0.0000000000
17008  42.639  -53.710  -20.097 0.0000000000
16049  42.863  -54.528  -20.440 0.0000000000
16065  41.359  -54.510  -22.018 0.0000000000
16080  40.831  -54.576  -22.854 0.0000000000
15198  42.655  -55.651  -22.569 0.0000000000
16098  41.088  -54.717  -23.408 0.0000000000
17046  39.801  -53.342  -23.534 0.0000000000
18761  40.519  -51.674  -23.926 0.0000000000
130420  41.200  -50.981  -23.778 0.0000000000
12452  40.522  -59.093  -25.221 0.0000000000
21405  40.805  -48.665  -16.955 0.0000000000
20416  41.376  -49.353  -17.386 0.0000000000
16971  42.656  -53.340  -18.840 0.0000000000
16989  42.775  -53.749  -19.217 0.0000000000
16975  38.721  -53.585  -18.445 0.0000000000
16991  37.321  -53.755  -19.053 0.0000000000
16027  38.253  -53.908  -18.931 0.0000000000
16974  39.594  -53.606  -18.250 0.0000000000
16025  40.313  -54.181  -18.591 0.0000000000
16037  41.077  -54.786  -18.987 0.0000000000
16035  42.786  -54.398  -19.460 0.0000000000
14205  41.641  -56.505  -20.573 0.0000000000
14215  40.859  -57.182  -21.106 0.0000000000
14207  39.339  -56.245  -21.005 0.0000000000
14216  39.768  -57.010  -21.335 0.0000000000
13318  41.093  -57.780  -21.645 0.0000000000
12411  40.372  -58.332  -22.148 0.0000000000
12419  40.411  -58.726  -22.649 0.0000000000
141349  40.717  -58.938  -23.601 0.0000000000
16082  32.328  -54.656  -22.247 0.0000000000
11572  30.857  -59.847  -24.127 0.0000000000
15215  32.813  -55.606  -23.082 0.0000000000
14232  34.705  -56.326  -22.918 0.0000000000
14231  35.504  -56.556  -22.719 0.0000000000
13332  36.791  -57.563  -22.836 0.0000000000
13352  35.384  -56.893  -24.451 0.0000000000
13341  36.546  -57.604  -23.399 0.0000000000
12423  37.319  -58.154  -23.164 0.0000000000
12431  38.549  -58.954  -23.332 0.0000000000
11569  39.375  -59.429  -24.182 0.0000000000
128332  39.980  -59.468  -24.747 0.0000000000
11583  39.922  -59.489  -25.733 0.0000000000
22383  34.498  -47.418  -16.608 0.0000000000
22364  34.238  -47.083  -15.887 0.0000000000
126852  35.745  -47.947  -16.038 0.0000000000
22381  36.276  -48.237  -16.381 0.0000000000
22380  37.288  -48.229  -16.139 0.0000000000
21394  39.044  -48.316  -16.487 0.0000000000
22329  39.849  -47.732  -12.547 0.0000000000
22352  38.399  -47.856  -14.722 0.0000000000
22359  39.466  -47.711  -14.963 0.0000000000
22378  39.743  -47.838  -15.782 0.0000000000
21393  40.256  -48.190  -16.402 0.0000000000
21392  41.547  -48.217  -16.282 0.0000000000
21390  42.875  -48.871  -15.599 0.0000000000
148143  42.812  -49.181  -15.476 0.0000000000
134765  42.587  -49.199  -14.303 0.0000000000
20394  41.798  -49.701  -14.911 0.0000000000
145729  41.078  -50.327  -15.488 0.0000000000
19515  39.891  -50.531  -15.319 0.0000000000
18673  38.398  -51.134  -15.797 0.0000000000
18674  37.339  -51.174  -15.578 0.0000000000
18662  36.766  -50.836  -14.578 0.0000000000
18675  36.287  -51.222  -15.324 0.0000000000
17905  40.230  -53.077  -21.166 0.0000000000
17906  39.271  -52.713  -21.618 0.0000000000
18737  37.669  -50.918  -21.733 0.0000000000
19582  38.532  -50.532  -22.714 0.0000000000
143915  38.060  -50.162  -22.377 0.0000000000
9162  31.911  -61.988  -23.452 0.0000000000
10706  31.187  -60.651  -23.894 0.0000000000
11549  40.289  -59.081  -23.223 0.0000000000
11557  39.686  -59.311  -23.486 0.0000000000
11558  39.161  -59.244  -23.389 0.0000000000
11568  40.115  -59.368  -23.885 0.0000000000
11584  39.408  -59.445  -25.259 0.0000000000
12410  41.173  -58.260  -22.238 0.0000000000
12412  39.525  -58.313  -22.259 0.0000000000
12421  39.041  -58.870  -22.790 0.0000000000
12432  37.927  -58.609  -23.521 0.0000000000
12438  41.253  -58.477  -24.661 0.0000000000
12451  41.067  -58.516  -25.641 0.0000000000
13316  42.468  -57.078  -21.629 0.0000000000
13333  35.976  -57.173  -22.999 0.0000000000
13340  42.536  -57.401  -23.433 0.0000000000
13342  35.756  -57.079  -23.618 0.0000000000
13343  35.065  -56.721  -23.885 0.0000000000
13354  32.997  -56.993  -25.096 0.0000000000
13356  31.317  -57.663  -24.714 0.0000000000
13377  32.671  -57.773  -25.616 0.0000000000
14203  42.940  -55.727  -20.856 0.0000000000
14217  38.766  -56.758  -21.601 0.0000000000
14228  43.036  -56.012  -21.883 0.0000000000
14229  37.246  -57.087  -22.337 0.0000000000
15161  42.932  -54.971  -20.148 0.0000000000
15174  42.272  -55.792  -20.113 0.0000000000
15176  38.930  -55.633  -20.658 0.0000000000
15202  32.114  -55.242  -22.765 0.0000000000
16023  42.622  -53.962  -18.888 0.0000000000
16036  42.299  -54.663  -19.113 0.0000000000
16053  33.876  -53.879  -21.021 0.0000000000
16064  42.615  -54.875  -21.411 0.0000000000
16066  36.131  -54.828  -21.067 0.0000000000
16078  42.844  -55.460  -21.816 0.0000000000
16972  42.283  -53.408  -18.481 0.0000000000
16977  36.811  -53.265  -18.563 0.0000000000
16990  42.764  -53.446  -19.385 0.0000000000
17009  41.512  -53.338  -20.634 0.0000000000
17011  34.349  -53.607  -20.323 0.0000000000
17012  33.250  -53.408  -20.488 0.0000000000
17020  42.155  -54.104  -20.987 0.0000000000
17024  32.137  -53.700  -21.196 0.0000000000
17032  40.279  -54.126  -23.395 0.0000000000
17033  39.571  -53.499  -22.903 0.0000000000
17055  41.003  -53.561  -24.402 0.0000000000
17839  35.537  -51.938  -16.775 0.0000000000
17857  35.975  -52.368  -17.415 0.0000000000
17886  42.651  -52.766  -19.105 0.0000000000
17889  33.228  -52.717  -19.276 0.0000000000
17890  32.503  -52.616  -18.968 0.0000000000
17901  38.854  -52.170  -21.077 0.0000000000
17907  38.544  -52.192  -21.928 0.0000000000
17915  39.052  -52.805  -22.431 0.0000000000
17927  40.062  -52.634  -23.936 0.0000000000
17938  40.670  -53.018  -24.283 0.0000000000
18693  39.100  -51.586  -16.447 0.0000000000
18744  38.492  -51.327  -22.737 0.0000000000
18745  37.982  -50.837  -22.318 0.0000000000
18763  38.915  -51.791  -23.157 0.0000000000
18778  40.909  -52.298  -24.229 0.0000000000
19513  42.616  -49.630  -15.906 0.0000000000
19514  42.222  -50.024  -15.728 0.0000000000
19572  37.154  -50.314  -21.349 0.0000000000
20364  39.631  -49.939  -11.910 0.0000000000
20374  42.474  -48.566  -12.531 0.0000000000
20384  43.051  -48.720  -14.321 0.0000000000
20393  42.763  -49.228  -15.131 0.0000000000
20406  42.743  -49.349  -15.876 0.0000000000
20414  42.592  -49.895  -16.617 0.0000000000
20469  39.650  -49.569  -22.712 0.0000000000
21368  43.052  -48.365  -13.527 0.0000000000
21391  42.602  -48.529  -15.938 0.0000000000
22350  41.738  -47.528  -14.378 0.0000000000
22351  40.430  -47.560  -14.238 0.0000000000
22357  42.204  -47.914  -15.578 0.0000000000
22358  41.518  -47.593  -15.250 0.0000000000
22360  38.713  -47.927  -15.423 0.0000000000
124231  41.173  -58.584  -22.966 0.0000000000
125082  35.763  -55.235  -21.585 0.0000000000
127896  40.287  -54.064  -22.531 0.0000000000
129266  38.725  -59.152  -23.918 0.0000000000
133931  34.989  -47.636  -15.973 0.0000000000
134832  38.713  -54.438  -19.428 0.0000000000
136853  33.886  -56.847  -25.134 0.0000000000
138198  34.949  -56.888  -25.211 0.0000000000
138796  41.303  -51.589  -24.108 0.0000000000
140145  41.631  -53.402  -18.169 0.0000000000
140246  33.819  -54.406  -21.674 0.0000000000
143417  42.748  -53.248  -19.058 0.0000000000
143752  40.675  -47.674  -15.553 0.0000000000
145919  31.616  -53.442  -20.741 0.0000000000
146332  38.340  -58.878  -23.742 0.0000000000
146818  38.198  -54.685  -20.004 0.0000000000
148993  31.574  -53.719  -21.191 0.0000000000
149643  41.578  -50.619  -16.118 0.0000000000
