#!ascii label  , from subject sub-p011 vox2ras=TkReg
323
75621  27.665  3.850  -28.237 0.0000000000
65899  23.110  -5.197  -27.215 0.0000000000
80587  27.640  9.862  -28.202 0.0000000000
90571  27.148  20.982  -31.432 0.0000000000
64914  21.379  -6.287  -26.323 0.0000000000
134158  28.491  11.902  -31.856 0.0000000000
85175  28.523  14.762  -32.719 0.0000000000
141238  25.316  1.927  -27.500 0.0000000000
70855  24.987  -1.328  -28.482 0.0000000000
72681  27.270  1.013  -29.745 0.0000000000
77730  28.565  5.896  -31.479 0.0000000000
148375  29.528  3.080  -31.805 0.0000000000
142759  27.768  7.105  -28.014 0.0000000000
79685  28.479  8.653  -31.550 0.0000000000
137808  27.305  18.457  -30.313 0.0000000000
87901  28.776  17.532  -33.594 0.0000000000
66849  24.812  -4.486  -28.737 0.0000000000
132065  28.501  14.234  -30.464 0.0000000000
86122  28.564  15.745  -31.310 0.0000000000
73602  26.614  2.877  -27.726 0.0000000000
72671  26.545  1.220  -28.175 0.0000000000
73621  27.680  2.421  -29.338 0.0000000000
65887  22.676  -5.700  -26.726 0.0000000000
79664  27.765  8.844  -28.132 0.0000000000
79663  28.359  8.355  -29.116 0.0000000000
80604  28.526  9.826  -30.154 0.0000000000
130002  28.594  12.683  -34.282 0.0000000000
82504  28.544  11.347  -33.477 0.0000000000
89772  25.214  20.402  -31.306 0.0000000000
88847  25.711  18.382  -30.198 0.0000000000
89771  27.721  19.573  -31.144 0.0000000000
90612  28.318  20.236  -37.569 0.0000000000
135012  28.540  19.346  -37.495 0.0000000000
88882  28.988  18.961  -34.492 0.0000000000
131426  28.561  18.140  -35.992 0.0000000000
87013  28.499  16.691  -35.610 0.0000000000
69919  25.582  -2.312  -30.404 0.0000000000
144776  24.746  -3.245  -29.611 0.0000000000
64898  20.903  -6.820  -25.879 0.0000000000
81518  28.417  11.043  -29.493 0.0000000000
136608  28.593  12.188  -30.025 0.0000000000
84278  28.469  13.355  -31.926 0.0000000000
85185  28.394  14.180  -34.322 0.0000000000
70844  24.178  -1.029  -27.709 0.0000000000
71718  24.956  0.419  -27.507 0.0000000000
71727  26.278  -0.528  -29.459 0.0000000000
70878  26.902  -1.364  -31.034 0.0000000000
75632  28.492  4.938  -30.036 0.0000000000
73634  28.172  3.222  -30.989 0.0000000000
75651  28.735  4.338  -31.727 0.0000000000
75608  26.612  4.395  -27.583 0.0000000000
77695  25.177  6.068  -27.747 0.0000000000
76678  27.647  5.557  -27.898 0.0000000000
77720  28.433  6.841  -30.100 0.0000000000
78701  28.490  7.811  -31.337 0.0000000000
147908  29.205  8.662  -33.570 0.0000000000
81548  28.487  10.396  -31.570 0.0000000000
81577  28.903  10.480  -33.771 0.0000000000
87873  27.389  17.129  -29.819 0.0000000000
91395  28.394  20.943  -32.915 0.0000000000
89780  28.770  19.159  -32.064 0.0000000000
88870  28.905  18.407  -32.437 0.0000000000
86979  28.534  16.591  -30.995 0.0000000000
132087  28.594  16.137  -33.660 0.0000000000
142556  28.470  15.395  -35.637 0.0000000000
129322  22.813  -4.231  -27.593 0.0000000000
69883  23.839  -2.044  -27.945 0.0000000000
73651  27.973  1.950  -31.148 0.0000000000
71765  27.786  0.239  -31.501 0.0000000000
137513  28.217  15.053  -29.986 0.0000000000
144937  27.716  15.469  -29.605 0.0000000000
74571  27.315  3.242  -28.045 0.0000000000
73611  27.301  2.540  -28.353 0.0000000000
74585  27.713  3.189  -28.783 0.0000000000
63873  19.848  -7.942  -24.935 0.0000000000
63888  20.385  -7.341  -25.442 0.0000000000
141265  26.989  9.129  -27.687 0.0000000000
80586  28.233  9.352  -28.848 0.0000000000
80572  28.262  10.101  -28.864 0.0000000000
146311  28.713  13.499  -35.397 0.0000000000
84299  29.071  13.047  -35.506 0.0000000000
141133  26.467  20.803  -31.220 0.0000000000
90563  25.959  20.316  -30.939 0.0000000000
89763  26.196  19.599  -30.587 0.0000000000
90570  27.717  20.286  -31.591 0.0000000000
88894  28.577  18.951  -36.654 0.0000000000
87937  28.663  17.829  -37.932 0.0000000000
68915  26.492  -2.480  -30.894 0.0000000000
68906  26.007  -3.116  -30.625 0.0000000000
66828  21.415  -4.738  -26.879 0.0000000000
82474  28.381  11.931  -29.254 0.0000000000
83358  28.210  12.601  -28.993 0.0000000000
131643  28.566  14.143  -31.426 0.0000000000
84272  28.566  13.447  -30.944 0.0000000000
132086  28.466  14.051  -32.371 0.0000000000
130574  28.393  14.037  -33.305 0.0000000000
85179  28.445  14.718  -33.529 0.0000000000
92165  26.690  22.160  -31.905 0.0000000000
71719  24.139  0.631  -27.552 0.0000000000
72661  24.718  1.263  -27.496 0.0000000000
141761  26.774  0.519  -29.254 0.0000000000
71728  26.153  0.276  -28.372 0.0000000000
132858  26.757  -0.499  -30.400 0.0000000000
63887  21.251  -7.364  -25.390 0.0000000000
76713  28.475  5.387  -30.816 0.0000000000
75641  28.435  4.619  -31.030 0.0000000000
76721  28.617  5.105  -31.676 0.0000000000
146679  25.082  3.996  -27.728 0.0000000000
78663  26.311  7.487  -27.673 0.0000000000
77694  27.083  6.896  -27.680 0.0000000000
77680  26.904  6.065  -27.670 0.0000000000
77693  27.727  6.404  -27.979 0.0000000000
77692  28.193  5.932  -28.536 0.0000000000
78661  28.169  6.796  -28.571 0.0000000000
79675  28.491  8.478  -30.469 0.0000000000
132734  28.562  8.066  -32.287 0.0000000000
78717  28.768  8.304  -33.068 0.0000000000
79696  28.505  8.829  -32.475 0.0000000000
82492  28.524  11.242  -31.215 0.0000000000
81534  28.545  10.595  -30.423 0.0000000000
82500  28.424  11.048  -32.398 0.0000000000
81588  29.070  11.197  -34.252 0.0000000000
81587  29.603  10.398  -34.516 0.0000000000
88846  26.523  18.146  -29.916 0.0000000000
87875  25.831  17.571  -29.792 0.0000000000
87874  26.708  17.559  -29.703 0.0000000000
137126  26.538  16.985  -29.552 0.0000000000
140437  27.689  17.804  -30.215 0.0000000000
90606  28.414  20.353  -36.838 0.0000000000
90607  27.972  20.935  -37.119 0.0000000000
134669  29.052  20.594  -34.470 0.0000000000
89794  29.242  19.881  -34.214 0.0000000000
87907  28.740  17.793  -34.441 0.0000000000
88876  28.959  18.411  -33.440 0.0000000000
87899  28.832  17.676  -32.848 0.0000000000
87881  28.574  17.528  -31.231 0.0000000000
146483  28.720  17.109  -32.487 0.0000000000
130575  28.666  16.330  -32.584 0.0000000000
87007  28.632  16.891  -34.098 0.0000000000
87027  28.687  16.580  -37.261 0.0000000000
131142  28.496  16.001  -35.790 0.0000000000
86157  28.794  15.815  -37.060 0.0000000000
86151  28.591  15.524  -36.322 0.0000000000
67852  22.055  -3.640  -27.417 0.0000000000
131769  23.375  -1.415  -27.740 0.0000000000
69899  24.477  -2.161  -28.552 0.0000000000
67874  25.087  -3.688  -29.828 0.0000000000
67865  24.549  -3.955  -29.201 0.0000000000
66850  24.623  -4.360  -28.907 0.0000000000
66851  24.024  -4.368  -28.550 0.0000000000
73635  27.924  2.368  -30.491 0.0000000000
133027  28.650  2.737  -31.554 0.0000000000
84248  28.298  13.345  -29.356 0.0000000000
85147  28.275  14.143  -29.629 0.0000000000
85160  28.524  15.014  -30.996 0.0000000000
146334  28.574  15.274  -31.563 0.0000000000
73603  25.788  2.549  -27.547 0.0000000000
72659  26.189  1.920  -27.678 0.0000000000
141051  26.859  2.005  -27.979 0.0000000000
72670  27.214  1.618  -28.872 0.0000000000
126512  27.593  1.651  -29.929 0.0000000000
64913  22.241  -6.275  -26.316 0.0000000000
130646  22.577  -6.573  -25.755 0.0000000000
64912  23.108  -6.097  -26.050 0.0000000000
78711  29.099  6.945  -32.801 0.0000000000
77737  29.403  5.951  -32.665 0.0000000000
79651  27.010  8.487  -27.494 0.0000000000
79650  27.725  8.218  -27.921 0.0000000000
79649  28.098  7.693  -28.355 0.0000000000
124757  28.477  9.174  -29.787 0.0000000000
130207  28.502  9.254  -30.799 0.0000000000
83402  28.430  12.421  -33.449 0.0000000000
128765  28.396  11.852  -32.753 0.0000000000
83407  28.749  11.983  -34.204 0.0000000000
83412  29.514  12.269  -35.315 0.0000000000
88854  26.409  18.839  -30.289 0.0000000000
89761  27.803  18.933  -30.780 0.0000000000
89809  28.656  19.938  -36.135 0.0000000000
89801  28.989  19.864  -35.066 0.0000000000
131815  28.699  18.284  -35.176 0.0000000000
87912  28.573  17.516  -35.391 0.0000000000
143500  28.576  16.975  -34.887 0.0000000000
87920  28.475  17.268  -36.216 0.0000000000
87928  28.593  17.231  -37.401 0.0000000000
136768  25.403  -1.613  -29.394 0.0000000000
68893  25.050  -2.372  -29.580 0.0000000000
68907  25.432  -3.154  -30.343 0.0000000000
67863  25.464  -3.540  -30.019 0.0000000000
64915  20.530  -6.127  -26.142 0.0000000000
65889  20.946  -5.515  -26.530 0.0000000000
65888  21.835  -5.678  -26.710 0.0000000000
65900  22.341  -5.139  -27.078 0.0000000000
81519  27.085  11.189  -28.537 0.0000000000
145052  28.293  10.668  -29.060 0.0000000000
81507  28.151  11.315  -28.840 0.0000000000
82484  28.572  11.504  -30.164 0.0000000000
134890  28.560  12.041  -30.838 0.0000000000
84262  28.536  13.486  -30.060 0.0000000000
83391  28.508  12.677  -31.414 0.0000000000
83399  28.415  12.577  -32.408 0.0000000000
84290  28.426  13.299  -33.880 0.0000000000
85190  28.541  13.994  -35.295 0.0000000000
90572  25.734  20.949  -31.335 0.0000000000
91384  26.410  21.542  -31.520 0.0000000000
91383  27.250  21.705  -31.869 0.0000000000
139236  24.417  -0.074  -27.530 0.0000000000
70843  25.007  -0.407  -27.792 0.0000000000
72660  25.697  1.008  -27.660 0.0000000000
71717  25.536  0.136  -27.877 0.0000000000
70854  25.649  -0.674  -28.626 0.0000000000
70868  25.834  -1.456  -29.986 0.0000000000
69932  26.424  -2.100  -31.015 0.0000000000
69931  27.171  -1.822  -31.125 0.0000000000
75620  28.338  4.625  -29.213 0.0000000000
74584  28.126  3.873  -29.082 0.0000000000
74594  28.424  4.035  -30.160 0.0000000000
149946  28.435  3.952  -31.192 0.0000000000
75650  29.302  4.005  -32.042 0.0000000000
76735  29.211  4.920  -32.238 0.0000000000
75659  29.861  4.469  -32.312 0.0000000000
74630  30.132  3.790  -32.093 0.0000000000
139650  25.625  3.363  -27.561 0.0000000000
131965  26.380  3.716  -27.589 0.0000000000
75607  27.502  4.605  -27.865 0.0000000000
77681  25.982  5.693  -27.543 0.0000000000
76679  26.791  5.210  -27.588 0.0000000000
76690  28.121  5.090  -28.461 0.0000000000
76689  28.404  5.418  -29.227 0.0000000000
76706  28.470  5.636  -29.973 0.0000000000
138389  28.485  6.149  -30.500 0.0000000000
78675  28.372  7.284  -29.257 0.0000000000
128841  28.497  6.840  -31.176 0.0000000000
78712  28.809  7.634  -32.847 0.0000000000
78716  29.530  7.769  -33.473 0.0000000000
127338  28.448  10.305  -29.567 0.0000000000
124650  28.521  9.908  -30.959 0.0000000000
80617  28.462  9.509  -31.812 0.0000000000
81563  28.449  10.126  -32.510 0.0000000000
80628  28.493  9.465  -32.692 0.0000000000
80639  29.253  9.520  -33.913 0.0000000000
86968  27.424  16.194  -29.638 0.0000000000
91396  27.808  21.730  -32.595 0.0000000000
91403  28.708  21.178  -33.847 0.0000000000
90583  27.799  21.006  -32.074 0.0000000000
90582  28.368  20.263  -32.277 0.0000000000
90569  28.303  19.677  -31.740 0.0000000000
89770  28.330  19.008  -31.298 0.0000000000
128353  29.125  19.421  -33.519 0.0000000000
135723  29.006  19.056  -32.807 0.0000000000
88853  28.208  18.230  -30.753 0.0000000000
87882  28.165  17.316  -30.476 0.0000000000
86980  28.034  16.494  -30.194 0.0000000000
86114  28.309  15.795  -30.556 0.0000000000
149025  28.623  15.516  -32.120 0.0000000000
126931  28.571  15.447  -33.119 0.0000000000
131702  28.506  16.016  -34.867 0.0000000000
86140  28.448  15.218  -34.110 0.0000000000
86145  28.428  14.883  -35.069 0.0000000000
85196  28.600  14.638  -35.992 0.0000000000
66841  22.144  -4.423  -27.270 0.0000000000
132849  22.833  -4.767  -27.376 0.0000000000
68879  23.526  -2.718  -27.960 0.0000000000
68894  24.112  -3.021  -28.590 0.0000000000
68895  23.671  -3.647  -28.228 0.0000000000
67851  23.424  -4.169  -27.964 0.0000000000
66840  23.527  -4.675  -27.786 0.0000000000
74595  28.120  3.172  -29.780 0.0000000000
128524  27.725  1.651  -30.767 0.0000000000
73650  28.479  1.795  -31.538 0.0000000000
72708  27.906  1.245  -31.299 0.0000000000
72693  27.439  0.865  -30.742 0.0000000000
71752  27.255  -0.363  -31.120 0.0000000000
67864  25.021  -4.170  -29.418 0.0000000000
69918  25.984  -2.628  -30.844 0.0000000000
70867  26.336  -1.434  -30.602 0.0000000000
71740  27.110  0.315  -30.256 0.0000000000
74619  28.725  3.557  -31.609 0.0000000000
76680  25.918  4.898  -27.552 0.0000000000
77707  28.400  6.295  -29.414 0.0000000000
77738  28.700  6.378  -32.192 0.0000000000
78643  26.090  6.535  -27.633 0.0000000000
78662  27.450  7.678  -27.658 0.0000000000
78688  28.458  7.611  -30.220 0.0000000000
79705  28.713  9.080  -33.232 0.0000000000
80640  28.638  9.860  -33.267 0.0000000000
81508  27.903  10.757  -28.614 0.0000000000
82461  27.958  11.908  -28.740 0.0000000000
83372  28.481  12.737  -29.621 0.0000000000
83383  28.581  12.762  -30.463 0.0000000000
83406  28.888  12.501  -34.846 0.0000000000
84249  28.126  13.108  -29.001 0.0000000000
84286  28.378  13.281  -32.910 0.0000000000
84294  28.538  13.271  -34.852 0.0000000000
85138  28.004  13.812  -29.073 0.0000000000
85148  27.703  14.723  -29.338 0.0000000000
85167  28.565  14.795  -31.864 0.0000000000
86967  27.960  15.811  -29.956 0.0000000000
86996  28.667  16.918  -31.826 0.0000000000
87001  28.704  16.940  -33.203 0.0000000000
87020  28.520  16.410  -36.459 0.0000000000
87892  28.795  17.673  -32.037 0.0000000000
88845  27.161  17.846  -29.897 0.0000000000
88864  28.664  18.348  -31.596 0.0000000000
89762  27.074  19.276  -30.644 0.0000000000
89764  25.176  19.649  -30.948 0.0000000000
89817  28.536  19.768  -36.950 0.0000000000
91429  28.358  20.831  -36.328 0.0000000000
126846  27.050  3.786  -27.750 0.0000000000
128046  28.811  5.616  -32.161 0.0000000000
129201  28.501  10.557  -33.146 0.0000000000
129206  28.640  16.227  -31.749 0.0000000000
134987  28.479  17.854  -36.951 0.0000000000
141055  28.170  2.457  -31.228 0.0000000000
141175  28.493  17.055  -36.866 0.0000000000
142048  28.585  7.251  -32.194 0.0000000000
144045  25.956  -2.068  -30.823 0.0000000000
144134  28.023  4.407  -28.505 0.0000000000
146051  25.801  4.168  -27.567 0.0000000000
146230  28.052  8.291  -28.346 0.0000000000
146788  27.008  16.650  -29.508 0.0000000000
147822  28.607  19.720  -32.188 0.0000000000
148971  28.183  21.649  -33.339 0.0000000000
149311  28.423  9.746  -29.435 0.0000000000
