#!ascii label  , from subject sub-p003 vox2ras=TkReg
328
70352  -25.236  7.312  -36.290 0.0000000000
65891  -22.542  2.037  -33.216 0.0000000000
118912  -26.874  4.207  -33.556 0.0000000000
62160  -24.812  -1.131  -32.019 0.0000000000
80883  -21.805  19.601  -37.263 0.0000000000
120912  -24.796  16.810  -36.698 0.0000000000
72851  -22.383  10.981  -35.766 0.0000000000
59373  -24.175  -4.094  -29.296 0.0000000000
64018  -24.040  0.269  -33.709 0.0000000000
62147  -23.199  -0.876  -30.735 0.0000000000
80011  -23.813  18.051  -37.071 0.0000000000
77391  -22.471  15.636  -36.557 0.0000000000
125679  -22.371  6.826  -34.817 0.0000000000
71191  -21.824  8.533  -34.408 0.0000000000
71203  -23.321  9.222  -36.250 0.0000000000
125831  -24.549  12.083  -36.711 0.0000000000
133184  -26.246  10.374  -35.455 0.0000000000
71198  -26.954  8.456  -34.687 0.0000000000
66732  -21.745  4.081  -33.093 0.0000000000
67603  -24.010  4.327  -35.519 0.0000000000
115190  -26.248  5.962  -35.036 0.0000000000
65912  -25.295  2.263  -35.044 0.0000000000
64021  -25.989  0.748  -33.331 0.0000000000
63961  -26.845  0.115  -30.872 0.0000000000
74494  -21.144  12.537  -34.658 0.0000000000
133846  -23.890  14.138  -37.118 0.0000000000
77375  -25.444  14.992  -36.220 0.0000000000
61223  -22.311  -2.552  -29.466 0.0000000000
60291  -24.844  -2.947  -30.114 0.0000000000
63034  -22.913  -0.165  -31.032 0.0000000000
62135  -22.145  -0.658  -29.559 0.0000000000
78305  -21.792  16.290  -36.043 0.0000000000
117457  -21.251  15.052  -35.279 0.0000000000
70343  -23.528  6.900  -35.929 0.0000000000
71196  -23.149  7.843  -35.822 0.0000000000
124192  -24.124  8.143  -36.390 0.0000000000
116662  -24.925  9.921  -36.466 0.0000000000
71206  -25.385  8.508  -36.359 0.0000000000
72037  -26.323  9.487  -35.575 0.0000000000
70344  -26.523  8.095  -35.521 0.0000000000
66722  -22.168  2.852  -33.081 0.0000000000
67589  -22.761  4.544  -34.694 0.0000000000
66746  -23.345  3.139  -34.836 0.0000000000
66762  -24.452  3.514  -35.404 0.0000000000
64978  -23.977  1.649  -34.751 0.0000000000
63050  -24.499  -0.725  -32.837 0.0000000000
63064  -25.039  -0.146  -33.497 0.0000000000
63052  -25.952  -0.111  -32.407 0.0000000000
63983  -26.600  0.452  -31.811 0.0000000000
62150  -26.087  -0.828  -31.030 0.0000000000
80860  -21.209  19.636  -35.703 0.0000000000
81730  -20.685  20.114  -34.939 0.0000000000
81750  -21.543  20.490  -36.851 0.0000000000
134070  -22.005  22.285  -37.374 0.0000000000
81759  -23.213  20.251  -38.178 0.0000000000
79187  -24.411  17.425  -36.772 0.0000000000
114829  -21.617  9.396  -34.343 0.0000000000
72832  -20.992  10.591  -33.945 0.0000000000
73636  -22.124  11.671  -35.630 0.0000000000
75510  -22.270  13.382  -36.099 0.0000000000
122850  -23.193  12.191  -36.726 0.0000000000
74504  -26.087  12.782  -35.511 0.0000000000
75525  -24.889  13.969  -36.909 0.0000000000
76477  -26.131  14.547  -35.331 0.0000000000
67579  -26.672  4.976  -33.931 0.0000000000
69403  -27.087  6.522  -33.817 0.0000000000
59363  -23.078  -4.435  -28.824 0.0000000000
60265  -23.059  -3.685  -29.334 0.0000000000
60289  -23.692  -2.601  -30.317 0.0000000000
60279  -24.508  -3.526  -29.712 0.0000000000
64946  -22.353  1.450  -32.413 0.0000000000
124719  -23.541  0.997  -34.080 0.0000000000
64000  -22.750  0.655  -32.444 0.0000000000
63035  -23.456  -0.705  -31.583 0.0000000000
62148  -23.786  -1.270  -31.182 0.0000000000
121446  -21.715  18.208  -36.371 0.0000000000
119988  -22.524  18.943  -37.598 0.0000000000
79997  -22.140  17.754  -36.995 0.0000000000
79185  -23.311  16.884  -36.912 0.0000000000
77409  -23.788  15.597  -36.710 0.0000000000
69397  -21.699  6.307  -33.720 0.0000000000
70334  -21.809  7.525  -34.228 0.0000000000
71192  -22.394  8.483  -35.080 0.0000000000
72044  -23.307  9.898  -36.343 0.0000000000
73650  -23.567  11.470  -36.804 0.0000000000
72863  -24.419  10.542  -36.653 0.0000000000
73653  -25.052  11.633  -36.241 0.0000000000
73639  -26.387  11.913  -35.327 0.0000000000
125706  -26.594  11.088  -35.093 0.0000000000
59346  -25.654  -5.062  -27.792 0.0000000000
59365  -25.317  -4.534  -28.425 0.0000000000
68470  -21.787  5.424  -33.613 0.0000000000
68487  -23.234  5.599  -35.437 0.0000000000
68502  -24.332  5.778  -35.882 0.0000000000
69409  -25.980  6.569  -35.580 0.0000000000
117418  -25.086  5.046  -35.637 0.0000000000
66747  -25.631  3.584  -34.941 0.0000000000
116135  -26.363  3.613  -34.188 0.0000000000
64029  -24.382  0.843  -34.456 0.0000000000
64966  -25.477  1.302  -34.358 0.0000000000
65874  -26.679  2.485  -33.110 0.0000000000
65875  -27.122  2.116  -32.326 0.0000000000
64918  -27.934  1.491  -30.793 0.0000000000
80886  -23.867  19.704  -37.864 0.0000000000
75522  -22.261  14.255  -36.229 0.0000000000
76488  -23.768  14.565  -36.980 0.0000000000
77411  -24.641  14.879  -36.929 0.0000000000
74533  -24.112  13.091  -37.117 0.0000000000
76489  -24.477  14.446  -37.114 0.0000000000
78307  -24.859  15.900  -36.782 0.0000000000
69402  -26.557  6.826  -35.059 0.0000000000
70337  -27.187  7.823  -34.026 0.0000000000
126095  -21.701  -0.895  -29.052 0.0000000000
62136  -22.765  -1.195  -30.039 0.0000000000
62138  -24.122  -1.847  -30.825 0.0000000000
62149  -24.844  -1.797  -31.162 0.0000000000
60280  -25.292  -3.335  -29.429 0.0000000000
61239  -25.594  -2.628  -29.769 0.0000000000
136321  -25.607  -1.660  -30.848 0.0000000000
69418  -24.130  6.378  -36.062 0.0000000000
70351  -24.319  7.186  -36.261 0.0000000000
123998  -24.755  7.952  -36.412 0.0000000000
71207  -26.186  8.642  -35.958 0.0000000000
70353  -25.976  7.823  -36.064 0.0000000000
65909  -22.723  2.743  -34.069 0.0000000000
65910  -23.446  2.384  -34.634 0.0000000000
65892  -23.130  1.788  -34.108 0.0000000000
63051  -25.133  -0.511  -32.828 0.0000000000
63036  -25.579  -0.708  -31.932 0.0000000000
63037  -26.238  -0.244  -31.632 0.0000000000
114521  -21.565  19.121  -36.444 0.0000000000
80872  -21.410  19.885  -36.455 0.0000000000
137530  -22.480  20.541  -38.124 0.0000000000
80884  -22.444  19.842  -37.868 0.0000000000
124830  -24.465  16.420  -36.649 0.0000000000
79188  -24.857  17.808  -36.779 0.0000000000
79178  -25.170  17.256  -36.608 0.0000000000
134416  -22.312  10.267  -35.451 0.0000000000
72027  -21.646  10.195  -34.630 0.0000000000
72850  -21.848  10.966  -35.164 0.0000000000
72842  -21.310  11.082  -34.479 0.0000000000
74502  -22.518  12.381  -36.224 0.0000000000
73637  -22.757  11.514  -36.311 0.0000000000
75512  -26.329  13.729  -35.335 0.0000000000
67580  -27.268  4.947  -33.107 0.0000000000
59364  -23.832  -4.655  -28.893 0.0000000000
59372  -23.584  -4.061  -29.236 0.0000000000
60278  -23.733  -3.472  -29.778 0.0000000000
64930  -22.241  1.030  -31.721 0.0000000000
63982  -22.512  0.465  -31.420 0.0000000000
123399  -22.572  -0.396  -30.253 0.0000000000
79171  -21.864  17.174  -36.325 0.0000000000
78306  -22.520  16.398  -36.749 0.0000000000
126768  -23.159  15.851  -36.771 0.0000000000
78316  -23.883  16.223  -36.666 0.0000000000
69401  -21.870  6.763  -34.122 0.0000000000
71204  -23.483  8.437  -36.190 0.0000000000
114822  -22.679  8.023  -35.412 0.0000000000
71195  -22.813  8.707  -35.736 0.0000000000
130098  -22.794  9.656  -35.893 0.0000000000
72862  -23.768  10.416  -36.675 0.0000000000
129348  -23.727  9.661  -36.515 0.0000000000
72865  -25.637  10.011  -35.996 0.0000000000
72864  -25.026  10.736  -36.297 0.0000000000
72852  -25.779  11.114  -35.671 0.0000000000
73638  -25.640  12.014  -35.715 0.0000000000
73640  -27.024  11.895  -34.845 0.0000000000
72038  -26.858  9.324  -34.833 0.0000000000
72029  -27.260  9.143  -34.147 0.0000000000
58346  -25.235  -5.782  -27.680 0.0000000000
58347  -26.013  -5.642  -27.304 0.0000000000
67567  -21.321  4.527  -32.560 0.0000000000
67578  -21.625  4.734  -33.190 0.0000000000
67590  -23.302  3.973  -35.105 0.0000000000
67602  -23.312  4.813  -35.304 0.0000000000
68488  -23.881  5.252  -35.689 0.0000000000
68489  -24.515  5.080  -35.704 0.0000000000
67604  -24.761  4.297  -35.561 0.0000000000
65927  -24.869  2.784  -35.307 0.0000000000
66763  -25.087  3.546  -35.396 0.0000000000
116863  -25.365  2.951  -35.158 0.0000000000
65913  -25.882  2.700  -34.626 0.0000000000
123352  -23.305  0.639  -33.312 0.0000000000
64020  -25.362  0.579  -33.868 0.0000000000
64967  -25.892  1.201  -33.712 0.0000000000
65894  -26.112  1.967  -33.949 0.0000000000
64947  -26.466  1.466  -33.036 0.0000000000
64931  -26.915  1.250  -32.102 0.0000000000
63984  -27.245  1.008  -31.245 0.0000000000
63962  -27.627  0.776  -30.468 0.0000000000
124336  -23.262  18.613  -37.516 0.0000000000
80885  -23.211  19.365  -37.778 0.0000000000
122383  -23.830  18.923  -37.479 0.0000000000
70326  -21.319  8.109  -33.588 0.0000000000
75499  -21.326  13.501  -35.133 0.0000000000
76475  -21.564  14.333  -35.531 0.0000000000
136280  -21.831  13.863  -35.752 0.0000000000
75524  -23.793  13.914  -37.083 0.0000000000
75523  -23.033  14.037  -36.802 0.0000000000
77410  -23.899  14.913  -36.949 0.0000000000
76499  -24.258  14.534  -37.036 0.0000000000
73651  -24.116  12.068  -36.990 0.0000000000
74521  -24.404  12.808  -36.938 0.0000000000
76490  -25.010  14.878  -36.770 0.0000000000
77393  -25.015  15.380  -36.738 0.0000000000
78297  -25.420  15.733  -36.346 0.0000000000
68490  -25.529  5.804  -35.610 0.0000000000
123448  -26.925  7.098  -34.300 0.0000000000
61238  -21.761  -2.187  -29.020 0.0000000000
62118  -22.143  -1.568  -29.423 0.0000000000
61250  -22.950  -2.074  -29.879 0.0000000000
60290  -24.203  -3.086  -30.218 0.0000000000
61251  -24.477  -2.477  -30.551 0.0000000000
60266  -25.766  -3.725  -28.576 0.0000000000
61253  -25.947  -1.970  -30.127 0.0000000000
63960  -22.310  0.325  -30.530 0.0000000000
130381  -21.362  16.120  -35.423 0.0000000000
77374  -21.594  15.663  -35.725 0.0000000000
76486  -21.943  14.966  -36.079 0.0000000000
69407  -23.033  6.384  -35.489 0.0000000000
70342  -22.802  7.278  -35.442 0.0000000000
131766  -23.687  7.680  -36.172 0.0000000000
72045  -24.011  8.993  -36.536 0.0000000000
72046  -24.768  9.189  -36.506 0.0000000000
72047  -25.324  9.353  -36.335 0.0000000000
72048  -25.821  9.192  -36.127 0.0000000000
71197  -26.596  8.786  -35.386 0.0000000000
113593  -21.692  3.068  -32.319 0.0000000000
131126  -21.842  3.472  -32.905 0.0000000000
128938  -22.193  4.449  -33.831 0.0000000000
66733  -22.236  3.550  -33.570 0.0000000000
113844  -22.741  3.713  -34.396 0.0000000000
66761  -23.834  3.498  -35.280 0.0000000000
65926  -24.065  2.659  -35.176 0.0000000000
65911  -24.695  1.972  -35.083 0.0000000000
63062  -24.083  -0.334  -33.157 0.0000000000
63063  -24.621  -0.209  -33.414 0.0000000000
136809  -24.838  -0.466  -33.212 0.0000000000
64002  -25.609  0.151  -33.142 0.0000000000
64003  -26.309  0.619  -32.677 0.0000000000
79973  -21.058  18.615  -34.827 0.0000000000
81741  -21.158  20.603  -35.859 0.0000000000
82665  -21.753  21.282  -37.136 0.0000000000
120212  -23.543  20.947  -38.398 0.0000000000
80012  -24.425  18.525  -36.987 0.0000000000
72841  -20.806  11.251  -33.966 0.0000000000
73628  -21.517  11.750  -34.941 0.0000000000
74501  -21.779  12.525  -35.450 0.0000000000
74519  -23.258  13.129  -36.811 0.0000000000
125400  -23.921  13.351  -37.127 0.0000000000
74503  -25.093  12.575  -36.314 0.0000000000
124015  -24.775  13.293  -36.815 0.0000000000
75511  -25.406  13.451  -36.117 0.0000000000
76476  -25.495  14.252  -36.123 0.0000000000
118061  -26.213  5.276  -34.571 0.0000000000
68480  -26.649  5.836  -34.195 0.0000000000
68471  -27.210  5.761  -33.465 0.0000000000
119298  -22.412  -3.819  -28.855 0.0000000000
60264  -22.487  -3.256  -29.318 0.0000000000
60277  -23.028  -2.978  -29.760 0.0000000000
64965  -22.880  1.223  -33.329 0.0000000000
64001  -23.485  0.095  -32.849 0.0000000000
63048  -23.040  -0.100  -31.992 0.0000000000
63049  -23.753  -0.564  -32.468 0.0000000000
62159  -24.076  -1.067  -32.005 0.0000000000
131222  -24.340  -1.419  -31.467 0.0000000000
79988  -21.347  18.797  -35.603 0.0000000000
80009  -21.972  18.551  -37.153 0.0000000000
80010  -22.840  17.848  -37.335 0.0000000000
79177  -22.670  17.070  -36.934 0.0000000000
79186  -23.830  17.112  -36.838 0.0000000000
70335  -22.314  7.788  -34.889 0.0000000000
72028  -22.268  9.330  -35.019 0.0000000000
72861  -22.951  10.570  -36.265 0.0000000000
119081  -24.081  11.150  -36.920 0.0000000000
73652  -24.453  11.353  -36.690 0.0000000000
124205  -24.273  9.780  -36.607 0.0000000000
74505  -26.871  13.091  -35.168 0.0000000000
118299  -26.825  12.525  -35.139 0.0000000000
72853  -26.733  10.200  -34.903 0.0000000000
118833  -27.395  4.086  -32.637 0.0000000000
58358  -24.892  -5.245  -28.235 0.0000000000
119203  -24.545  -4.658  -28.754 0.0000000000
59374  -24.941  -4.032  -29.101 0.0000000000
68478  -22.225  5.981  -34.371 0.0000000000
68479  -22.748  5.319  -34.919 0.0000000000
129525  -22.716  5.994  -35.060 0.0000000000
69408  -23.698  5.995  -35.818 0.0000000000
69419  -24.727  6.410  -36.126 0.0000000000
69420  -25.352  6.449  -35.995 0.0000000000
131147  -24.917  5.737  -35.895 0.0000000000
68491  -25.654  5.152  -35.156 0.0000000000
67605  -25.315  4.314  -35.328 0.0000000000
67591  -26.015  4.465  -34.605 0.0000000000
66734  -26.828  3.386  -33.275 0.0000000000
64979  -24.690  1.293  -34.881 0.0000000000
117980  -25.115  1.482  -34.966 0.0000000000
64019  -24.771  0.290  -34.038 0.0000000000
65893  -25.576  1.910  -34.655 0.0000000000
130901  -26.430  2.819  -33.873 0.0000000000
66723  -27.247  3.056  -32.463 0.0000000000
65863  -27.711  2.655  -31.732 0.0000000000
64932  -27.571  1.803  -31.542 0.0000000000
129855  -24.286  19.324  -37.410 0.0000000000
76462  -21.025  14.370  -34.884 0.0000000000
76487  -22.865  14.814  -36.660 0.0000000000
77392  -23.462  15.248  -36.788 0.0000000000
78317  -24.492  15.433  -36.703 0.0000000000
78318  -24.818  15.904  -36.657 0.0000000000
74520  -23.785  12.553  -36.995 0.0000000000
75532  -24.160  13.927  -37.142 0.0000000000
75533  -24.384  13.616  -37.121 0.0000000000
76500  -24.666  14.987  -36.999 0.0000000000
77412  -24.814  15.273  -36.820 0.0000000000
135812  -24.878  16.459  -36.730 0.0000000000
69421  -25.783  7.088  -35.962 0.0000000000
116090  -26.303  7.334  -35.569 0.0000000000
70336  -26.789  7.593  -34.922 0.0000000000
120179  -26.682  6.468  -34.484 0.0000000000
62137  -23.432  -1.675  -30.508 0.0000000000
61252  -25.198  -2.333  -30.527 0.0000000000
135084  -25.364  -1.301  -31.467 0.0000000000
64980  -24.957  0.882  -34.620 0.0000000000
71205  -24.617  8.574  -36.472 0.0000000000
78315  -23.254  16.318  -36.796 0.0000000000
115122  -21.398  21.226  -36.416 0.0000000000
130030  -22.370  5.134  -34.281 0.0000000000
136508  -26.523  4.289  -34.096 0.0000000000
