#!ascii label  , from subject sub-p003 vox2ras=TkReg
299
64893  -29.125  1.236  -28.974 0.0000000000
118912  -26.874  4.207  -33.556 0.0000000000
120912  -24.796  16.810  -36.698 0.0000000000
74505  -26.871  13.091  -35.168 0.0000000000
131414  -29.155  10.021  -33.066 0.0000000000
69329  -31.032  6.293  -29.797 0.0000000000
80011  -23.813  18.051  -37.071 0.0000000000
73629  -27.531  11.934  -34.206 0.0000000000
71198  -26.954  8.456  -34.687 0.0000000000
65864  -28.292  2.320  -30.989 0.0000000000
133731  -28.808  5.399  -31.440 0.0000000000
66690  -29.945  3.300  -29.687 0.0000000000
133992  -26.315  -3.708  -27.891 0.0000000000
63961  -26.845  0.115  -30.872 0.0000000000
84398  -21.860  24.203  -36.595 0.0000000000
83558  -23.180  22.494  -38.675 0.0000000000
81769  -24.630  20.887  -37.990 0.0000000000
80873  -25.392  19.627  -36.656 0.0000000000
79999  -25.950  18.741  -35.716 0.0000000000
77375  -25.444  14.992  -36.220 0.0000000000
78287  -26.791  16.060  -34.076 0.0000000000
77355  -27.655  14.937  -33.561 0.0000000000
75477  -29.615  13.099  -32.617 0.0000000000
73597  -30.642  11.409  -31.631 0.0000000000
70328  -28.179  7.377  -33.052 0.0000000000
70301  -29.882  8.182  -31.778 0.0000000000
72037  -26.323  9.487  -35.575 0.0000000000
70344  -26.523  8.095  -35.521 0.0000000000
64919  -28.487  1.792  -30.402 0.0000000000
66700  -28.866  3.176  -30.703 0.0000000000
65843  -29.292  2.266  -29.767 0.0000000000
56430  -26.847  -7.342  -25.334 0.0000000000
57353  -27.307  -6.804  -25.749 0.0000000000
58333  -27.570  -5.682  -26.475 0.0000000000
63983  -26.600  0.452  -31.811 0.0000000000
62150  -26.087  -0.828  -31.030 0.0000000000
82674  -23.397  21.634  -38.593 0.0000000000
79187  -24.411  17.425  -36.772 0.0000000000
80012  -24.425  18.525  -36.987 0.0000000000
79188  -24.857  17.808  -36.779 0.0000000000
126055  -25.579  18.982  -36.361 0.0000000000
79178  -25.170  17.256  -36.608 0.0000000000
76477  -26.131  14.547  -35.331 0.0000000000
78298  -25.904  16.055  -35.534 0.0000000000
76463  -26.657  14.810  -34.793 0.0000000000
127886  -27.251  15.408  -33.780 0.0000000000
124175  -27.282  13.988  -34.263 0.0000000000
127242  -28.415  11.066  -33.532 0.0000000000
74483  -28.486  12.467  -33.440 0.0000000000
73618  -29.450  11.496  -32.688 0.0000000000
73607  -30.122  11.877  -32.179 0.0000000000
72821  -29.514  10.438  -32.562 0.0000000000
67579  -26.672  4.976  -33.931 0.0000000000
69403  -27.087  6.522  -33.817 0.0000000000
68459  -27.733  5.668  -32.706 0.0000000000
68425  -29.737  5.406  -30.606 0.0000000000
115842  -29.302  6.515  -31.494 0.0000000000
69375  -30.165  7.116  -30.886 0.0000000000
71157  -30.518  8.535  -31.324 0.0000000000
70283  -31.296  7.630  -30.194 0.0000000000
60246  -27.504  -3.100  -27.171 0.0000000000
61224  -26.627  -2.437  -28.502 0.0000000000
61207  -27.675  -2.365  -27.406 0.0000000000
62101  -27.599  -1.301  -28.301 0.0000000000
73639  -26.387  11.913  -35.327 0.0000000000
74495  -27.245  12.747  -34.709 0.0000000000
125706  -26.594  11.088  -35.093 0.0000000000
72843  -27.207  9.948  -34.111 0.0000000000
72018  -27.976  9.470  -33.661 0.0000000000
66723  -27.247  3.056  -32.463 0.0000000000
67568  -27.729  4.918  -32.452 0.0000000000
66712  -28.522  3.914  -31.314 0.0000000000
67547  -29.635  4.516  -30.407 0.0000000000
67548  -30.207  4.962  -30.040 0.0000000000
132012  -27.680  -4.363  -26.732 0.0000000000
65874  -26.679  2.485  -33.110 0.0000000000
65875  -27.122  2.116  -32.326 0.0000000000
64918  -27.934  1.491  -30.793 0.0000000000
119684  -27.992  0.634  -29.855 0.0000000000
85265  -23.064  24.927  -37.830 0.0000000000
83538  -21.235  22.812  -35.736 0.0000000000
83549  -21.995  23.370  -37.249 0.0000000000
83566  -24.209  22.893  -39.493 0.0000000000
114489  -24.499  22.190  -38.849 0.0000000000
83550  -25.116  22.107  -38.460 0.0000000000
80886  -23.867  19.704  -37.864 0.0000000000
81761  -25.145  20.457  -37.218 0.0000000000
82657  -25.768  21.234  -36.984 0.0000000000
82658  -26.299  21.175  -36.212 0.0000000000
81742  -26.726  20.503  -34.975 0.0000000000
80862  -26.863  19.799  -34.584 0.0000000000
78307  -24.859  15.900  -36.782 0.0000000000
130262  -25.449  16.592  -36.354 0.0000000000
79974  -26.194  17.968  -34.998 0.0000000000
79975  -27.038  18.228  -34.200 0.0000000000
79140  -28.048  17.248  -33.313 0.0000000000
77356  -28.587  14.994  -32.875 0.0000000000
125824  -27.911  13.319  -33.604 0.0000000000
75486  -28.460  13.700  -33.249 0.0000000000
69402  -26.557  6.826  -35.059 0.0000000000
70337  -27.187  7.823  -34.026 0.0000000000
71183  -28.441  8.622  -33.390 0.0000000000
68460  -28.310  6.302  -32.351 0.0000000000
130509  -28.660  7.470  -32.607 0.0000000000
71167  -29.576  8.604  -32.346 0.0000000000
71168  -30.073  8.996  -31.925 0.0000000000
124772  -31.231  10.131  -30.875 0.0000000000
135402  -26.972  -0.883  -29.552 0.0000000000
62982  -27.750  -0.575  -28.738 0.0000000000
62961  -28.924  0.115  -28.076 0.0000000000
64906  -28.894  1.652  -29.774 0.0000000000
64907  -29.495  1.919  -29.245 0.0000000000
64894  -29.811  1.506  -28.592 0.0000000000
56431  -27.701  -7.252  -25.224 0.0000000000
57354  -28.043  -6.754  -25.577 0.0000000000
124830  -24.465  16.420  -36.649 0.0000000000
79998  -25.429  18.198  -36.459 0.0000000000
75512  -26.329  13.729  -35.335 0.0000000000
76478  -26.859  14.242  -34.841 0.0000000000
76464  -27.004  14.591  -34.461 0.0000000000
75513  -27.083  13.548  -34.859 0.0000000000
72834  -28.616  10.195  -33.432 0.0000000000
72835  -29.028  10.815  -33.136 0.0000000000
67580  -27.268  4.947  -33.107 0.0000000000
68426  -30.363  5.845  -30.243 0.0000000000
69353  -29.831  6.392  -30.884 0.0000000000
69354  -30.526  6.673  -30.424 0.0000000000
70282  -30.689  7.391  -30.567 0.0000000000
69355  -31.025  7.008  -30.134 0.0000000000
69330  -31.474  7.054  -29.685 0.0000000000
72852  -25.779  11.114  -35.671 0.0000000000
73640  -27.024  11.895  -34.845 0.0000000000
72038  -26.858  9.324  -34.833 0.0000000000
72029  -27.260  9.143  -34.147 0.0000000000
65863  -27.711  2.655  -31.732 0.0000000000
66711  -27.822  3.556  -31.849 0.0000000000
116404  -28.274  3.104  -31.329 0.0000000000
66701  -29.505  3.667  -30.237 0.0000000000
67534  -30.063  4.116  -29.845 0.0000000000
67535  -30.654  4.557  -29.501 0.0000000000
66691  -30.521  3.728  -29.314 0.0000000000
56412  -26.356  -7.793  -24.809 0.0000000000
133509  -25.542  -7.786  -24.942 0.0000000000
59326  -27.239  -4.979  -26.745 0.0000000000
128333  -28.477  -4.345  -26.549 0.0000000000
63984  -27.245  1.008  -31.245 0.0000000000
63962  -27.627  0.776  -30.468 0.0000000000
63020  -27.436  0.109  -29.981 0.0000000000
85252  -22.185  24.735  -36.202 0.0000000000
85253  -22.741  24.760  -36.758 0.0000000000
85264  -22.501  24.525  -37.197 0.0000000000
134070  -22.005  22.285  -37.374 0.0000000000
83557  -22.508  22.904  -37.978 0.0000000000
84419  -22.942  23.398  -38.657 0.0000000000
124147  -23.590  23.046  -39.322 0.0000000000
82675  -24.109  21.418  -38.500 0.0000000000
82676  -24.745  21.579  -38.364 0.0000000000
122383  -23.830  18.923  -37.479 0.0000000000
80887  -24.741  19.476  -37.067 0.0000000000
125705  -26.221  21.832  -36.611 0.0000000000
81751  -25.846  20.429  -36.506 0.0000000000
80874  -25.955  19.647  -36.084 0.0000000000
80861  -26.338  19.705  -35.260 0.0000000000
79989  -26.483  18.971  -34.734 0.0000000000
76490  -25.010  14.878  -36.770 0.0000000000
77393  -25.015  15.380  -36.738 0.0000000000
78297  -25.420  15.733  -36.346 0.0000000000
123047  -26.300  16.311  -34.805 0.0000000000
79158  -26.549  17.120  -34.471 0.0000000000
79159  -27.271  17.175  -33.748 0.0000000000
126384  -28.004  15.701  -33.203 0.0000000000
78275  -28.775  16.019  -32.672 0.0000000000
75500  -27.401  13.299  -34.264 0.0000000000
74482  -27.689  12.646  -33.861 0.0000000000
74484  -28.955  12.961  -33.123 0.0000000000
75487  -29.116  13.491  -32.874 0.0000000000
76451  -28.873  14.104  -32.853 0.0000000000
76438  -29.595  13.757  -32.546 0.0000000000
69409  -25.980  6.569  -35.580 0.0000000000
123448  -26.925  7.098  -34.300 0.0000000000
69398  -27.520  7.226  -33.606 0.0000000000
70327  -27.955  7.919  -33.465 0.0000000000
119968  -28.288  5.383  -31.991 0.0000000000
68444  -28.806  6.087  -31.740 0.0000000000
69374  -29.642  7.276  -31.519 0.0000000000
69373  -28.870  6.972  -32.059 0.0000000000
70315  -29.200  7.889  -32.323 0.0000000000
71158  -31.062  8.764  -30.886 0.0000000000
71995  -30.746  9.435  -31.328 0.0000000000
71982  -31.389  9.319  -30.639 0.0000000000
62081  -28.230  -1.286  -27.674 0.0000000000
135257  -28.125  -0.772  -28.143 0.0000000000
62983  -28.367  -0.175  -28.410 0.0000000000
62082  -28.745  -0.605  -27.688 0.0000000000
71197  -26.596  8.786  -35.386 0.0000000000
65852  -28.885  2.336  -30.282 0.0000000000
65853  -29.375  2.882  -30.019 0.0000000000
65844  -29.770  2.580  -29.474 0.0000000000
65845  -30.367  2.921  -29.165 0.0000000000
65827  -30.102  2.224  -28.891 0.0000000000
56413  -27.272  -7.773  -24.742 0.0000000000
58332  -26.745  -5.615  -26.833 0.0000000000
57368  -27.863  -6.277  -26.037 0.0000000000
64003  -26.309  0.619  -32.677 0.0000000000
63052  -25.952  -0.111  -32.407 0.0000000000
63037  -26.238  -0.244  -31.632 0.0000000000
84387  -21.348  23.923  -35.759 0.0000000000
82673  -22.723  21.908  -38.175 0.0000000000
81767  -22.887  21.031  -38.434 0.0000000000
120212  -23.543  20.947  -38.398 0.0000000000
81768  -24.005  20.489  -38.219 0.0000000000
80013  -25.074  18.758  -36.766 0.0000000000
79179  -25.763  17.635  -36.023 0.0000000000
126921  -25.968  15.254  -35.420 0.0000000000
78286  -26.423  15.512  -34.779 0.0000000000
77365  -26.886  15.033  -34.345 0.0000000000
77354  -27.108  14.829  -34.137 0.0000000000
76449  -27.354  14.484  -33.925 0.0000000000
127983  -27.793  11.297  -33.812 0.0000000000
73616  -28.125  11.871  -33.657 0.0000000000
73617  -28.824  11.678  -33.285 0.0000000000
121532  -29.090  12.228  -33.066 0.0000000000
74471  -29.562  12.404  -32.636 0.0000000000
72822  -30.143  10.948  -32.141 0.0000000000
68480  -26.649  5.836  -34.195 0.0000000000
68471  -27.210  5.761  -33.465 0.0000000000
68472  -27.762  6.578  -33.053 0.0000000000
68445  -29.277  5.796  -31.182 0.0000000000
70302  -30.290  7.775  -31.136 0.0000000000
71139  -30.889  8.106  -30.711 0.0000000000
71140  -31.546  8.486  -30.247 0.0000000000
70259  -31.799  7.798  -29.638 0.0000000000
60245  -26.809  -3.377  -27.513 0.0000000000
60267  -26.415  -3.136  -28.190 0.0000000000
61225  -26.990  -2.696  -27.744 0.0000000000
120910  -27.234  -2.024  -28.052 0.0000000000
62100  -26.891  -1.708  -28.784 0.0000000000
137067  -27.786  -1.756  -27.688 0.0000000000
74504  -26.087  12.782  -35.511 0.0000000000
118299  -26.825  12.525  -35.139 0.0000000000
72853  -26.733  10.200  -34.903 0.0000000000
120029  -27.241  10.994  -34.358 0.0000000000
72833  -27.833  10.504  -33.737 0.0000000000
118833  -27.395  4.086  -32.637 0.0000000000
67569  -28.028  4.445  -31.911 0.0000000000
67558  -28.597  4.755  -31.431 0.0000000000
66713  -29.115  4.085  -30.792 0.0000000000
67559  -29.139  4.916  -30.962 0.0000000000
68407  -30.790  5.381  -29.666 0.0000000000
66672  -30.913  3.325  -28.746 0.0000000000
56411  -25.731  -8.292  -24.286 0.0000000000
127723  -26.622  -4.050  -27.380 0.0000000000
137256  -27.018  -4.386  -26.954 0.0000000000
59348  -27.254  -3.797  -27.026 0.0000000000
60226  -28.017  -3.669  -26.769 0.0000000000
66734  -26.828  3.386  -33.275 0.0000000000
64932  -27.571  1.803  -31.542 0.0000000000
64931  -26.915  1.250  -32.102 0.0000000000
63963  -28.275  1.198  -30.139 0.0000000000
63943  -28.507  0.916  -29.441 0.0000000000
85242  -22.732  24.864  -36.000 0.0000000000
83539  -21.597  23.168  -36.538 0.0000000000
84409  -22.364  23.868  -37.692 0.0000000000
84420  -23.360  23.793  -39.477 0.0000000000
83559  -23.859  22.294  -38.908 0.0000000000
83560  -24.865  22.735  -39.288 0.0000000000
83561  -25.550  22.791  -38.554 0.0000000000
82667  -25.778  22.149  -37.493 0.0000000000
129855  -24.286  19.324  -37.410 0.0000000000
81760  -24.459  20.055  -37.635 0.0000000000
82666  -25.204  21.397  -37.773 0.0000000000
83530  -26.657  21.974  -35.836 0.0000000000
81752  -26.332  20.449  -35.753 0.0000000000
77412  -24.814  15.273  -36.820 0.0000000000
135812  -24.878  16.459  -36.730 0.0000000000
79172  -26.024  16.951  -35.382 0.0000000000
118785  -27.132  19.179  -34.254 0.0000000000
78273  -27.579  16.342  -33.477 0.0000000000
132679  -29.017  16.793  -32.777 0.0000000000
115833  -27.739  13.997  -33.641 0.0000000000
76450  -28.083  14.361  -33.345 0.0000000000
74472  -30.152  12.664  -32.206 0.0000000000
116090  -26.303  7.334  -35.569 0.0000000000
70336  -26.789  7.593  -34.922 0.0000000000
120179  -26.682  6.468  -34.484 0.0000000000
71182  -27.579  8.565  -33.803 0.0000000000
72019  -28.883  9.362  -33.243 0.0000000000
69389  -28.354  6.977  -32.604 0.0000000000
70329  -28.663  7.975  -33.011 0.0000000000
71184  -29.107  8.621  -32.890 0.0000000000
72006  -29.493  9.405  -32.600 0.0000000000
72007  -30.053  9.947  -31.953 0.0000000000
72809  -30.661  10.477  -31.495 0.0000000000
63019  -26.782  -0.654  -30.110 0.0000000000
62120  -27.192  -1.052  -29.072 0.0000000000
62999  -27.348  -0.471  -29.434 0.0000000000
132359  -27.984  0.179  -29.190 0.0000000000
63931  -28.709  0.529  -28.692 0.0000000000
135979  -28.851  4.413  -31.113 0.0000000000
