#!ascii label  , from subject sub-p003 vox2ras=TkReg
297
17835  37.190  -51.518  -1.590 0.0000000000
14785  40.099  -57.196  -9.950 0.0000000000
13925  37.989  -57.685  -1.501 0.0000000000
13942  37.128  -57.172  -4.581 0.0000000000
12427  44.254  -59.233  -4.189 0.0000000000
12407  40.939  -59.661  -2.098 0.0000000000
113094  41.780  -61.521  -2.939 0.0000000000
120961  38.884  -58.253  -7.189 0.0000000000
14732  34.088  -56.984  -7.030 0.0000000000
16205  38.662  -54.132  -0.976 0.0000000000
15427  40.533  -55.061  -3.082 0.0000000000
13938  40.948  -57.204  -4.414 0.0000000000
13988  42.938  -57.494  -7.913 0.0000000000
11027  45.272  -60.388  -7.022 0.0000000000
18630  34.184  -51.095  -0.613 0.0000000000
122176  34.871  -54.624  -0.385 0.0000000000
13910  35.418  -57.435  -0.496 0.0000000000
15437  33.334  -55.633  -3.831 0.0000000000
10968  40.264  -61.893  -1.303 0.0000000000
14753  39.404  -57.159  -9.294 0.0000000000
14009  36.824  -57.457  -8.396 0.0000000000
14679  38.029  -56.502  -1.381 0.0000000000
115997  39.883  -56.183  -2.039 0.0000000000
12417  42.973  -59.417  -3.186 0.0000000000
13932  41.793  -57.558  -3.857 0.0000000000
127177  43.041  -58.438  -4.423 0.0000000000
113279  42.424  -58.278  -6.108 0.0000000000
13951  43.818  -58.365  -5.783 0.0000000000
13241  45.342  -58.848  -8.740 0.0000000000
14661  34.144  -56.125  -0.314 0.0000000000
14660  35.460  -56.439  -0.562 0.0000000000
13912  33.614  -57.419  -0.385 0.0000000000
14693  37.391  -55.755  -3.866 0.0000000000
119800  35.644  -56.417  -4.039 0.0000000000
15470  32.016  -55.798  -7.641 0.0000000000
15462  31.299  -55.345  -6.428 0.0000000000
12392  38.121  -59.952  -1.191 0.0000000000
13160  39.457  -58.648  -1.988 0.0000000000
12391  39.741  -60.916  -0.991 0.0000000000
11680  41.589  -61.308  -1.444 0.0000000000
11679  43.500  -60.967  -2.694 0.0000000000
129163  37.648  -58.155  -5.874 0.0000000000
13959  35.723  -57.357  -5.459 0.0000000000
13977  36.541  -57.839  -6.742 0.0000000000
14757  34.664  -56.795  -8.429 0.0000000000
13269  39.877  -57.683  -10.627 0.0000000000
17012  38.132  -52.901  -0.926 0.0000000000
16230  39.416  -53.905  -2.930 0.0000000000
15439  39.526  -55.308  -3.818 0.0000000000
126394  40.910  -57.200  -2.811 0.0000000000
14702  40.510  -56.209  -3.848 0.0000000000
13940  39.236  -57.114  -4.559 0.0000000000
115027  40.098  -58.295  -5.838 0.0000000000
13990  40.320  -57.879  -7.784 0.0000000000
14751  41.041  -57.104  -9.297 0.0000000000
128930  45.304  -59.887  -4.918 0.0000000000
13970  45.165  -58.420  -6.842 0.0000000000
131863  43.533  -57.621  -8.686 0.0000000000
14031  41.022  -57.602  -9.892 0.0000000000
18639  35.441  -50.348  -1.155 0.0000000000
123919  35.860  -51.525  -0.585 0.0000000000
17014  34.452  -53.156  -0.366 0.0000000000
124139  36.689  -52.735  -0.459 0.0000000000
126841  36.799  -54.546  -0.547 0.0000000000
112354  37.012  -55.531  -0.829 0.0000000000
13909  36.359  -57.786  -0.758 0.0000000000
12376  35.383  -59.216  -0.729 0.0000000000
12374  36.750  -59.341  -0.815 0.0000000000
116762  33.810  -56.578  -4.880 0.0000000000
18637  36.717  -51.097  -1.854 0.0000000000
17850  36.627  -51.352  -2.256 0.0000000000
17849  37.260  -51.493  -2.002 0.0000000000
14770  39.834  -57.112  -9.799 0.0000000000
14754  38.426  -57.169  -9.217 0.0000000000
14678  39.085  -55.693  -1.541 0.0000000000
123743  38.801  -56.731  -1.685 0.0000000000
12416  43.811  -59.956  -3.312 0.0000000000
13180  42.570  -58.384  -3.798 0.0000000000
13189  43.777  -58.640  -4.630 0.0000000000
13935  43.160  -58.399  -4.944 0.0000000000
13188  44.526  -58.778  -4.933 0.0000000000
122850  44.927  -61.301  -9.545 0.0000000000
119883  34.043  -56.860  -0.283 0.0000000000
14705  37.741  -56.487  -4.207 0.0000000000
14706  36.718  -56.506  -4.136 0.0000000000
16261  30.931  -54.477  -7.570 0.0000000000
112378  38.923  -60.751  -1.075 0.0000000000
11669  39.369  -61.380  -1.059 0.0000000000
10979  40.878  -61.860  -2.108 0.0000000000
10955  41.112  -61.665  -1.238 0.0000000000
10966  41.790  -61.484  -1.743 0.0000000000
115465  42.545  -61.015  -1.930 0.0000000000
10978  42.558  -61.471  -2.673 0.0000000000
13976  38.215  -58.306  -6.440 0.0000000000
116611  36.924  -57.968  -5.941 0.0000000000
13992  37.069  -57.799  -7.587 0.0000000000
13994  35.422  -57.251  -8.009 0.0000000000
15479  33.175  -55.941  -8.866 0.0000000000
16182  37.983  -53.750  -0.673 0.0000000000
17024  38.340  -52.566  -1.608 0.0000000000
16181  38.704  -53.216  -1.246 0.0000000000
15432  39.045  -54.649  -3.514 0.0000000000
15430  40.262  -55.397  -3.516 0.0000000000
13174  40.391  -58.499  -2.365 0.0000000000
13923  40.122  -57.345  -2.308 0.0000000000
13937  41.550  -57.406  -4.194 0.0000000000
123536  41.249  -56.895  -3.715 0.0000000000
14690  40.895  -56.550  -3.706 0.0000000000
13939  40.215  -56.920  -4.493 0.0000000000
13955  39.625  -57.820  -5.161 0.0000000000
13954  40.417  -57.716  -5.055 0.0000000000
116887  42.430  -57.888  -7.181 0.0000000000
13973  41.623  -58.251  -6.403 0.0000000000
13989  41.351  -57.713  -7.749 0.0000000000
14005  40.756  -57.217  -8.750 0.0000000000
115606  42.150  -57.352  -8.360 0.0000000000
9670  42.533  -63.927  -6.976 0.0000000000
11028  44.729  -61.154  -7.476 0.0000000000
10311  44.334  -61.891  -6.659 0.0000000000
125841  44.786  -61.116  -6.547 0.0000000000
11740  45.453  -59.860  -6.216 0.0000000000
119077  45.415  -58.908  -6.265 0.0000000000
12462  45.526  -59.218  -6.592 0.0000000000
13250  44.884  -58.659  -9.157 0.0000000000
14001  44.882  -58.234  -8.530 0.0000000000
13252  43.369  -58.151  -9.295 0.0000000000
13253  42.303  -57.678  -9.319 0.0000000000
13266  42.630  -58.763  -9.594 0.0000000000
19498  34.686  -50.335  -0.855 0.0000000000
18629  35.055  -51.102  -0.570 0.0000000000
126405  35.854  -50.838  -0.954 0.0000000000
16183  33.999  -54.753  -0.372 0.0000000000
122860  34.393  -54.069  -0.373 0.0000000000
127153  35.031  -53.689  -0.323 0.0000000000
123149  35.670  -52.683  -0.352 0.0000000000
122831  35.968  -53.809  -0.405 0.0000000000
17013  37.256  -53.304  -0.518 0.0000000000
15406  35.689  -54.885  -0.474 0.0000000000
114504  36.009  -55.644  -0.619 0.0000000000
14659  36.329  -56.632  -0.829 0.0000000000
11674  34.602  -60.444  -1.810 0.0000000000
11658  35.894  -60.088  -1.058 0.0000000000
12375  36.179  -59.334  -0.724 0.0000000000
13960  35.045  -57.274  -5.973 0.0000000000
14719  34.801  -57.015  -5.209 0.0000000000
14720  34.136  -56.957  -6.003 0.0000000000
15461  31.709  -55.710  -5.789 0.0000000000
14007  38.822  -57.615  -8.348 0.0000000000
14008  37.760  -57.547  -8.405 0.0000000000
15424  38.147  -55.345  -1.119 0.0000000000
15423  39.296  -54.566  -1.470 0.0000000000
14685  40.416  -55.304  -2.607 0.0000000000
113799  41.720  -59.302  -2.651 0.0000000000
13173  41.223  -58.297  -2.804 0.0000000000
13172  41.859  -58.201  -3.330 0.0000000000
13936  42.327  -58.028  -4.361 0.0000000000
111998  42.304  -58.061  -4.724 0.0000000000
13953  41.848  -57.996  -5.150 0.0000000000
13952  42.836  -58.314  -5.464 0.0000000000
125151  44.071  -58.079  -6.730 0.0000000000
11766  45.528  -59.751  -7.837 0.0000000000
127005  45.524  -59.928  -8.863 0.0000000000
12502  45.416  -59.585  -9.315 0.0000000000
15407  34.290  -55.365  -0.374 0.0000000000
115565  34.989  -55.699  -0.452 0.0000000000
113839  34.722  -56.692  -0.382 0.0000000000
13911  34.433  -57.521  -0.367 0.0000000000
14695  34.773  -56.036  -3.815 0.0000000000
14742  33.400  -56.625  -7.491 0.0000000000
14733  33.257  -56.692  -6.596 0.0000000000
15471  31.326  -55.282  -7.209 0.0000000000
13161  38.506  -58.748  -1.591 0.0000000000
13924  39.080  -57.564  -1.923 0.0000000000
110844  39.054  -59.886  -1.447 0.0000000000
12408  40.003  -59.859  -1.673 0.0000000000
11667  40.814  -61.125  -1.099 0.0000000000
12406  41.754  -60.579  -1.763 0.0000000000
12405  42.444  -60.023  -2.460 0.0000000000
12404  43.107  -60.423  -2.622 0.0000000000
13957  37.465  -57.748  -5.178 0.0000000000
128221  36.273  -57.713  -5.988 0.0000000000
13979  34.864  -57.257  -6.726 0.0000000000
13993  36.135  -57.570  -7.564 0.0000000000
129686  35.380  -57.386  -7.270 0.0000000000
112776  34.125  -56.826  -7.763 0.0000000000
15469  32.807  -56.212  -8.024 0.0000000000
15480  32.335  -55.587  -8.509 0.0000000000
115793  39.647  -57.310  -10.442 0.0000000000
17821  37.606  -52.234  -1.081 0.0000000000
17848  37.785  -51.936  -1.901 0.0000000000
14692  38.443  -55.570  -3.942 0.0000000000
14704  38.872  -56.294  -4.229 0.0000000000
14684  40.705  -55.581  -3.057 0.0000000000
13928  41.363  -57.259  -3.388 0.0000000000
14683  40.960  -56.327  -3.293 0.0000000000
14691  40.610  -55.750  -3.360 0.0000000000
14703  39.901  -56.080  -4.113 0.0000000000
13941  38.136  -57.228  -4.564 0.0000000000
13956  38.492  -57.927  -5.296 0.0000000000
13975  39.163  -58.325  -6.081 0.0000000000
120962  39.759  -58.349  -6.870 0.0000000000
129720  40.976  -58.115  -5.550 0.0000000000
13974  40.689  -58.313  -6.668 0.0000000000
126677  39.510  -57.960  -7.812 0.0000000000
14006  39.853  -57.420  -8.631 0.0000000000
14752  40.081  -57.163  -9.188 0.0000000000
14769  40.476  -57.193  -9.600 0.0000000000
122183  43.906  -61.232  -3.165 0.0000000000
9655  43.185  -63.298  -6.619 0.0000000000
11701  45.005  -60.537  -4.505 0.0000000000
12426  44.913  -59.372  -4.617 0.0000000000
13187  45.064  -58.909  -5.344 0.0000000000
13971  44.767  -58.339  -6.481 0.0000000000
13987  43.764  -57.674  -7.741 0.0000000000
13233  45.460  -58.747  -7.883 0.0000000000
14002  44.206  -57.747  -8.282 0.0000000000
14003  42.904  -57.424  -8.587 0.0000000000
14004  41.782  -57.121  -9.033 0.0000000000
123226  41.342  -57.127  -9.169 0.0000000000
14032  40.283  -57.351  -10.097 0.0000000000
13268  40.580  -57.851  -10.242 0.0000000000
19514  34.972  -49.690  -1.952 0.0000000000
19503  34.981  -49.879  -1.475 0.0000000000
19502  35.481  -50.174  -1.771 0.0000000000
18638  36.025  -50.678  -1.580 0.0000000000
17836  36.493  -51.134  -1.226 0.0000000000
17015  33.744  -54.025  -0.440 0.0000000000
17823  35.019  -52.108  -0.393 0.0000000000
17822  36.713  -51.825  -0.741 0.0000000000
15405  37.727  -54.668  -0.767 0.0000000000
14658  37.273  -56.259  -1.112 0.0000000000
13908  37.126  -57.190  -1.173 0.0000000000
124379  37.091  -58.181  -1.062 0.0000000000
13139  36.533  -58.683  -0.723 0.0000000000
13138  37.062  -58.922  -0.895 0.0000000000
13162  37.649  -58.841  -1.207 0.0000000000
14707  35.410  -56.949  -4.696 0.0000000000
14708  34.722  -56.583  -4.397 0.0000000000
14697  33.286  -56.117  -4.321 0.0000000000
14722  32.372  -56.166  -5.468 0.0000000000
14709  32.828  -56.226  -4.873 0.0000000000
9030  41.723  -64.725  -6.807 0.0000000000
10965  42.907  -61.276  -2.504 0.0000000000
10967  41.025  -61.841  -1.327 0.0000000000
11015  45.067  -60.670  -5.930 0.0000000000
11041  45.279  -60.659  -9.229 0.0000000000
11754  45.549  -59.594  -7.010 0.0000000000
11786  45.432  -60.233  -9.847 0.0000000000
12425  45.250  -59.416  -5.086 0.0000000000
12444  45.398  -59.451  -5.690 0.0000000000
12476  45.585  -59.153  -7.452 0.0000000000
12486  45.523  -59.270  -8.372 0.0000000000
12503  45.222  -59.387  -9.641 0.0000000000
13171  42.301  -59.033  -3.132 0.0000000000
13179  43.450  -58.916  -3.939 0.0000000000
13205  45.324  -59.016  -5.681 0.0000000000
13206  44.022  -58.529  -5.202 0.0000000000
13221  45.458  -58.729  -7.013 0.0000000000
13222  45.142  -58.669  -6.126 0.0000000000
13251  44.078  -57.962  -8.921 0.0000000000
13277  39.466  -58.185  -11.073 0.0000000000
13929  40.627  -56.192  -2.721 0.0000000000
13943  36.199  -57.072  -4.614 0.0000000000
13950  44.607  -58.536  -5.704 0.0000000000
13958  36.602  -57.567  -5.263 0.0000000000
13972  43.198  -58.133  -6.400 0.0000000000
13978  35.708  -57.527  -6.534 0.0000000000
13986  45.235  -58.356  -7.545 0.0000000000
13991  37.973  -58.071  -7.511 0.0000000000
14000  45.247  -58.421  -8.137 0.0000000000
14010  36.079  -57.333  -8.404 0.0000000000
14019  43.034  -57.532  -8.989 0.0000000000
14020  41.414  -57.288  -9.404 0.0000000000
14021  40.764  -57.212  -9.540 0.0000000000
14696  33.967  -56.193  -3.980 0.0000000000
14721  33.103  -56.551  -5.655 0.0000000000
14734  32.397  -56.319  -6.224 0.0000000000
14741  34.757  -57.135  -7.542 0.0000000000
14743  32.554  -56.345  -7.139 0.0000000000
14758  33.690  -56.460  -8.299 0.0000000000
14786  39.375  -57.069  -10.271 0.0000000000
15448  32.121  -55.710  -4.951 0.0000000000
15481  31.568  -55.112  -8.090 0.0000000000
110052  42.060  -57.187  -9.045 0.0000000000
110959  31.793  -55.894  -6.740 0.0000000000
114193  44.985  -58.065  -7.979 0.0000000000
117008  43.308  -57.829  -7.215 0.0000000000
118100  44.723  -58.025  -7.382 0.0000000000
119804  41.635  -61.708  -1.892 0.0000000000
120647  45.082  -60.005  -4.376 0.0000000000
120960  37.334  -58.121  -6.713 0.0000000000
125531  41.451  -57.126  -8.840 0.0000000000
125547  45.313  -60.787  -10.058 0.0000000000
128260  44.217  -58.578  -9.347 0.0000000000
130649  43.475  -61.307  -2.878 0.0000000000
131268  44.396  -58.353  -6.157 0.0000000000
131361  45.308  -58.668  -6.562 0.0000000000
