#!ascii label  , from subject sub-p003 vox2ras=TkReg
215
71930  28.932  7.978  -31.239 0.0000000000
64146  27.579  -0.525  -26.653 0.0000000000
116759  27.456  12.897  -32.806 0.0000000000
82978  25.413  21.163  -35.118 0.0000000000
62286  25.892  -2.456  -26.707 0.0000000000
78980  28.664  16.033  -32.085 0.0000000000
80585  27.695  18.184  -33.630 0.0000000000
70232  26.466  6.139  -30.894 0.0000000000
66727  28.230  3.007  -30.039 0.0000000000
69325  30.288  5.608  -29.648 0.0000000000
74594  30.123  11.341  -30.721 0.0000000000
71917  31.271  8.333  -29.380 0.0000000000
73745  27.532  10.551  -32.410 0.0000000000
76355  29.381  13.827  -31.565 0.0000000000
118051  25.854  19.162  -35.089 0.0000000000
82164  27.504  20.340  -33.698 0.0000000000
65858  29.334  1.666  -27.342 0.0000000000
78994  27.535  16.489  -34.470 0.0000000000
123264  27.531  17.899  -34.526 0.0000000000
70246  27.344  7.171  -31.289 0.0000000000
110733  28.644  6.048  -30.608 0.0000000000
115143  28.994  6.887  -30.805 0.0000000000
63165  26.537  -1.781  -26.674 0.0000000000
75474  27.698  12.124  -32.562 0.0000000000
75464  28.477  12.052  -32.134 0.0000000000
76364  28.091  13.514  -32.581 0.0000000000
79794  28.853  17.471  -31.542 0.0000000000
78979  29.461  15.878  -31.361 0.0000000000
82979  24.878  21.336  -34.153 0.0000000000
80591  24.834  18.900  -33.951 0.0000000000
82176  25.745  20.517  -35.554 0.0000000000
84643  27.202  23.955  -35.041 0.0000000000
84631  27.721  23.086  -34.367 0.0000000000
82976  26.829  21.363  -34.936 0.0000000000
82962  27.713  21.849  -33.766 0.0000000000
82947  27.621  21.106  -33.156 0.0000000000
66703  29.781  3.063  -29.036 0.0000000000
66704  29.045  2.241  -29.135 0.0000000000
132085  25.156  -3.401  -26.378 0.0000000000
77267  27.934  14.398  -32.832 0.0000000000
78143  27.645  15.227  -33.526 0.0000000000
115983  27.995  16.610  -32.748 0.0000000000
115982  28.085  18.150  -32.557 0.0000000000
67555  27.028  3.638  -30.392 0.0000000000
68415  27.057  4.577  -30.514 0.0000000000
68413  29.024  4.648  -30.219 0.0000000000
68395  30.751  4.511  -28.615 0.0000000000
72842  29.244  9.680  -31.321 0.0000000000
71928  30.104  8.397  -30.422 0.0000000000
72808  30.686  9.782  -30.022 0.0000000000
71079  27.446  7.955  -31.545 0.0000000000
72860  27.064  9.703  -32.302 0.0000000000
72843  28.451  9.197  -31.753 0.0000000000
73723  29.025  10.572  -31.557 0.0000000000
123395  29.876  12.142  -31.054 0.0000000000
76340  30.552  13.649  -30.421 0.0000000000
77260  29.223  14.547  -31.681 0.0000000000
78126  30.074  14.897  -30.845 0.0000000000
80596  26.219  18.286  -34.925 0.0000000000
83860  25.995  21.290  -36.339 0.0000000000
82186  25.825  20.484  -35.583 0.0000000000
81381  26.745  19.675  -34.930 0.0000000000
121369  27.065  18.966  -34.785 0.0000000000
122205  27.612  19.009  -33.650 0.0000000000
82149  28.324  20.051  -32.166 0.0000000000
65017  27.411  0.427  -28.859 0.0000000000
114289  27.799  2.338  -29.871 0.0000000000
123752  30.523  7.035  -29.823 0.0000000000
69315  30.872  5.323  -29.045 0.0000000000
79001  27.080  16.544  -34.932 0.0000000000
79815  26.716  17.394  -34.969 0.0000000000
71078  28.273  7.485  -31.263 0.0000000000
130159  28.936  7.482  -31.069 0.0000000000
60424  25.069  -4.192  -25.442 0.0000000000
63175  26.891  -1.045  -27.136 0.0000000000
113838  28.261  12.760  -32.370 0.0000000000
79793  29.477  17.455  -30.957 0.0000000000
82165  24.775  20.587  -33.689 0.0000000000
116835  25.211  20.033  -34.391 0.0000000000
82177  25.288  20.618  -34.739 0.0000000000
83839  27.933  22.690  -33.842 0.0000000000
83838  28.272  22.676  -32.989 0.0000000000
67537  30.413  3.672  -28.422 0.0000000000
118192  29.587  2.467  -28.464 0.0000000000
63190  26.046  -1.337  -28.265 0.0000000000
77273  27.330  14.399  -33.908 0.0000000000
77281  27.292  15.136  -34.377 0.0000000000
79806  27.719  17.316  -34.203 0.0000000000
127075  27.759  16.763  -33.721 0.0000000000
79800  27.756  17.393  -33.113 0.0000000000
79799  28.332  17.419  -32.278 0.0000000000
83853  25.064  21.913  -34.621 0.0000000000
69340  27.070  5.618  -30.735 0.0000000000
69338  29.072  5.435  -30.324 0.0000000000
69339  28.401  5.296  -30.483 0.0000000000
69326  29.659  5.149  -29.961 0.0000000000
68403  29.666  4.369  -29.798 0.0000000000
68402  30.243  4.812  -29.399 0.0000000000
62277  25.670  -2.953  -26.099 0.0000000000
61341  26.116  -3.147  -25.307 0.0000000000
73708  29.728  10.550  -31.004 0.0000000000
128187  30.007  9.791  -30.673 0.0000000000
73707  30.356  10.560  -30.403 0.0000000000
71080  26.647  7.641  -31.499 0.0000000000
73725  27.926  9.774  -32.131 0.0000000000
73724  28.604  9.949  -31.799 0.0000000000
73744  28.327  10.575  -32.067 0.0000000000
129547  28.868  12.645  -31.911 0.0000000000
75463  29.166  12.092  -31.595 0.0000000000
122560  29.532  12.960  -31.437 0.0000000000
123391  30.258  12.922  -30.778 0.0000000000
76341  30.023  13.691  -31.042 0.0000000000
78138  28.262  15.225  -32.509 0.0000000000
77261  28.630  14.686  -32.172 0.0000000000
78137  29.006  15.236  -31.820 0.0000000000
78127  29.637  15.095  -31.266 0.0000000000
81384  25.338  19.317  -34.582 0.0000000000
80597  25.361  18.434  -34.525 0.0000000000
84644  26.758  22.766  -35.291 0.0000000000
84654  26.377  22.664  -36.707 0.0000000000
83851  26.340  21.664  -35.687 0.0000000000
82977  25.983  20.972  -35.835 0.0000000000
82963  27.416  20.902  -34.310 0.0000000000
82175  26.476  20.487  -35.165 0.0000000000
82174  27.201  20.191  -34.523 0.0000000000
81375  27.421  19.507  -34.254 0.0000000000
80590  27.490  18.619  -34.420 0.0000000000
121394  28.121  20.930  -32.508 0.0000000000
82933  28.744  21.212  -31.895 0.0000000000
65018  26.691  0.207  -28.963 0.0000000000
110889  27.765  3.740  -30.330 0.0000000000
66728  27.388  2.999  -30.195 0.0000000000
65874  29.177  1.876  -28.266 0.0000000000
65875  28.551  1.481  -28.794 0.0000000000
65859  28.729  1.266  -27.896 0.0000000000
65016  28.146  0.782  -28.463 0.0000000000
128261  30.646  8.153  -29.865 0.0000000000
71068  30.261  7.618  -30.109 0.0000000000
71057  30.911  7.557  -29.595 0.0000000000
78156  27.251  15.790  -34.684 0.0000000000
70231  27.201  6.411  -30.996 0.0000000000
115579  27.827  5.885  -30.751 0.0000000000
70230  28.037  6.644  -31.011 0.0000000000
70229  29.575  6.056  -30.245 0.0000000000
62276  26.437  -2.340  -25.732 0.0000000000
63153  27.009  -1.677  -25.791 0.0000000000
63152  27.691  -1.377  -25.426 0.0000000000
75456  30.454  12.115  -30.383 0.0000000000
74586  30.665  11.292  -30.084 0.0000000000
74615  27.150  11.393  -32.670 0.0000000000
74614  28.017  11.332  -32.356 0.0000000000
112127  28.819  13.298  -31.994 0.0000000000
122620  28.599  16.827  -31.984 0.0000000000
123390  29.197  16.697  -31.447 0.0000000000
81383  25.733  19.972  -35.282 0.0000000000
132026  27.454  23.477  -34.701 0.0000000000
83850  27.312  22.228  -34.694 0.0000000000
82946  28.285  21.801  -32.600 0.0000000000
66713  29.027  2.979  -29.690 0.0000000000
66714  28.496  2.441  -29.675 0.0000000000
61342  24.803  -3.806  -26.057 0.0000000000
61354  25.246  -2.934  -26.798 0.0000000000
127409  26.037  -2.114  -27.328 0.0000000000
63176  26.312  -1.591  -27.646 0.0000000000
64158  27.283  -0.448  -27.622 0.0000000000
76365  27.364  13.643  -33.266 0.0000000000
78987  27.933  15.827  -32.831 0.0000000000
78988  27.705  16.088  -33.631 0.0000000000
122621  28.537  18.073  -31.809 0.0000000000
83840  24.647  22.249  -33.490 0.0000000000
83852  25.493  21.485  -35.701 0.0000000000
114291  27.678  5.201  -30.574 0.0000000000
68414  28.122  4.535  -30.414 0.0000000000
67554  28.731  3.790  -30.132 0.0000000000
67546  29.478  3.676  -29.693 0.0000000000
67545  30.104  3.971  -29.216 0.0000000000
71942  29.042  8.738  -31.361 0.0000000000
71929  29.466  8.349  -30.942 0.0000000000
72823  29.710  9.013  -30.881 0.0000000000
130239  30.282  9.163  -30.416 0.0000000000
71918  30.736  8.853  -29.933 0.0000000000
73696  30.842  10.589  -29.894 0.0000000000
72807  31.286  9.302  -29.426 0.0000000000
71943  28.265  8.345  -31.557 0.0000000000
71944  27.491  8.849  -31.895 0.0000000000
74604  28.744  11.333  -31.827 0.0000000000
74595  29.469  11.345  -31.298 0.0000000000
76356  28.674  14.044  -32.108 0.0000000000
77248  29.803  14.399  -31.183 0.0000000000
77247  30.304  14.337  -30.677 0.0000000000
79807  25.767  17.482  -34.647 0.0000000000
83861  25.865  21.330  -36.271 0.0000000000
82988  25.901  20.940  -35.796 0.0000000000
81389  25.883  20.280  -35.578 0.0000000000
81382  25.874  19.871  -35.372 0.0000000000
113899  26.377  19.004  -35.012 0.0000000000
80595  27.052  18.189  -34.964 0.0000000000
82150  27.702  20.453  -32.841 0.0000000000
81365  27.564  19.735  -33.113 0.0000000000
80584  27.798  18.988  -32.734 0.0000000000
80574  28.416  18.891  -31.848 0.0000000000
64171  27.017  -0.268  -28.470 0.0000000000
65890  27.416  1.648  -29.634 0.0000000000
65889  28.228  1.822  -29.447 0.0000000000
65876  27.824  1.117  -29.179 0.0000000000
65004  27.673  0.197  -28.033 0.0000000000
71069  29.524  7.654  -30.722 0.0000000000
70228  29.903  6.922  -30.301 0.0000000000
70216  30.392  6.380  -29.790 0.0000000000
70215  31.107  6.732  -29.306 0.0000000000
69324  30.874  5.980  -29.344 0.0000000000
67556  26.363  3.906  -30.436 0.0000000000
78150  27.500  15.732  -34.293 0.0000000000
79814  27.358  17.285  -34.812 0.0000000000
132514  29.268  4.092  -30.014 0.0000000000
