#!ascii label  , from subject sub-s020 vox2ras=TkReg
359
72243  -20.966  9.373  -25.936 0.0000000000
68063  -18.385  4.445  -24.341 0.0000000000
69004  -23.963  5.533  -25.868 0.0000000000
116193  -21.529  0.867  -25.641 0.0000000000
80483  -22.320  20.646  -25.466 0.0000000000
111954  -24.329  17.662  -25.415 0.0000000000
108885  -18.151  13.413  -24.479 0.0000000000
61701  -21.587  -3.482  -25.411 0.0000000000
111956  -20.157  2.867  -25.264 0.0000000000
64732  -19.477  0.756  -24.450 0.0000000000
79814  -23.497  19.390  -25.666 0.0000000000
77577  -20.824  16.754  -25.493 0.0000000000
72203  -17.353  8.928  -24.089 0.0000000000
72971  -15.939  10.709  -23.414 0.0000000000
73782  -19.930  11.546  -25.651 0.0000000000
75197  -22.545  13.079  -26.131 0.0000000000
73796  -23.132  11.508  -26.539 0.0000000000
72244  -23.885  9.834  -25.781 0.0000000000
69828  -17.239  6.041  -23.446 0.0000000000
69860  -19.712  6.918  -25.473 0.0000000000
69872  -22.623  7.237  -26.728 0.0000000000
68101  -21.161  4.847  -26.104 0.0000000000
66425  -22.844  2.897  -25.900 0.0000000000
64734  -24.405  0.935  -24.796 0.0000000000
76739  -18.431  14.577  -24.336 0.0000000000
110608  -21.444  14.822  -25.548 0.0000000000
76752  -24.030  15.222  -25.462 0.0000000000
100339  -19.277  -0.969  -24.093 0.0000000000
110812  -21.479  -0.928  -25.347 0.0000000000
65517  -18.903  1.352  -24.066 0.0000000000
64731  -18.613  0.464  -23.710 0.0000000000
120321  -21.234  17.459  -25.380 0.0000000000
105059  -19.910  16.196  -25.283 0.0000000000
72241  -19.111  9.201  -25.199 0.0000000000
113505  -18.598  10.055  -25.051 0.0000000000
73020  -20.500  10.715  -25.848 0.0000000000
73793  -22.131  11.622  -26.513 0.0000000000
73034  -22.313  10.389  -26.542 0.0000000000
73036  -23.198  10.891  -26.464 0.0000000000
72264  -22.917  9.934  -26.552 0.0000000000
68984  -17.818  5.391  -24.076 0.0000000000
116184  -18.263  6.853  -24.474 0.0000000000
105095  -19.415  5.986  -25.204 0.0000000000
108343  -20.371  6.180  -25.743 0.0000000000
68986  -19.728  5.026  -25.336 0.0000000000
65529  -20.900  1.667  -25.570 0.0000000000
109642  -21.600  3.062  -26.015 0.0000000000
65546  -22.236  1.782  -25.933 0.0000000000
65532  -23.514  1.985  -25.564 0.0000000000
65531  -22.922  1.458  -25.778 0.0000000000
117187  -21.870  20.199  -25.249 0.0000000000
80468  -21.985  20.708  -24.863 0.0000000000
108217  -22.606  21.439  -25.370 0.0000000000
81888  -23.060  22.259  -25.456 0.0000000000
108328  -23.581  21.035  -25.753 0.0000000000
79134  -23.918  18.527  -25.570 0.0000000000
74462  -16.676  12.347  -23.746 0.0000000000
74447  -16.589  12.901  -23.557 0.0000000000
109581  -18.210  14.049  -24.318 0.0000000000
76764  -20.012  15.241  -25.441 0.0000000000
75181  -19.346  13.907  -25.182 0.0000000000
75184  -23.984  13.578  -25.759 0.0000000000
75959  -23.734  14.340  -25.559 0.0000000000
75960  -24.326  14.428  -25.337 0.0000000000
69861  -23.550  6.269  -26.398 0.0000000000
70648  -23.726  7.246  -26.163 0.0000000000
61684  -19.890  -3.353  -24.523 0.0000000000
102715  -19.980  -2.013  -24.515 0.0000000000
100342  -20.043  -1.182  -24.611 0.0000000000
100357  -21.988  -2.550  -25.549 0.0000000000
67233  -18.116  3.622  -23.997 0.0000000000
67245  -19.690  3.578  -25.029 0.0000000000
112504  -18.696  2.899  -24.243 0.0000000000
65518  -19.716  1.484  -24.697 0.0000000000
111514  -20.671  1.189  -25.338 0.0000000000
79813  -21.717  19.527  -25.267 0.0000000000
110780  -23.098  20.251  -25.702 0.0000000000
111590  -21.825  19.183  -25.428 0.0000000000
102962  -21.910  17.666  -25.468 0.0000000000
78411  -22.355  16.994  -25.615 0.0000000000
71443  -16.321  8.626  -23.233 0.0000000000
72972  -16.223  10.138  -23.516 0.0000000000
73762  -17.637  11.190  -24.568 0.0000000000
74477  -18.705  12.256  -25.115 0.0000000000
74479  -19.823  13.060  -25.461 0.0000000000
113316  -21.450  12.199  -26.188 0.0000000000
108198  -22.996  11.831  -26.599 0.0000000000
74481  -24.022  12.716  -25.905 0.0000000000
109505  -24.338  11.820  -25.560 0.0000000000
60833  -23.607  -4.483  -25.797 0.0000000000
108022  -23.145  -3.725  -25.855 0.0000000000
70616  -17.070  7.514  -23.503 0.0000000000
71479  -18.795  8.366  -24.866 0.0000000000
71481  -20.493  8.584  -25.723 0.0000000000
71496  -22.273  8.897  -26.519 0.0000000000
116520  -21.262  7.381  -26.251 0.0000000000
69871  -22.050  6.251  -26.752 0.0000000000
69018  -22.597  5.457  -26.790 0.0000000000
67247  -21.190  3.872  -25.980 0.0000000000
67267  -22.009  3.856  -26.335 0.0000000000
68083  -23.261  4.213  -26.083 0.0000000000
120874  -23.942  3.323  -25.430 0.0000000000
66401  -24.598  2.508  -24.724 0.0000000000
111422  -24.055  20.139  -25.725 0.0000000000
77576  -19.735  15.908  -25.295 0.0000000000
77593  -21.261  16.196  -25.619 0.0000000000
77595  -22.897  16.235  -25.602 0.0000000000
75970  -21.913  13.872  -25.548 0.0000000000
112952  -23.191  15.154  -25.511 0.0000000000
78401  -24.242  16.903  -25.437 0.0000000000
71498  -23.159  9.041  -26.491 0.0000000000
71467  -24.438  8.858  -25.319 0.0000000000
100336  -18.118  -0.298  -23.173 0.0000000000
100737  -19.329  -0.040  -24.239 0.0000000000
100348  -20.393  -0.305  -24.912 0.0000000000
64040  -21.701  -0.182  -25.515 0.0000000000
122179  -23.508  -2.679  -25.706 0.0000000000
100364  -23.779  -1.482  -25.405 0.0000000000
64042  -23.339  -0.474  -25.408 0.0000000000
77567  -19.363  16.292  -24.387 0.0000000000
72242  -20.020  9.246  -25.581 0.0000000000
117212  -19.632  9.984  -25.503 0.0000000000
122169  -20.490  9.900  -25.777 0.0000000000
73033  -21.335  10.163  -26.201 0.0000000000
73035  -22.856  10.571  -26.558 0.0000000000
72263  -22.667  9.777  -26.546 0.0000000000
68062  -17.600  4.408  -23.685 0.0000000000
69847  -18.488  6.120  -24.586 0.0000000000
68985  -18.849  5.221  -24.719 0.0000000000
68064  -19.265  4.351  -24.847 0.0000000000
64744  -21.171  1.113  -25.565 0.0000000000
65530  -21.502  1.729  -25.796 0.0000000000
64756  -21.760  1.202  -25.775 0.0000000000
64745  -22.342  1.119  -25.805 0.0000000000
121334  -22.067  20.388  -25.385 0.0000000000
81175  -22.177  20.765  -25.190 0.0000000000
81177  -23.977  21.968  -25.874 0.0000000000
80484  -22.771  20.970  -25.688 0.0000000000
78400  -23.472  17.818  -25.539 0.0000000000
79135  -24.768  18.444  -25.331 0.0000000000
110350  -25.053  17.776  -25.130 0.0000000000
74463  -17.447  12.759  -24.207 0.0000000000
113829  -17.024  13.193  -23.743 0.0000000000
74448  -17.681  13.659  -24.018 0.0000000000
75180  -18.682  14.001  -24.693 0.0000000000
75173  -24.497  13.641  -25.296 0.0000000000
121683  -23.552  5.608  -26.358 0.0000000000
69862  -24.193  6.423  -25.712 0.0000000000
60831  -21.836  -4.344  -25.503 0.0000000000
100302  -20.250  -3.893  -24.754 0.0000000000
61700  -20.619  -3.379  -24.976 0.0000000000
100346  -20.241  -2.653  -24.725 0.0000000000
100352  -21.039  -2.636  -25.152 0.0000000000
109851  -18.023  2.765  -23.676 0.0000000000
121903  -18.545  2.438  -24.029 0.0000000000
64742  -20.186  0.987  -24.976 0.0000000000
79812  -21.545  18.836  -25.204 0.0000000000
78399  -22.671  17.790  -25.512 0.0000000000
78398  -21.572  16.900  -25.573 0.0000000000
112189  -16.532  9.190  -23.518 0.0000000000
73019  -19.290  10.815  -25.445 0.0000000000
72996  -17.402  10.433  -24.410 0.0000000000
73018  -18.423  10.984  -25.027 0.0000000000
73763  -18.255  11.762  -24.877 0.0000000000
73781  -18.950  11.603  -25.334 0.0000000000
74478  -19.412  12.303  -25.430 0.0000000000
73795  -22.979  11.391  -26.573 0.0000000000
112421  -22.720  11.663  -26.578 0.0000000000
74480  -23.344  12.166  -26.408 0.0000000000
108646  -23.709  11.842  -26.137 0.0000000000
120047  -24.100  12.224  -25.823 0.0000000000
114565  -23.466  10.315  -26.221 0.0000000000
73021  -23.778  10.870  -25.911 0.0000000000
72223  -24.641  9.584  -24.990 0.0000000000
107908  -23.295  -5.105  -25.730 0.0000000000
59970  -23.870  -5.104  -25.598 0.0000000000
102815  -16.955  6.792  -23.199 0.0000000000
109819  -17.296  6.822  -23.592 0.0000000000
69859  -18.926  6.840  -24.931 0.0000000000
70632  -18.490  7.546  -24.653 0.0000000000
70645  -19.253  7.652  -25.128 0.0000000000
71480  -19.594  8.470  -25.358 0.0000000000
70646  -20.068  7.780  -25.574 0.0000000000
70647  -20.918  7.934  -25.981 0.0000000000
110476  -20.573  7.123  -25.884 0.0000000000
69016  -21.187  5.733  -26.249 0.0000000000
69017  -21.846  5.225  -26.581 0.0000000000
67246  -20.380  3.636  -25.493 0.0000000000
105952  -20.855  2.941  -25.707 0.0000000000
67268  -22.336  3.189  -26.098 0.0000000000
105307  -22.659  4.051  -26.357 0.0000000000
67269  -22.885  3.552  -26.076 0.0000000000
67249  -23.889  3.880  -25.530 0.0000000000
67248  -23.413  3.320  -25.726 0.0000000000
65533  -24.200  1.825  -25.078 0.0000000000
65519  -24.804  1.662  -24.446 0.0000000000
113594  -22.489  19.515  -25.623 0.0000000000
111091  -15.812  10.053  -23.242 0.0000000000
76726  -17.008  15.453  -22.929 0.0000000000
76741  -19.296  15.466  -25.014 0.0000000000
76750  -19.057  15.001  -24.683 0.0000000000
76765  -20.777  15.032  -25.505 0.0000000000
76766  -21.111  15.549  -25.575 0.0000000000
77594  -22.013  16.250  -25.656 0.0000000000
76767  -21.696  15.543  -25.615 0.0000000000
75196  -21.896  13.162  -25.920 0.0000000000
75195  -21.096  13.466  -25.647 0.0000000000
108675  -23.643  15.890  -25.514 0.0000000000
77579  -24.372  16.122  -25.342 0.0000000000
77568  -25.168  15.998  -24.854 0.0000000000
70660  -22.475  8.132  -26.617 0.0000000000
71497  -22.856  9.087  -26.582 0.0000000000
70661  -22.941  8.164  -26.657 0.0000000000
112476  -24.266  8.234  -25.548 0.0000000000
100775  -18.952  -1.886  -23.854 0.0000000000
100335  -18.481  -1.173  -23.396 0.0000000000
100340  -18.760  -0.402  -23.721 0.0000000000
103376  -20.792  -1.034  -25.040 0.0000000000
100354  -21.044  -0.215  -25.278 0.0000000000
109834  -22.073  -0.838  -25.524 0.0000000000
104190  -23.704  -3.131  -25.744 0.0000000000
66400  -18.368  2.011  -23.752 0.0000000000
65506  -18.049  1.343  -23.349 0.0000000000
79130  -21.209  17.882  -25.155 0.0000000000
78396  -20.434  16.903  -25.267 0.0000000000
78397  -20.694  17.107  -25.330 0.0000000000
105383  -20.296  16.477  -25.372 0.0000000000
72222  -18.262  9.101  -24.680 0.0000000000
110114  -17.741  9.810  -24.512 0.0000000000
73783  -21.034  11.564  -26.119 0.0000000000
113373  -21.716  10.952  -26.460 0.0000000000
73794  -22.754  11.127  -26.585 0.0000000000
112437  -23.052  11.280  -26.544 0.0000000000
116399  -23.093  10.920  -26.509 0.0000000000
72265  -23.232  10.291  -26.396 0.0000000000
68968  -17.215  5.106  -23.341 0.0000000000
69846  -17.740  6.422  -24.073 0.0000000000
115617  -19.977  5.623  -25.521 0.0000000000
69002  -20.490  5.313  -25.742 0.0000000000
66410  -20.580  2.207  -25.467 0.0000000000
66411  -21.206  2.297  -25.794 0.0000000000
66423  -21.874  2.400  -26.010 0.0000000000
66424  -22.420  2.483  -25.973 0.0000000000
66412  -23.303  2.614  -25.700 0.0000000000
65547  -22.870  2.189  -25.874 0.0000000000
107416  -23.665  1.169  -25.347 0.0000000000
79800  -21.695  19.839  -25.137 0.0000000000
79133  -23.015  18.608  -25.593 0.0000000000
79815  -24.444  19.258  -25.573 0.0000000000
75149  -15.102  14.165  -21.808 0.0000000000
75162  -16.860  13.365  -23.587 0.0000000000
75936  -17.666  13.895  -23.887 0.0000000000
75949  -18.088  14.218  -24.154 0.0000000000
75950  -18.580  14.561  -24.463 0.0000000000
75957  -19.113  14.621  -24.838 0.0000000000
75958  -19.668  14.597  -25.336 0.0000000000
75969  -20.449  14.378  -25.513 0.0000000000
75198  -23.101  13.263  -26.074 0.0000000000
109701  -23.545  13.571  -25.831 0.0000000000
76742  -24.700  15.255  -25.074 0.0000000000
69873  -23.193  7.235  -26.589 0.0000000000
62524  -19.474  -2.566  -24.237 0.0000000000
101121  -19.546  -1.730  -24.260 0.0000000000
100347  -20.558  -1.887  -24.874 0.0000000000
100353  -21.306  -1.773  -25.238 0.0000000000
67234  -18.926  3.623  -24.547 0.0000000000
113335  -19.463  2.860  -24.725 0.0000000000
111799  -19.129  2.147  -24.357 0.0000000000
66409  -19.946  2.158  -24.974 0.0000000000
65528  -20.363  1.595  -25.212 0.0000000000
79791  -20.927  19.070  -24.047 0.0000000000
80482  -21.989  20.017  -25.516 0.0000000000
112580  -22.445  20.330  -25.626 0.0000000000
79131  -21.610  18.286  -25.291 0.0000000000
79132  -22.184  18.547  -25.499 0.0000000000
78412  -23.139  17.110  -25.606 0.0000000000
72202  -16.950  9.880  -24.061 0.0000000000
72995  -16.808  10.846  -24.086 0.0000000000
114254  -16.259  10.976  -23.654 0.0000000000
73745  -16.565  11.533  -23.824 0.0000000000
117952  -17.685  12.021  -24.534 0.0000000000
74464  -18.176  12.574  -24.690 0.0000000000
112230  -18.873  13.097  -25.020 0.0000000000
74494  -20.834  12.898  -25.715 0.0000000000
74495  -21.763  12.672  -26.136 0.0000000000
120822  -22.301  12.079  -26.467 0.0000000000
74496  -22.623  12.312  -26.449 0.0000000000
74497  -23.123  12.409  -26.457 0.0000000000
121430  -24.662  13.061  -25.207 0.0000000000
74465  -24.553  12.446  -25.333 0.0000000000
73784  -24.010  11.176  -25.798 0.0000000000
118439  -24.375  5.008  -25.301 0.0000000000
60832  -22.724  -4.558  -25.766 0.0000000000
112987  -22.355  -3.888  -25.694 0.0000000000
61702  -22.423  -3.312  -25.703 0.0000000000
71444  -16.801  8.323  -23.510 0.0000000000
71465  -17.387  8.063  -23.888 0.0000000000
70631  -17.714  7.342  -24.110 0.0000000000
71466  -17.977  8.220  -24.418 0.0000000000
71495  -21.409  8.739  -26.176 0.0000000000
70659  -21.730  8.045  -26.408 0.0000000000
108609  -21.905  7.265  -26.601 0.0000000000
69870  -21.219  6.637  -26.289 0.0000000000
114526  -22.929  6.321  -26.820 0.0000000000
69019  -23.223  5.577  -26.657 0.0000000000
69003  -23.462  5.067  -26.278 0.0000000000
68081  -19.904  4.205  -25.269 0.0000000000
68082  -20.479  4.484  -25.642 0.0000000000
68102  -21.727  4.480  -26.372 0.0000000000
68103  -22.343  4.642  -26.580 0.0000000000
68104  -22.979  4.811  -26.630 0.0000000000
68084  -23.888  4.669  -25.707 0.0000000000
67235  -24.443  3.403  -25.057 0.0000000000
66413  -23.948  2.704  -25.355 0.0000000000
80485  -24.672  20.960  -25.768 0.0000000000
111863  -25.040  19.967  -25.608 0.0000000000
120548  -18.843  15.942  -24.104 0.0000000000
76751  -19.392  15.234  -25.115 0.0000000000
77592  -20.504  15.955  -25.490 0.0000000000
118451  -23.779  17.216  -25.544 0.0000000000
75182  -20.175  13.755  -25.502 0.0000000000
102949  -21.247  14.085  -25.562 0.0000000000
112373  -22.055  14.732  -25.549 0.0000000000
75971  -22.526  13.878  -25.585 0.0000000000
112960  -22.611  14.682  -25.522 0.0000000000
76768  -22.379  15.476  -25.596 0.0000000000
77578  -23.686  16.586  -25.548 0.0000000000
77580  -24.960  16.940  -25.127 0.0000000000
116949  -23.153  9.714  -26.453 0.0000000000
72266  -23.477  9.805  -26.215 0.0000000000
70662  -23.335  8.159  -26.423 0.0000000000
71482  -23.877  9.004  -25.915 0.0000000000
100343  -19.802  -0.422  -24.553 0.0000000000
64733  -19.987  0.279  -24.766 0.0000000000
64743  -20.680  0.539  -25.219 0.0000000000
107031  -21.327  0.481  -25.502 0.0000000000
107936  -22.969  -2.832  -25.761 0.0000000000
119835  -22.617  -2.094  -25.629 0.0000000000
104187  -23.294  -2.157  -25.633 0.0000000000
100361  -22.802  -1.274  -25.563 0.0000000000
64041  -22.443  -0.263  -25.560 0.0000000000
103926  -21.961  0.555  -25.713 0.0000000000
64746  -22.922  0.552  -25.598 0.0000000000
70663  -23.806  8.155  -26.040 0.0000000000
71499  -23.424  8.977  -26.318 0.0000000000
72262  -21.875  9.564  -26.409 0.0000000000
72997  -17.964  10.489  -24.691 0.0000000000
73761  -17.090  11.794  -24.182 0.0000000000
73797  -23.266  11.294  -26.453 0.0000000000
75161  -15.665  13.761  -22.626 0.0000000000
75163  -17.271  13.620  -23.731 0.0000000000
75183  -23.573  12.862  -26.188 0.0000000000
75972  -23.106  14.107  -25.566 0.0000000000
76740  -18.830  14.899  -24.537 0.0000000000
100290  -24.486  -5.376  -24.990 0.0000000000
100358  -22.025  -1.580  -25.512 0.0000000000
113128  -23.258  9.648  -26.391 0.0000000000
113179  -20.427  12.266  -25.743 0.0000000000
121242  -17.535  15.394  -23.272 0.0000000000
