#!ascii label  , from subject sub-s020 vox2ras=TkReg
432
11698  -39.155  -57.662  -30.275 0.0000000000
109071  -35.075  -54.080  -31.355 0.0000000000
16797  -43.519  -52.344  -26.849 0.0000000000
14746  -40.040  -54.150  -33.013 0.0000000000
19582  -41.933  -49.112  -30.628 0.0000000000
15746  -38.427  -53.945  -27.019 0.0000000000
18620  -40.318  -50.239  -24.577 0.0000000000
22240  -37.691  -46.690  -22.149 0.0000000000
19523  -44.625  -50.012  -27.563 0.0000000000
18691  -43.719  -50.974  -28.570 0.0000000000
110532  -45.781  -48.917  -29.948 0.0000000000
16754  -39.770  -53.233  -24.079 0.0000000000
18607  -37.912  -50.853  -23.367 0.0000000000
22212  -39.621  -46.545  -20.858 0.0000000000
22243  -40.543  -46.628  -22.260 0.0000000000
12699  -36.211  -56.850  -34.193 0.0000000000
14744  -37.241  -54.432  -32.679 0.0000000000
16934  -38.660  -51.380  -36.630 0.0000000000
17909  -36.062  -51.257  -35.950 0.0000000000
13584  -41.446  -56.162  -27.588 0.0000000000
12678  -39.777  -55.836  -31.896 0.0000000000
16827  -39.528  -52.796  -29.338 0.0000000000
104079  -37.809  -51.048  -29.714 0.0000000000
14623  -41.464  -54.680  -24.706 0.0000000000
18633  -42.734  -51.369  -25.795 0.0000000000
20362  -42.026  -49.007  -26.163 0.0000000000
19460  -36.173  -49.343  -22.851 0.0000000000
20308  -39.097  -48.411  -23.541 0.0000000000
117331  -41.266  -47.642  -24.208 0.0000000000
21278  -43.855  -47.365  -24.884 0.0000000000
13707  -37.557  -54.773  -36.232 0.0000000000
19521  -35.404  -49.464  -27.318 0.0000000000
16823  -33.451  -52.613  -29.581 0.0000000000
18745  -31.263  -50.718  -32.748 0.0000000000
20374  -44.660  -48.990  -27.714 0.0000000000
19539  -45.430  -49.594  -28.616 0.0000000000
12675  -37.229  -56.845  -32.776 0.0000000000
106104  -35.497  -54.175  -32.999 0.0000000000
16912  -35.948  -53.000  -34.548 0.0000000000
16892  -34.770  -52.608  -34.203 0.0000000000
18760  -34.074  -50.980  -35.261 0.0000000000
17873  -33.898  -52.221  -33.905 0.0000000000
15747  -42.590  -53.922  -26.682 0.0000000000
106072  -42.405  -53.006  -27.710 0.0000000000
18716  -41.976  -50.347  -29.222 0.0000000000
18689  -41.435  -51.047  -28.573 0.0000000000
17829  -40.314  -51.076  -28.703 0.0000000000
16826  -38.691  -52.232  -29.585 0.0000000000
116316  -40.019  -50.038  -29.395 0.0000000000
13568  -40.597  -56.205  -26.321 0.0000000000
107241  -39.730  -54.835  -25.380 0.0000000000
17745  -39.783  -51.901  -23.862 0.0000000000
17757  -41.331  -52.057  -24.671 0.0000000000
18621  -40.971  -51.085  -24.808 0.0000000000
18646  -42.569  -50.497  -26.230 0.0000000000
19500  -41.262  -49.296  -25.580 0.0000000000
20294  -37.011  -48.401  -22.823 0.0000000000
19461  -37.571  -49.191  -23.192 0.0000000000
21246  -37.920  -47.464  -22.766 0.0000000000
22245  -42.033  -46.811  -22.437 0.0000000000
107282  -41.068  -47.309  -23.576 0.0000000000
21255  -41.900  -47.239  -23.823 0.0000000000
112038  -42.575  -47.415  -24.420 0.0000000000
14747  -40.129  -54.551  -33.048 0.0000000000
102486  -39.388  -55.062  -34.151 0.0000000000
14772  -40.029  -53.815  -34.904 0.0000000000
15918  -36.725  -52.501  -38.682 0.0000000000
20359  -34.510  -48.743  -26.285 0.0000000000
17807  -34.480  -51.573  -28.322 0.0000000000
17840  -31.433  -51.363  -30.290 0.0000000000
17783  -44.287  -51.107  -27.229 0.0000000000
16812  -43.674  -51.803  -27.401 0.0000000000
18693  -44.904  -50.264  -28.199 0.0000000000
18719  -44.923  -50.110  -29.094 0.0000000000
19584  -44.035  -49.088  -30.877 0.0000000000
14636  -39.346  -54.211  -24.841 0.0000000000
16737  -38.574  -52.436  -23.654 0.0000000000
18619  -39.248  -50.330  -23.736 0.0000000000
22231  -38.291  -46.397  -21.551 0.0000000000
108015  -39.310  -46.785  -22.479 0.0000000000
22233  -40.267  -46.541  -21.564 0.0000000000
22234  -41.600  -46.724  -21.810 0.0000000000
21237  -42.460  -47.119  -21.617 0.0000000000
14745  -38.811  -54.281  -32.744 0.0000000000
15863  -39.797  -52.521  -35.419 0.0000000000
16913  -37.733  -52.660  -35.068 0.0000000000
17910  -37.399  -51.159  -36.485 0.0000000000
18798  -35.273  -50.204  -38.476 0.0000000000
117008  -34.299  -50.315  -36.841 0.0000000000
103117  -33.018  -50.285  -36.512 0.0000000000
18757  -31.909  -50.368  -35.007 0.0000000000
107688  -40.753  -57.146  -28.509 0.0000000000
119399  -39.657  -56.602  -30.953 0.0000000000
13628  -40.466  -55.317  -30.466 0.0000000000
14713  -40.056  -54.690  -30.855 0.0000000000
16810  -41.840  -52.596  -28.154 0.0000000000
15770  -40.353  -53.575  -29.247 0.0000000000
14712  -39.394  -54.466  -31.254 0.0000000000
15805  -38.130  -54.112  -31.307 0.0000000000
15785  -37.424  -53.442  -30.838 0.0000000000
16840  -36.617  -52.704  -30.280 0.0000000000
12605  -40.739  -57.255  -27.635 0.0000000000
13558  -41.791  -55.608  -25.944 0.0000000000
15719  -42.901  -53.354  -25.738 0.0000000000
15702  -40.286  -53.880  -24.239 0.0000000000
16757  -42.276  -53.433  -24.924 0.0000000000
16774  -43.328  -52.564  -25.881 0.0000000000
18647  -43.498  -50.558  -26.625 0.0000000000
19514  -43.621  -49.664  -27.088 0.0000000000
20364  -43.625  -48.602  -27.087 0.0000000000
18606  -36.995  -50.912  -23.383 0.0000000000
19473  -38.127  -49.818  -23.360 0.0000000000
19487  -39.799  -49.576  -24.176 0.0000000000
21253  -39.395  -47.450  -23.172 0.0000000000
20309  -39.819  -48.041  -23.798 0.0000000000
19488  -40.528  -49.333  -24.839 0.0000000000
20349  -41.765  -48.344  -25.452 0.0000000000
21304  -43.065  -47.769  -25.844 0.0000000000
12685  -38.273  -56.107  -33.157 0.0000000000
13670  -36.760  -55.871  -34.953 0.0000000000
15883  -38.982  -52.516  -36.864 0.0000000000
14832  -36.463  -54.216  -37.949 0.0000000000
117806  -39.167  -49.192  -29.843 0.0000000000
18713  -37.448  -50.602  -29.579 0.0000000000
119565  -35.822  -51.983  -29.461 0.0000000000
17824  -35.032  -52.025  -28.976 0.0000000000
15781  -33.823  -53.443  -30.919 0.0000000000
17862  -32.893  -51.961  -32.743 0.0000000000
18751  -32.283  -50.882  -33.765 0.0000000000
113699  -45.121  -48.262  -27.906 0.0000000000
11717  -37.176  -57.617  -31.910 0.0000000000
11718  -38.087  -57.306  -31.455 0.0000000000
116592  -35.198  -54.227  -32.110 0.0000000000
15831  -35.074  -53.506  -33.591 0.0000000000
15820  -34.639  -53.807  -32.672 0.0000000000
16891  -34.218  -53.046  -33.323 0.0000000000
15748  -43.132  -53.106  -26.556 0.0000000000
14682  -42.210  -53.877  -27.465 0.0000000000
16796  -42.903  -53.132  -27.101 0.0000000000
19562  -42.484  -49.650  -30.025 0.0000000000
19561  -41.475  -49.576  -29.871 0.0000000000
121973  -40.656  -49.522  -29.782 0.0000000000
14664  -38.096  -54.287  -27.794 0.0000000000
14665  -39.009  -54.781  -27.204 0.0000000000
14650  -39.767  -55.207  -26.191 0.0000000000
14649  -38.998  -54.246  -26.074 0.0000000000
109171  -40.154  -51.117  -24.203 0.0000000000
19489  -40.850  -50.078  -25.191 0.0000000000
22239  -36.856  -46.644  -22.029 0.0000000000
21245  -36.452  -47.521  -22.440 0.0000000000
113510  -37.174  -47.277  -22.503 0.0000000000
22254  -42.249  -46.978  -23.124 0.0000000000
21256  -42.778  -47.173  -23.610 0.0000000000
14761  -40.171  -53.948  -33.764 0.0000000000
13656  -40.081  -54.261  -34.249 0.0000000000
14773  -40.221  -53.643  -34.330 0.0000000000
104289  -33.116  -51.798  -28.118 0.0000000000
17823  -32.106  -51.857  -29.926 0.0000000000
17822  -31.455  -51.488  -29.370 0.0000000000
18664  -44.721  -50.464  -27.827 0.0000000000
17814  -44.515  -50.802  -27.721 0.0000000000
19540  -45.749  -49.208  -29.256 0.0000000000
18694  -45.313  -49.806  -28.691 0.0000000000
19565  -45.381  -49.498  -29.561 0.0000000000
19564  -44.601  -49.656  -29.980 0.0000000000
19585  -45.095  -48.896  -30.570 0.0000000000
17744  -39.019  -51.865  -23.550 0.0000000000
18608  -38.740  -51.065  -23.519 0.0000000000
117797  -38.036  -46.268  -20.883 0.0000000000
22211  -38.780  -46.370  -20.925 0.0000000000
22232  -39.251  -46.441  -21.680 0.0000000000
12698  -35.882  -56.856  -35.027 0.0000000000
14759  -38.219  -54.016  -33.455 0.0000000000
15833  -37.920  -53.527  -34.194 0.0000000000
17889  -35.442  -51.952  -35.072 0.0000000000
16932  -36.749  -51.996  -35.555 0.0000000000
18770  -35.528  -50.617  -36.459 0.0000000000
18782  -35.025  -50.291  -37.233 0.0000000000
17887  -33.617  -51.426  -34.397 0.0000000000
18768  -33.675  -50.423  -35.961 0.0000000000
18759  -33.252  -50.784  -34.918 0.0000000000
101607  -32.208  -50.274  -36.107 0.0000000000
18758  -32.506  -50.655  -34.555 0.0000000000
12622  -41.119  -56.797  -28.181 0.0000000000
12636  -40.556  -56.918  -29.377 0.0000000000
14733  -40.315  -54.993  -30.998 0.0000000000
106595  -40.692  -54.539  -29.534 0.0000000000
17812  -43.198  -51.734  -28.024 0.0000000000
110577  -42.531  -52.285  -27.873 0.0000000000
17811  -42.103  -51.764  -28.252 0.0000000000
17810  -41.140  -51.897  -28.389 0.0000000000
15769  -39.675  -53.687  -29.791 0.0000000000
15787  -39.420  -54.089  -30.388 0.0000000000
15786  -38.410  -53.617  -30.548 0.0000000000
17827  -38.511  -51.163  -29.539 0.0000000000
16841  -37.606  -52.708  -30.291 0.0000000000
17843  -37.838  -51.844  -29.861 0.0000000000
121812  -37.031  -52.805  -30.474 0.0000000000
17842  -37.036  -52.088  -30.082 0.0000000000
13556  -40.984  -55.991  -25.627 0.0000000000
13557  -41.308  -55.907  -25.717 0.0000000000
14639  -41.685  -55.255  -25.255 0.0000000000
14640  -42.218  -54.779  -25.633 0.0000000000
14624  -42.115  -54.450  -25.108 0.0000000000
15701  -39.496  -53.692  -24.261 0.0000000000
14621  -40.011  -54.291  -24.405 0.0000000000
112904  -40.470  -53.380  -24.192 0.0000000000
17769  -41.956  -51.687  -25.224 0.0000000000
17758  -42.071  -52.705  -24.882 0.0000000000
16773  -42.780  -53.051  -25.330 0.0000000000
17770  -42.897  -52.267  -25.490 0.0000000000
17781  -43.511  -51.846  -26.076 0.0000000000
19512  -41.905  -49.771  -26.165 0.0000000000
19513  -42.641  -49.677  -26.557 0.0000000000
109868  -42.764  -48.853  -26.660 0.0000000000
20363  -43.024  -48.228  -26.461 0.0000000000
19471  -36.539  -50.198  -23.207 0.0000000000
20307  -38.359  -48.858  -23.360 0.0000000000
19474  -38.982  -49.454  -23.625 0.0000000000
22242  -39.888  -46.550  -22.156 0.0000000000
21248  -40.035  -46.856  -22.738 0.0000000000
21254  -40.276  -47.379  -23.385 0.0000000000
21275  -40.594  -47.868  -24.044 0.0000000000
20331  -40.193  -48.634  -24.309 0.0000000000
20332  -41.003  -48.351  -24.794 0.0000000000
21276  -41.809  -47.717  -24.671 0.0000000000
21277  -43.183  -47.475  -25.047 0.0000000000
21303  -42.451  -47.779  -25.228 0.0000000000
21321  -43.653  -47.794  -26.583 0.0000000000
121395  -38.888  -56.434  -31.943 0.0000000000
12677  -39.318  -55.711  -32.787 0.0000000000
13688  -39.015  -54.565  -35.265 0.0000000000
13671  -38.269  -55.308  -34.647 0.0000000000
13687  -37.806  -55.083  -35.465 0.0000000000
115148  -36.900  -55.413  -35.817 0.0000000000
13706  -36.570  -55.253  -36.583 0.0000000000
115419  -39.321  -52.014  -36.224 0.0000000000
15864  -39.626  -52.817  -36.003 0.0000000000
16954  -38.805  -51.681  -37.107 0.0000000000
15900  -35.440  -53.645  -38.382 0.0000000000
107354  -36.941  -53.236  -38.268 0.0000000000
20397  -40.391  -48.451  -30.113 0.0000000000
20396  -39.518  -48.627  -29.846 0.0000000000
18712  -36.918  -50.868  -29.502 0.0000000000
17825  -36.531  -51.528  -29.584 0.0000000000
18687  -36.403  -50.826  -29.107 0.0000000000
16808  -33.889  -52.135  -28.719 0.0000000000
16824  -34.405  -52.611  -29.356 0.0000000000
16838  -34.274  -53.234  -30.039 0.0000000000
16837  -33.427  -52.942  -30.410 0.0000000000
105450  -33.218  -52.657  -32.189 0.0000000000
16854  -33.099  -52.710  -31.258 0.0000000000
17860  -31.700  -51.091  -32.133 0.0000000000
17861  -32.344  -51.478  -32.443 0.0000000000
18750  -31.623  -50.656  -33.557 0.0000000000
19524  -45.107  -49.850  -28.039 0.0000000000
20375  -45.514  -49.038  -28.363 0.0000000000
20387  -45.950  -48.819  -29.117 0.0000000000
22213  -40.455  -46.822  -20.774 0.0000000000
21221  -40.521  -47.442  -20.228 0.0000000000
12684  -36.607  -56.908  -33.407 0.0000000000
14728  -36.112  -54.342  -32.483 0.0000000000
15847  -36.703  -53.585  -34.208 0.0000000000
15832  -35.883  -53.773  -33.729 0.0000000000
17908  -34.998  -51.124  -35.567 0.0000000000
17888  -34.450  -51.686  -34.697 0.0000000000
17872  -33.220  -51.747  -33.573 0.0000000000
14667  -41.928  -54.982  -27.229 0.0000000000
14681  -41.739  -54.541  -27.948 0.0000000000
15758  -41.678  -53.673  -28.210 0.0000000000
18717  -43.111  -50.392  -29.341 0.0000000000
18690  -42.564  -51.077  -28.619 0.0000000000
17828  -39.400  -51.685  -29.102 0.0000000000
18714  -39.329  -50.679  -29.284 0.0000000000
122350  -38.699  -50.331  -29.575 0.0000000000
13555  -40.472  -55.491  -25.398 0.0000000000
14638  -40.995  -55.443  -24.933 0.0000000000
16739  -40.157  -52.690  -24.048 0.0000000000
17756  -40.587  -51.963  -24.253 0.0000000000
18632  -41.672  -50.558  -25.654 0.0000000000
115963  -36.152  -48.399  -22.604 0.0000000000
113445  -36.890  -49.480  -23.098 0.0000000000
20295  -37.857  -48.348  -23.144 0.0000000000
113092  -38.541  -47.934  -23.202 0.0000000000
22244  -41.259  -46.716  -22.369 0.0000000000
22252  -40.791  -46.923  -22.898 0.0000000000
22253  -41.556  -46.948  -23.041 0.0000000000
13646  -40.168  -55.079  -32.795 0.0000000000
13655  -39.133  -55.477  -33.548 0.0000000000
104217  -40.028  -54.780  -33.524 0.0000000000
13672  -39.478  -54.626  -34.670 0.0000000000
14792  -38.530  -54.452  -35.885 0.0000000000
16968  -38.295  -51.545  -37.946 0.0000000000
18645  -34.055  -49.963  -26.736 0.0000000000
19520  -34.758  -49.912  -27.152 0.0000000000
18663  -34.426  -50.476  -27.389 0.0000000000
17798  -34.075  -51.148  -27.707 0.0000000000
17806  -33.755  -51.660  -28.051 0.0000000000
16822  -32.686  -52.203  -29.561 0.0000000000
16836  -32.742  -52.355  -30.397 0.0000000000
17841  -32.110  -51.692  -30.799 0.0000000000
17851  -31.504  -51.193  -31.232 0.0000000000
17782  -43.703  -51.864  -26.603 0.0000000000
17799  -44.049  -51.435  -27.222 0.0000000000
17813  -44.137  -51.279  -27.826 0.0000000000
18692  -44.549  -50.654  -28.367 0.0000000000
18665  -45.076  -50.048  -28.238 0.0000000000
18718  -44.186  -50.335  -29.288 0.0000000000
19563  -43.575  -49.684  -30.139 0.0000000000
19583  -42.853  -49.050  -30.955 0.0000000000
16753  -38.966  -53.062  -23.944 0.0000000000
16738  -39.351  -52.564  -23.804 0.0000000000
18609  -39.457  -51.132  -23.782 0.0000000000
118905  -39.792  -50.463  -24.096 0.0000000000
22230  -37.416  -46.306  -21.443 0.0000000000
22241  -38.523  -46.718  -22.303 0.0000000000
111947  -40.965  -46.588  -21.866 0.0000000000
119517  -42.945  -47.121  -22.631 0.0000000000
14760  -39.837  -53.690  -33.535 0.0000000000
15835  -40.160  -53.478  -34.138 0.0000000000
15834  -39.559  -53.293  -34.135 0.0000000000
15848  -39.370  -52.625  -34.833 0.0000000000
16914  -39.149  -51.933  -35.683 0.0000000000
105680  -37.927  -50.872  -37.384 0.0000000000
17945  -36.073  -50.415  -38.741 0.0000000000
18769  -34.602  -50.518  -36.153 0.0000000000
18780  -32.614  -50.185  -37.268 0.0000000000
18779  -31.737  -50.197  -36.916 0.0000000000
11683  -40.059  -57.639  -29.243 0.0000000000
12661  -38.957  -56.937  -31.171 0.0000000000
12648  -40.053  -57.016  -30.176 0.0000000000
12662  -40.132  -55.811  -31.142 0.0000000000
13639  -40.299  -55.213  -31.183 0.0000000000
13638  -40.287  -55.039  -32.097 0.0000000000
14732  -40.242  -54.907  -31.543 0.0000000000
104695  -40.108  -54.666  -32.301 0.0000000000
16811  -43.083  -52.393  -27.455 0.0000000000
16809  -41.060  -52.979  -28.522 0.0000000000
15788  -40.097  -54.374  -30.065 0.0000000000
14731  -39.136  -54.448  -32.028 0.0000000000
14730  -37.736  -54.425  -31.972 0.0000000000
16842  -38.232  -52.696  -30.044 0.0000000000
15804  -37.024  -53.915  -31.474 0.0000000000
15803  -35.959  -54.110  -31.563 0.0000000000
15783  -35.516  -53.703  -30.792 0.0000000000
11668  -40.320  -57.564  -28.461 0.0000000000
12621  -40.683  -57.375  -27.926 0.0000000000
12606  -40.965  -57.005  -27.494 0.0000000000
12604  -40.851  -56.967  -27.148 0.0000000000
13570  -41.321  -56.281  -26.445 0.0000000000
13585  -41.648  -55.848  -26.702 0.0000000000
14651  -42.213  -54.924  -26.325 0.0000000000
15732  -42.624  -54.072  -25.973 0.0000000000
16783  -43.339  -52.760  -26.227 0.0000000000
14637  -40.225  -54.874  -24.772 0.0000000000
14622  -40.701  -54.567  -24.486 0.0000000000
16755  -41.083  -52.910  -24.339 0.0000000000
16756  -41.730  -53.434  -24.594 0.0000000000
15704  -41.959  -54.000  -24.713 0.0000000000
15718  -42.457  -53.732  -25.208 0.0000000000
106777  -43.927  -51.317  -26.680 0.0000000000
18648  -44.310  -50.710  -27.177 0.0000000000
121499  -44.108  -49.287  -27.402 0.0000000000
21334  -44.358  -47.986  -27.327 0.0000000000
19472  -37.315  -50.108  -23.290 0.0000000000
105463  -38.606  -50.319  -23.495 0.0000000000
21247  -38.741  -47.247  -22.786 0.0000000000
20330  -39.563  -48.802  -23.916 0.0000000000
20350  -42.434  -48.287  -26.016 0.0000000000
12676  -38.092  -56.609  -32.304 0.0000000000
12700  -37.153  -56.093  -34.045 0.0000000000
13654  -38.270  -55.716  -33.851 0.0000000000
12731  -36.003  -56.076  -35.911 0.0000000000
116852  -40.016  -53.097  -35.322 0.0000000000
14793  -39.451  -53.738  -35.676 0.0000000000
14813  -38.573  -53.750  -36.539 0.0000000000
15882  -38.488  -52.214  -37.627 0.0000000000
14833  -37.825  -53.307  -37.597 0.0000000000
14812  -37.197  -54.436  -37.096 0.0000000000
21352  -46.429  -47.824  -29.513 0.0000000000
20409  -44.456  -48.461  -31.142 0.0000000000
20408  -43.552  -48.506  -31.243 0.0000000000
116381  -42.676  -48.431  -31.198 0.0000000000
19581  -41.058  -48.917  -30.438 0.0000000000
19560  -39.972  -49.163  -29.956 0.0000000000
19559  -39.230  -49.809  -29.656 0.0000000000
112845  -38.088  -50.419  -29.688 0.0000000000
20395  -38.752  -48.841  -29.649 0.0000000000
19558  -38.499  -49.644  -29.654 0.0000000000
17826  -37.261  -51.306  -29.747 0.0000000000
16839  -35.920  -53.061  -30.236 0.0000000000
108121  -35.143  -53.373  -30.235 0.0000000000
18685  -34.862  -50.922  -27.983 0.0000000000
18686  -35.679  -50.686  -28.442 0.0000000000
17809  -35.811  -51.400  -29.044 0.0000000000
104058  -35.300  -52.712  -29.684 0.0000000000
15802  -34.364  -53.798  -31.671 0.0000000000
16870  -33.852  -53.262  -32.430 0.0000000000
16890  -33.499  -52.509  -33.039 0.0000000000
17871  -32.601  -51.353  -33.265 0.0000000000
18752  -32.890  -51.157  -34.091 0.0000000000
103670  -31.958  -50.569  -34.211 0.0000000000
11682  -39.504  -57.805  -29.547 0.0000000000
12591  -41.036  -56.868  -27.040 0.0000000000
13569  -41.087  -56.463  -26.360 0.0000000000
14714  -40.422  -54.906  -30.357 0.0000000000
14729  -36.728  -54.334  -32.029 0.0000000000
14758  -36.648  -54.171  -33.418 0.0000000000
15703  -41.139  -53.910  -24.331 0.0000000000
15733  -42.972  -53.416  -26.185 0.0000000000
15782  -34.660  -53.727  -30.782 0.0000000000
15784  -36.477  -53.401  -30.809 0.0000000000
15801  -33.617  -53.241  -31.678 0.0000000000
15902  -37.719  -52.407  -38.261 0.0000000000
16752  -38.139  -52.862  -23.919 0.0000000000
16825  -36.259  -52.331  -29.877 0.0000000000
16853  -32.519  -52.096  -31.226 0.0000000000
17808  -35.198  -51.323  -28.535 0.0000000000
18688  -36.941  -50.166  -29.188 0.0000000000
18715  -40.930  -50.234  -29.139 0.0000000000
18746  -32.025  -50.972  -32.959 0.0000000000
18767  -32.756  -50.425  -35.452 0.0000000000
18781  -33.755  -50.248  -37.185 0.0000000000
20407  -41.942  -48.622  -30.994 0.0000000000
101919  -34.504  -50.175  -37.976 0.0000000000
102040  -35.183  -50.237  -27.695 0.0000000000
105472  -40.169  -53.073  -34.696 0.0000000000
108124  -41.261  -56.578  -26.990 0.0000000000
113206  -38.412  -51.213  -37.443 0.0000000000
117014  -37.466  -56.310  -33.453 0.0000000000
118805  -42.482  -54.058  -25.505 0.0000000000
119233  -43.365  -51.174  -26.242 0.0000000000
