#!ascii label  , from subject sub-s020 vox2ras=TkReg
298
111695  -26.549  1.140  -22.904 0.0000000000
69004  -23.963  5.533  -25.868 0.0000000000
111954  -24.329  17.662  -25.415 0.0000000000
75174  -25.085  13.586  -24.733 0.0000000000
72978  -26.309  10.192  -23.532 0.0000000000
68962  -28.103  5.776  -22.139 0.0000000000
79814  -23.497  19.390  -25.666 0.0000000000
74466  -25.086  11.915  -24.622 0.0000000000
72244  -23.885  9.834  -25.781 0.0000000000
107768  -25.064  3.188  -24.153 0.0000000000
68972  -25.783  5.734  -23.927 0.0000000000
67220  -27.118  3.531  -22.566 0.0000000000
61704  -24.783  -3.839  -25.208 0.0000000000
64734  -24.405  0.935  -24.796 0.0000000000
83254  -24.092  23.779  -24.852 0.0000000000
81890  -23.994  22.783  -25.779 0.0000000000
103787  -25.638  21.290  -25.664 0.0000000000
79817  -26.028  19.877  -25.235 0.0000000000
79121  -26.262  18.148  -24.632 0.0000000000
76752  -24.030  15.222  -25.462 0.0000000000
77561  -27.040  16.415  -23.614 0.0000000000
75944  -27.226  14.755  -23.066 0.0000000000
74438  -27.551  12.285  -22.458 0.0000000000
72959  -27.870  10.435  -21.934 0.0000000000
70633  -24.800  7.997  -24.921 0.0000000000
70606  -27.317  8.019  -22.715 0.0000000000
73036  -23.198  10.891  -26.464 0.0000000000
72264  -22.917  9.934  -26.552 0.0000000000
65508  -26.167  1.841  -23.349 0.0000000000
67219  -26.555  3.467  -23.049 0.0000000000
65493  -26.869  2.071  -22.683 0.0000000000
58115  -26.147  -7.785  -23.118 0.0000000000
100277  -25.859  -6.965  -23.497 0.0000000000
100284  -26.404  -6.189  -23.554 0.0000000000
65532  -23.514  1.985  -25.564 0.0000000000
65531  -22.922  1.458  -25.778 0.0000000000
108641  -24.695  22.518  -25.756 0.0000000000
79134  -23.918  18.527  -25.570 0.0000000000
79815  -24.444  19.258  -25.573 0.0000000000
79135  -24.768  18.444  -25.331 0.0000000000
79801  -26.127  18.977  -24.895 0.0000000000
110350  -25.053  17.776  -25.130 0.0000000000
75960  -24.326  14.428  -25.337 0.0000000000
76743  -25.906  15.736  -24.295 0.0000000000
76732  -25.706  14.777  -24.289 0.0000000000
76734  -27.102  15.638  -23.361 0.0000000000
75942  -26.046  14.134  -23.934 0.0000000000
109670  -25.961  10.791  -23.771 0.0000000000
74454  -26.474  12.043  -23.417 0.0000000000
108139  -27.060  10.921  -22.833 0.0000000000
73732  -27.612  11.269  -22.331 0.0000000000
72958  -27.370  10.332  -22.551 0.0000000000
69861  -23.550  6.269  -26.398 0.0000000000
70648  -23.726  7.246  -26.163 0.0000000000
69862  -24.193  6.423  -25.712 0.0000000000
68961  -27.339  5.693  -22.696 0.0000000000
68974  -26.925  6.440  -23.084 0.0000000000
69820  -27.582  6.534  -22.560 0.0000000000
70608  -28.211  7.492  -21.889 0.0000000000
69808  -28.606  7.014  -21.642 0.0000000000
61669  -26.344  -3.613  -23.706 0.0000000000
100367  -24.620  -2.446  -25.172 0.0000000000
100377  -26.097  -2.708  -23.783 0.0000000000
100379  -25.976  -1.598  -23.676 0.0000000000
74481  -24.022  12.716  -25.905 0.0000000000
107682  -25.149  12.844  -24.646 0.0000000000
109505  -24.338  11.820  -25.560 0.0000000000
73764  -24.631  11.119  -25.058 0.0000000000
72223  -24.641  9.584  -24.990 0.0000000000
68065  -24.414  4.298  -25.158 0.0000000000
120566  -25.214  5.502  -24.436 0.0000000000
68049  -25.437  4.222  -23.922 0.0000000000
68041  -26.802  4.186  -22.866 0.0000000000
68027  -27.965  4.207  -21.985 0.0000000000
100278  -26.889  -5.376  -23.509 0.0000000000
68083  -23.261  4.213  -26.083 0.0000000000
120874  -23.942  3.323  -25.430 0.0000000000
66401  -24.598  2.508  -24.724 0.0000000000
64720  -25.903  0.969  -23.525 0.0000000000
83913  -24.873  25.125  -24.833 0.0000000000
82581  -23.185  22.815  -24.872 0.0000000000
83264  -24.169  23.366  -25.362 0.0000000000
81891  -25.420  22.972  -25.717 0.0000000000
81892  -26.334  22.600  -25.664 0.0000000000
81179  -26.561  21.664  -25.475 0.0000000000
111422  -24.055  20.139  -25.725 0.0000000000
117145  -25.574  20.558  -25.569 0.0000000000
80487  -27.176  20.983  -25.103 0.0000000000
80470  -27.679  20.471  -24.564 0.0000000000
79803  -27.332  19.717  -24.373 0.0000000000
79793  -27.645  19.155  -23.897 0.0000000000
78401  -24.242  16.903  -25.437 0.0000000000
77569  -25.757  16.671  -24.616 0.0000000000
78383  -26.972  17.163  -23.920 0.0000000000
111532  -27.498  17.809  -23.691 0.0000000000
78373  -28.225  16.826  -22.966 0.0000000000
75931  -28.360  14.620  -22.090 0.0000000000
75169  -26.287  13.392  -23.704 0.0000000000
75156  -27.483  13.282  -22.600 0.0000000000
71498  -23.159  9.041  -26.491 0.0000000000
71467  -24.438  8.858  -25.319 0.0000000000
71449  -25.824  8.677  -24.020 0.0000000000
121431  -25.717  6.507  -24.138 0.0000000000
70620  -26.203  7.919  -23.733 0.0000000000
71432  -26.955  8.730  -22.993 0.0000000000
71433  -27.474  8.802  -22.492 0.0000000000
72179  -28.578  9.020  -21.442 0.0000000000
64030  -24.640  -0.073  -24.624 0.0000000000
106723  -25.692  0.090  -23.672 0.0000000000
64003  -26.753  -0.424  -22.759 0.0000000000
113234  -27.230  1.224  -22.356 0.0000000000
64710  -27.614  0.497  -22.030 0.0000000000
104066  -26.870  -8.014  -22.709 0.0000000000
78400  -23.472  17.818  -25.539 0.0000000000
79120  -25.534  18.323  -25.015 0.0000000000
75173  -24.497  13.641  -25.296 0.0000000000
75951  -25.005  14.437  -24.791 0.0000000000
120487  -25.296  15.245  -24.649 0.0000000000
76733  -26.434  15.020  -23.695 0.0000000000
75952  -25.515  14.076  -24.380 0.0000000000
73751  -26.530  11.063  -23.353 0.0000000000
72957  -26.818  10.241  -23.037 0.0000000000
121683  -23.552  5.608  -26.358 0.0000000000
69821  -28.176  6.726  -22.063 0.0000000000
115697  -28.737  6.244  -21.566 0.0000000000
116065  -28.642  5.450  -21.636 0.0000000000
108646  -23.709  11.842  -26.137 0.0000000000
120047  -24.100  12.224  -25.823 0.0000000000
114565  -23.466  10.315  -26.221 0.0000000000
73021  -23.778  10.870  -25.911 0.0000000000
72998  -24.268  10.470  -25.454 0.0000000000
72999  -25.003  10.290  -24.642 0.0000000000
67236  -24.817  3.992  -24.540 0.0000000000
106397  -27.409  4.235  -22.467 0.0000000000
118773  -27.635  3.616  -22.175 0.0000000000
67200  -28.183  3.323  -21.655 0.0000000000
57309  -24.814  -8.169  -23.355 0.0000000000
57288  -25.004  -8.762  -23.052 0.0000000000
59956  -25.935  -5.315  -23.993 0.0000000000
59940  -27.754  -5.405  -23.141 0.0000000000
67249  -23.889  3.880  -25.530 0.0000000000
65533  -24.200  1.825  -25.078 0.0000000000
65519  -24.804  1.662  -24.446 0.0000000000
64735  -25.145  0.740  -24.137 0.0000000000
82575  -23.601  23.444  -24.506 0.0000000000
83255  -24.574  24.464  -24.631 0.0000000000
83265  -24.682  24.230  -25.079 0.0000000000
81889  -23.513  22.361  -25.733 0.0000000000
82582  -23.600  22.793  -25.458 0.0000000000
82583  -24.768  23.777  -25.428 0.0000000000
115465  -24.647  23.224  -25.628 0.0000000000
82584  -25.336  23.697  -25.585 0.0000000000
115161  -24.897  21.778  -25.748 0.0000000000
81178  -25.604  22.132  -25.722 0.0000000000
111863  -25.040  19.967  -25.608 0.0000000000
80486  -26.334  20.761  -25.339 0.0000000000
80469  -26.872  20.241  -24.862 0.0000000000
79122  -26.899  18.881  -24.350 0.0000000000
79110  -27.375  18.465  -23.932 0.0000000000
77579  -24.372  16.122  -25.342 0.0000000000
77580  -24.960  16.940  -25.127 0.0000000000
77568  -25.168  15.998  -24.854 0.0000000000
77570  -26.424  16.534  -24.107 0.0000000000
78384  -27.607  17.021  -23.434 0.0000000000
78385  -28.261  17.770  -23.168 0.0000000000
76721  -27.717  15.511  -22.874 0.0000000000
76722  -28.311  15.413  -22.404 0.0000000000
111650  -27.862  14.906  -22.598 0.0000000000
74453  -25.867  12.572  -23.957 0.0000000000
75168  -25.671  13.435  -24.209 0.0000000000
74437  -26.995  12.571  -23.025 0.0000000000
75157  -28.141  13.740  -22.068 0.0000000000
106427  -28.103  12.879  -22.016 0.0000000000
72942  -28.514  10.484  -21.514 0.0000000000
71497  -22.856  9.087  -26.582 0.0000000000
70649  -24.386  7.352  -25.443 0.0000000000
112476  -24.266  8.234  -25.548 0.0000000000
71468  -25.137  8.726  -24.627 0.0000000000
70634  -25.549  7.909  -24.311 0.0000000000
68988  -25.232  6.169  -24.533 0.0000000000
70621  -27.166  7.243  -22.920 0.0000000000
69833  -26.569  7.187  -23.435 0.0000000000
111917  -26.790  7.958  -23.226 0.0000000000
70592  -28.729  7.626  -21.441 0.0000000000
71422  -28.348  8.229  -21.664 0.0000000000
71423  -28.905  8.337  -21.182 0.0000000000
100384  -26.639  -1.275  -23.008 0.0000000000
64015  -25.478  -0.742  -23.842 0.0000000000
64016  -26.169  -0.605  -23.374 0.0000000000
109527  -27.235  -1.086  -22.499 0.0000000000
112437  -23.052  11.280  -26.544 0.0000000000
72265  -23.232  10.291  -26.396 0.0000000000
66391  -25.653  2.507  -23.682 0.0000000000
67226  -25.881  3.366  -23.547 0.0000000000
66392  -26.355  2.685  -23.192 0.0000000000
66380  -26.849  2.905  -22.703 0.0000000000
66356  -27.476  2.788  -22.211 0.0000000000
119726  -27.516  1.907  -22.130 0.0000000000
65477  -27.842  1.275  -21.789 0.0000000000
57289  -25.552  -8.345  -23.068 0.0000000000
115328  -25.200  -5.581  -24.399 0.0000000000
100273  -26.871  -7.106  -23.101 0.0000000000
66412  -23.303  2.614  -25.700 0.0000000000
65547  -22.870  2.189  -25.874 0.0000000000
107416  -23.665  1.169  -25.347 0.0000000000
81177  -23.977  21.968  -25.874 0.0000000000
80485  -24.672  20.960  -25.768 0.0000000000
79816  -25.337  19.126  -25.311 0.0000000000
79802  -26.652  19.565  -24.710 0.0000000000
76742  -24.700  15.255  -25.074 0.0000000000
107369  -26.547  15.883  -23.766 0.0000000000
75943  -26.675  14.092  -23.435 0.0000000000
73750  -25.878  11.560  -23.858 0.0000000000
73731  -27.031  11.695  -22.902 0.0000000000
69873  -23.193  7.235  -26.589 0.0000000000
68973  -26.587  5.550  -23.285 0.0000000000
102890  -26.265  6.429  -23.632 0.0000000000
112475  -27.800  8.110  -22.159 0.0000000000
70607  -27.713  7.342  -22.401 0.0000000000
70593  -29.179  7.751  -21.034 0.0000000000
69809  -29.172  7.004  -21.171 0.0000000000
61686  -25.837  -3.974  -24.190 0.0000000000
62537  -24.963  -3.038  -24.960 0.0000000000
119818  -25.811  -3.355  -24.155 0.0000000000
105906  -25.476  -2.867  -24.416 0.0000000000
100376  -25.557  -2.200  -24.180 0.0000000000
100378  -25.206  -1.475  -24.324 0.0000000000
112824  -26.685  -2.167  -23.162 0.0000000000
121430  -24.662  13.061  -25.207 0.0000000000
74465  -24.553  12.446  -25.333 0.0000000000
73784  -24.010  11.176  -25.798 0.0000000000
73765  -25.417  10.974  -24.320 0.0000000000
72977  -25.694  10.185  -24.005 0.0000000000
118439  -24.375  5.008  -25.301 0.0000000000
68987  -24.654  5.710  -25.066 0.0000000000
68066  -24.890  4.831  -24.613 0.0000000000
104873  -25.490  5.044  -24.100 0.0000000000
107964  -26.042  4.911  -23.641 0.0000000000
68050  -26.247  4.153  -23.392 0.0000000000
108602  -26.572  4.744  -23.210 0.0000000000
68960  -27.074  4.900  -22.796 0.0000000000
68042  -27.744  4.948  -22.361 0.0000000000
68028  -28.331  4.890  -21.857 0.0000000000
67201  -28.564  4.153  -21.520 0.0000000000
66357  -28.147  2.178  -21.572 0.0000000000
56410  -24.723  -9.375  -22.841 0.0000000000
60817  -25.302  -4.220  -24.634 0.0000000000
60818  -25.758  -4.571  -24.215 0.0000000000
60800  -26.461  -4.502  -23.743 0.0000000000
60801  -27.359  -4.712  -23.309 0.0000000000
68084  -23.888  4.669  -25.707 0.0000000000
67235  -24.443  3.403  -25.057 0.0000000000
66413  -23.948  2.704  -25.355 0.0000000000
66402  -25.081  2.304  -24.141 0.0000000000
65507  -25.449  1.670  -23.864 0.0000000000
81868  -22.755  22.608  -24.154 0.0000000000
118866  -23.697  23.255  -25.078 0.0000000000
115518  -26.957  23.078  -25.679 0.0000000000
81893  -27.200  22.322  -25.484 0.0000000000
81180  -27.434  21.661  -25.240 0.0000000000
77578  -23.686  16.586  -25.548 0.0000000000
78390  -25.657  17.519  -24.814 0.0000000000
78391  -26.356  17.314  -24.421 0.0000000000
79109  -26.913  17.945  -24.192 0.0000000000
109330  -27.939  18.550  -23.549 0.0000000000
77562  -27.655  16.243  -23.170 0.0000000000
77549  -28.813  16.041  -22.220 0.0000000000
111155  -26.509  12.785  -23.465 0.0000000000
75155  -26.863  13.340  -23.215 0.0000000000
75929  -27.176  13.936  -22.970 0.0000000000
75930  -27.697  14.216  -22.549 0.0000000000
74439  -28.171  12.000  -21.916 0.0000000000
116949  -23.153  9.714  -26.453 0.0000000000
72266  -23.477  9.805  -26.215 0.0000000000
70662  -23.335  8.159  -26.423 0.0000000000
71482  -23.877  9.004  -25.915 0.0000000000
72224  -25.442  9.468  -24.336 0.0000000000
72208  -26.051  9.435  -23.728 0.0000000000
69848  -24.722  6.531  -25.050 0.0000000000
69849  -25.207  7.071  -24.609 0.0000000000
69832  -25.955  7.160  -23.986 0.0000000000
71450  -26.428  8.687  -23.490 0.0000000000
72209  -26.632  9.460  -23.268 0.0000000000
72193  -27.140  9.520  -22.772 0.0000000000
72194  -27.665  9.610  -22.237 0.0000000000
71434  -27.959  8.893  -21.906 0.0000000000
72195  -28.214  9.709  -21.704 0.0000000000
64747  -23.883  0.250  -25.169 0.0000000000
64031  -25.009  -0.685  -24.309 0.0000000000
113145  -25.164  -0.133  -24.089 0.0000000000
64721  -26.345  0.279  -23.144 0.0000000000
64709  -26.961  0.413  -22.552 0.0000000000
61685  -25.350  -3.553  -24.607 0.0000000000
70663  -23.806  8.155  -26.040 0.0000000000
71499  -23.424  8.977  -26.318 0.0000000000
73797  -23.266  11.294  -26.453 0.0000000000
113128  -23.258  9.648  -26.391 0.0000000000
118451  -23.779  17.216  -25.544 0.0000000000
