#!ascii label  , from subject sub-s020 vox2ras=TkReg
293
24213  41.744  -36.097  -12.117 0.0000000000
107070  44.836  -38.611  -18.357 0.0000000000
21430  47.005  -40.178  -11.305 0.0000000000
111769  45.022  -35.917  -15.977 0.0000000000
18877  51.419  -41.962  -15.961 0.0000000000
116399  50.247  -40.688  -12.272 0.0000000000
17134  48.845  -45.018  -13.968 0.0000000000
24275  46.037  -35.400  -17.547 0.0000000000
27177  43.113  -33.840  -17.983 0.0000000000
102262  44.282  -37.300  -11.739 0.0000000000
23219  46.705  -37.653  -13.428 0.0000000000
24229  49.440  -36.698  -15.163 0.0000000000
109991  48.932  -39.677  -16.368 0.0000000000
18026  49.474  -44.601  -18.173 0.0000000000
24206  39.812  -36.030  -11.118 0.0000000000
108335  43.169  -37.663  -9.924 0.0000000000
20498  44.465  -40.196  -9.568 0.0000000000
26192  41.673  -34.286  -16.922 0.0000000000
110545  48.478  -43.345  -14.134 0.0000000000
106373  45.874  -37.446  -17.631 0.0000000000
106399  44.503  -36.515  -18.054 0.0000000000
23194  45.553  -38.583  -11.290 0.0000000000
22352  46.911  -38.747  -11.894 0.0000000000
103391  51.614  -40.896  -13.913 0.0000000000
22366  50.863  -37.978  -13.868 0.0000000000
21498  51.135  -39.170  -15.309 0.0000000000
22404  49.071  -37.653  -16.077 0.0000000000
20606  50.485  -40.757  -16.382 0.0000000000
18023  47.869  -43.395  -16.865 0.0000000000
22298  43.373  -38.886  -8.394 0.0000000000
22308  44.261  -38.835  -9.590 0.0000000000
21401  43.903  -40.075  -8.927 0.0000000000
24233  44.753  -36.746  -15.325 0.0000000000
25262  43.678  -35.289  -16.433 0.0000000000
101708  41.667  -33.197  -18.613 0.0000000000
28182  41.306  -32.660  -18.162 0.0000000000
20553  47.101  -40.800  -11.876 0.0000000000
20529  48.094  -40.477  -11.785 0.0000000000
19703  48.876  -42.050  -12.955 0.0000000000
18833  50.568  -42.621  -12.927 0.0000000000
17990  50.793  -43.689  -14.016 0.0000000000
25275  46.064  -34.920  -17.129 0.0000000000
26189  44.428  -34.564  -17.314 0.0000000000
26200  44.296  -34.486  -17.849 0.0000000000
26213  42.763  -33.917  -18.252 0.0000000000
114006  45.707  -39.450  -19.803 0.0000000000
112441  42.980  -36.335  -12.060 0.0000000000
108439  45.295  -37.367  -13.996 0.0000000000
24232  46.177  -36.635  -15.114 0.0000000000
22350  48.586  -38.732  -12.494 0.0000000000
23234  48.226  -36.989  -14.291 0.0000000000
106260  47.583  -36.000  -15.880 0.0000000000
23256  47.968  -36.386  -16.411 0.0000000000
22408  47.118  -37.725  -17.109 0.0000000000
105290  46.788  -39.032  -17.336 0.0000000000
18021  50.205  -43.436  -17.255 0.0000000000
111596  48.829  -42.143  -16.660 0.0000000000
19749  47.144  -40.948  -16.865 0.0000000000
105373  46.538  -39.890  -17.924 0.0000000000
25216  39.129  -35.798  -11.787 0.0000000000
99309  41.059  -36.110  -11.670 0.0000000000
24185  41.335  -36.827  -10.012 0.0000000000
24195  42.459  -36.642  -11.027 0.0000000000
23195  43.670  -37.247  -11.167 0.0000000000
22307  44.843  -39.272  -9.929 0.0000000000
20510  45.345  -40.210  -10.389 0.0000000000
21452  44.075  -40.231  -11.818 0.0000000000
20554  45.451  -40.592  -12.251 0.0000000000
27166  42.291  -33.834  -17.528 0.0000000000
24214  40.924  -36.034  -12.520 0.0000000000
25222  40.055  -35.929  -13.063 0.0000000000
24223  40.814  -36.243  -13.507 0.0000000000
21518  45.586  -38.541  -17.849 0.0000000000
22410  45.009  -37.609  -17.881 0.0000000000
22325  46.592  -39.621  -11.228 0.0000000000
22353  46.133  -38.743  -11.572 0.0000000000
22324  47.360  -39.502  -11.616 0.0000000000
19715  51.602  -41.554  -14.466 0.0000000000
20577  51.620  -40.242  -14.406 0.0000000000
20595  51.575  -40.545  -15.182 0.0000000000
21512  50.806  -39.947  -15.878 0.0000000000
20605  51.108  -40.853  -16.183 0.0000000000
17177  45.749  -44.200  -17.366 0.0000000000
21394  43.283  -39.617  -8.360 0.0000000000
24254  44.229  -36.167  -15.857 0.0000000000
25261  44.797  -35.140  -16.549 0.0000000000
28195  41.148  -32.417  -18.869 0.0000000000
19685  48.332  -41.286  -12.405 0.0000000000
19704  47.939  -41.581  -13.277 0.0000000000
101878  48.170  -44.045  -14.285 0.0000000000
18834  49.714  -42.813  -13.108 0.0000000000
17992  49.205  -44.273  -13.837 0.0000000000
17974  50.946  -42.987  -13.506 0.0000000000
17133  49.838  -44.972  -14.003 0.0000000000
25282  46.433  -35.160  -17.218 0.0000000000
25283  45.808  -34.899  -17.422 0.0000000000
25284  45.451  -35.023  -17.682 0.0000000000
25293  43.764  -34.794  -18.238 0.0000000000
25294  42.843  -34.638  -18.458 0.0000000000
26214  42.083  -33.769  -18.560 0.0000000000
23210  43.580  -36.670  -11.962 0.0000000000
24220  43.201  -36.512  -12.635 0.0000000000
106126  44.054  -36.958  -12.701 0.0000000000
23235  46.209  -37.235  -14.256 0.0000000000
20528  48.900  -40.262  -11.872 0.0000000000
21450  48.783  -39.518  -12.039 0.0000000000
22349  49.644  -38.828  -12.665 0.0000000000
23232  49.897  -37.028  -14.684 0.0000000000
23216  49.692  -37.268  -14.031 0.0000000000
23233  49.123  -36.734  -14.675 0.0000000000
24230  48.151  -36.432  -15.100 0.0000000000
24251  48.873  -36.469  -15.476 0.0000000000
24269  47.687  -36.002  -16.410 0.0000000000
24268  48.472  -36.331  -15.973 0.0000000000
106836  48.482  -38.674  -16.408 0.0000000000
22405  48.086  -37.495  -16.565 0.0000000000
108662  47.555  -38.750  -16.806 0.0000000000
21514  47.980  -39.644  -16.623 0.0000000000
14501  46.734  -47.085  -19.472 0.0000000000
17185  48.077  -45.333  -18.975 0.0000000000
16320  48.105  -45.207  -18.450 0.0000000000
17174  49.273  -44.881  -18.250 0.0000000000
18885  49.908  -43.966  -17.768 0.0000000000
118948  50.177  -42.905  -17.096 0.0000000000
18022  49.040  -43.750  -17.353 0.0000000000
18886  46.822  -42.855  -16.756 0.0000000000
19746  47.741  -41.858  -16.644 0.0000000000
19747  46.716  -41.667  -16.888 0.0000000000
20612  46.927  -40.263  -17.238 0.0000000000
20616  46.521  -40.547  -17.756 0.0000000000
25215  40.133  -35.876  -11.981 0.0000000000
24205  40.544  -36.145  -11.221 0.0000000000
23177  42.884  -37.910  -9.142 0.0000000000
23186  42.095  -37.236  -9.637 0.0000000000
23185  42.568  -37.191  -10.201 0.0000000000
24196  41.898  -36.680  -10.539 0.0000000000
23196  43.075  -37.174  -10.713 0.0000000000
23184  43.684  -37.890  -10.250 0.0000000000
22296  44.397  -39.779  -9.370 0.0000000000
21408  44.899  -40.033  -9.813 0.0000000000
22306  45.274  -39.695  -10.212 0.0000000000
20511  44.855  -40.289  -9.962 0.0000000000
21469  43.645  -39.796  -13.075 0.0000000000
20555  44.543  -40.191  -12.702 0.0000000000
108802  44.920  -40.545  -11.424 0.0000000000
26201  43.694  -34.181  -17.798 0.0000000000
26190  43.411  -34.424  -17.183 0.0000000000
26202  43.016  -34.003  -17.708 0.0000000000
27180  41.135  -32.981  -17.631 0.0000000000
23261  46.380  -36.327  -17.531 0.0000000000
24276  45.310  -35.535  -17.824 0.0000000000
102759  44.970  -38.010  -11.493 0.0000000000
23209  44.857  -37.459  -12.401 0.0000000000
23208  45.561  -38.023  -12.077 0.0000000000
23206  47.212  -38.159  -12.814 0.0000000000
20548  51.188  -40.147  -12.869 0.0000000000
21448  50.915  -39.406  -12.894 0.0000000000
21447  51.326  -39.349  -13.427 0.0000000000
22381  51.024  -38.053  -14.423 0.0000000000
22393  50.768  -38.005  -15.078 0.0000000000
113093  49.368  -37.058  -15.679 0.0000000000
21499  50.406  -38.838  -15.661 0.0000000000
21513  49.941  -39.758  -16.158 0.0000000000
20607  49.499  -40.631  -16.453 0.0000000000
18027  48.248  -44.372  -17.578 0.0000000000
18028  47.192  -43.771  -17.008 0.0000000000
107612  46.232  -43.479  -16.977 0.0000000000
23176  43.600  -38.431  -9.297 0.0000000000
22297  43.850  -39.436  -8.883 0.0000000000
21409  43.966  -40.312  -9.686 0.0000000000
25263  42.644  -36.033  -15.969 0.0000000000
25277  42.663  -35.073  -16.516 0.0000000000
27189  42.480  -33.581  -18.107 0.0000000000
27179  41.958  -33.330  -17.919 0.0000000000
28196  40.837  -31.943  -18.371 0.0000000000
20530  47.388  -40.452  -11.605 0.0000000000
20552  47.836  -40.807  -11.919 0.0000000000
20551  48.633  -40.790  -12.018 0.0000000000
19684  49.248  -41.383  -12.309 0.0000000000
18817  49.913  -42.072  -12.558 0.0000000000
18816  50.725  -41.840  -12.577 0.0000000000
18832  51.134  -42.267  -13.056 0.0000000000
18845  51.371  -42.396  -14.068 0.0000000000
25260  45.720  -35.269  -16.539 0.0000000000
25276  45.406  -34.733  -17.154 0.0000000000
115491  45.076  -34.719  -17.595 0.0000000000
24282  44.672  -35.121  -18.008 0.0000000000
26212  43.543  -34.134  -18.063 0.0000000000
21524  45.796  -39.339  -18.903 0.0000000000
24212  42.453  -36.250  -12.466 0.0000000000
24222  41.686  -36.196  -12.975 0.0000000000
111760  45.405  -37.036  -14.792 0.0000000000
24253  45.675  -36.219  -15.676 0.0000000000
22369  48.158  -38.077  -13.044 0.0000000000
22367  50.171  -37.921  -13.521 0.0000000000
23217  48.700  -37.370  -13.805 0.0000000000
23218  47.704  -37.543  -13.601 0.0000000000
112090  47.329  -37.101  -14.295 0.0000000000
24231  47.036  -36.521  -15.072 0.0000000000
24252  46.679  -35.886  -15.885 0.0000000000
25258  47.203  -35.678  -16.529 0.0000000000
24270  47.023  -35.528  -16.896 0.0000000000
24273  47.333  -35.966  -16.822 0.0000000000
23255  48.746  -36.774  -16.036 0.0000000000
23259  47.538  -36.666  -16.877 0.0000000000
23260  47.038  -36.460  -17.231 0.0000000000
115104  46.555  -37.274  -17.427 0.0000000000
22409  46.313  -38.280  -17.468 0.0000000000
21517  46.165  -39.377  -17.980 0.0000000000
16282  50.326  -44.882  -15.720 0.0000000000
15417  47.403  -45.896  -18.998 0.0000000000
18020  50.321  -43.677  -17.290 0.0000000000
18878  51.009  -42.322  -16.569 0.0000000000
109847  50.461  -42.569  -16.863 0.0000000000
19745  50.141  -41.591  -16.668 0.0000000000
109878  49.132  -41.423  -16.580 0.0000000000
18880  48.450  -42.808  -16.759 0.0000000000
106021  48.091  -41.210  -16.640 0.0000000000
20608  48.480  -40.507  -16.554 0.0000000000
20611  47.584  -40.386  -16.790 0.0000000000
21523  46.532  -39.879  -19.087 0.0000000000
25236  37.651  -35.205  -13.044 0.0000000000
25224  38.356  -35.575  -12.455 0.0000000000
25223  39.212  -35.759  -12.729 0.0000000000
23178  41.643  -37.313  -9.043 0.0000000000
24197  40.461  -36.486  -10.376 0.0000000000
100057  41.187  -36.369  -10.879 0.0000000000
24204  41.798  -36.300  -11.342 0.0000000000
102696  42.426  -36.284  -11.754 0.0000000000
24203  43.030  -36.659  -11.478 0.0000000000
23183  44.422  -38.168  -10.690 0.0000000000
22327  45.225  -38.840  -10.641 0.0000000000
22326  45.807  -39.522  -10.776 0.0000000000
21431  46.168  -40.238  -10.983 0.0000000000
113858  45.030  -40.413  -10.456 0.0000000000
20532  45.778  -40.509  -11.068 0.0000000000
20531  46.647  -40.500  -11.359 0.0000000000
26191  42.517  -34.353  -17.045 0.0000000000
110828  41.451  -33.661  -17.326 0.0000000000
15403  47.875  -46.042  -18.577 0.0000000000
15418  46.801  -46.474  -19.621 0.0000000000
16319  49.186  -44.962  -18.452 0.0000000000
17132  50.538  -44.447  -14.678 0.0000000000
17175  49.152  -44.818  -18.618 0.0000000000
17184  48.887  -45.062  -18.825 0.0000000000
17975  50.371  -43.386  -13.414 0.0000000000
17976  49.485  -43.544  -13.578 0.0000000000
17991  50.151  -44.189  -13.767 0.0000000000
18009  51.352  -42.610  -15.839 0.0000000000
18831  51.430  -41.619  -13.485 0.0000000000
18879  49.644  -43.091  -17.101 0.0000000000
18881  47.488  -42.492  -16.672 0.0000000000
19682  50.887  -40.961  -12.472 0.0000000000
19683  50.141  -41.293  -12.320 0.0000000000
19686  47.512  -41.149  -12.602 0.0000000000
19701  51.428  -40.899  -13.046 0.0000000000
19702  51.172  -41.556  -12.799 0.0000000000
19733  51.568  -41.355  -15.427 0.0000000000
19743  51.269  -41.509  -16.209 0.0000000000
19744  50.824  -41.652  -16.548 0.0000000000
20512  44.476  -40.382  -10.114 0.0000000000
20549  50.632  -40.158  -12.456 0.0000000000
20550  49.507  -40.773  -12.139 0.0000000000
20566  51.525  -40.134  -13.579 0.0000000000
20596  51.296  -40.191  -15.582 0.0000000000
20604  51.421  -40.898  -15.815 0.0000000000
21429  47.945  -40.034  -11.568 0.0000000000
21449  49.876  -40.199  -12.162 0.0000000000
21468  51.062  -38.743  -13.443 0.0000000000
21482  51.545  -39.373  -14.147 0.0000000000
21497  51.514  -39.654  -14.919 0.0000000000
21516  47.179  -39.692  -17.071 0.0000000000
22348  50.569  -38.687  -13.137 0.0000000000
22365  51.314  -38.581  -13.968 0.0000000000
22368  49.180  -37.998  -13.256 0.0000000000
22380  51.320  -38.706  -14.650 0.0000000000
22394  49.900  -37.770  -15.626 0.0000000000
23215  50.318  -37.433  -14.169 0.0000000000
23231  50.507  -37.513  -14.584 0.0000000000
23248  49.865  -37.106  -15.185 0.0000000000
23249  49.118  -36.664  -15.568 0.0000000000
24274  46.783  -35.635  -17.222 0.0000000000
25259  46.558  -35.297  -16.771 0.0000000000
27178  42.688  -33.672  -17.931 0.0000000000
100629  49.469  -38.714  -16.072 0.0000000000
102843  50.268  -39.495  -12.518 0.0000000000
103157  48.251  -36.196  -15.885 0.0000000000
109897  51.666  -40.916  -14.700 0.0000000000
110868  49.854  -42.329  -16.861 0.0000000000
111943  49.521  -39.683  -12.177 0.0000000000
112259  51.172  -43.132  -14.255 0.0000000000
115362  50.562  -43.021  -16.945 0.0000000000
117043  46.177  -35.615  -16.229 0.0000000000
