#!ascii label  , from subject sub-s020 vox2ras=TkReg
213
71554  26.851  14.580  -24.082 0.0000000000
64795  27.556  6.479  -25.961 0.0000000000
75085  24.885  18.685  -26.087 0.0000000000
81016  24.019  27.961  -27.538 0.0000000000
63034  27.048  4.545  -26.917 0.0000000000
76645  26.620  20.359  -23.774 0.0000000000
77933  25.930  22.681  -23.983 0.0000000000
69909  25.491  12.504  -26.382 0.0000000000
68305  26.309  10.325  -25.642 0.0000000000
69870  27.719  12.442  -23.624 0.0000000000
73270  27.971  16.896  -22.770 0.0000000000
71495  28.799  14.673  -22.016 0.0000000000
74193  26.041  16.742  -24.725 0.0000000000
75027  27.444  18.481  -23.442 0.0000000000
104919  24.743  24.293  -26.233 0.0000000000
109975  26.333  24.979  -23.793 0.0000000000
66511  29.185  8.359  -24.205 0.0000000000
77309  25.668  21.796  -24.432 0.0000000000
77945  25.092  22.629  -25.521 0.0000000000
70722  25.620  13.311  -25.814 0.0000000000
69888  26.433  12.256  -24.869 0.0000000000
70705  27.281  13.053  -24.021 0.0000000000
63903  27.724  5.566  -25.957 0.0000000000
75066  25.548  18.099  -25.334 0.0000000000
74171  26.721  17.595  -24.202 0.0000000000
75045  26.448  18.381  -24.542 0.0000000000
109976  27.737  21.869  -22.540 0.0000000000
76634  27.791  20.417  -22.725 0.0000000000
81030  22.290  27.469  -27.539 0.0000000000
110570  22.977  24.094  -26.935 0.0000000000
80266  23.822  26.322  -27.132 0.0000000000
113823  27.731  28.162  -24.242 0.0000000000
116037  27.940  26.971  -23.497 0.0000000000
80238  26.255  25.759  -24.260 0.0000000000
80982  28.278  26.265  -23.390 0.0000000000
108278  27.056  24.992  -23.170 0.0000000000
68286  28.133  9.857  -24.057 0.0000000000
67426  27.706  9.457  -24.765 0.0000000000
62082  26.590  3.718  -27.006 0.0000000000
75913  25.847  19.685  -24.849 0.0000000000
76660  25.424  20.426  -25.073 0.0000000000
77920  26.436  21.960  -23.483 0.0000000000
77919  27.169  22.570  -22.806 0.0000000000
68331  25.968  10.120  -27.442 0.0000000000
69104  25.722  10.997  -26.044 0.0000000000
113489  27.319  11.131  -24.344 0.0000000000
69042  28.389  11.299  -23.363 0.0000000000
72383  27.447  15.675  -23.341 0.0000000000
71528  27.910  14.102  -23.022 0.0000000000
72354  28.422  15.379  -22.344 0.0000000000
71568  25.728  14.671  -25.337 0.0000000000
72437  24.958  15.599  -26.478 0.0000000000
72424  25.935  15.331  -24.831 0.0000000000
73272  26.996  16.282  -23.765 0.0000000000
74150  27.651  17.660  -23.183 0.0000000000
75015  28.533  18.443  -22.240 0.0000000000
75911  27.181  19.167  -23.711 0.0000000000
75888  28.100  19.742  -22.657 0.0000000000
78671  24.313  23.283  -26.402 0.0000000000
81001  25.430  27.128  -25.604 0.0000000000
80239  25.684  25.923  -25.063 0.0000000000
79447  25.827  24.986  -24.653 0.0000000000
110243  25.470  24.064  -25.164 0.0000000000
78649  26.171  23.482  -23.648 0.0000000000
79436  27.338  24.256  -22.743 0.0000000000
65639  26.889  7.503  -27.070 0.0000000000
67465  26.536  9.584  -27.032 0.0000000000
70686  28.253  13.340  -22.913 0.0000000000
69850  29.238  12.339  -22.277 0.0000000000
110070  24.803  21.928  -25.938 0.0000000000
110595  25.985  13.896  -25.126 0.0000000000
70721  26.245  13.081  -25.033 0.0000000000
70706  26.681  13.700  -24.431 0.0000000000
61136  25.782  2.359  -26.816 0.0000000000
104939  26.428  2.901  -26.777 0.0000000000
64794  28.192  6.142  -25.552 0.0000000000
109854  25.571  19.019  -25.264 0.0000000000
77907  28.101  22.665  -22.519 0.0000000000
106340  23.195  27.175  -27.490 0.0000000000
80268  22.000  26.201  -27.130 0.0000000000
80252  24.583  26.651  -26.723 0.0000000000
80983  27.436  26.353  -23.536 0.0000000000
68266  28.694  10.360  -23.453 0.0000000000
67404  28.723  9.550  -23.784 0.0000000000
63923  26.388  6.068  -27.524 0.0000000000
75928  25.194  19.839  -25.576 0.0000000000
76673  24.947  20.600  -25.898 0.0000000000
113215  26.521  22.836  -23.372 0.0000000000
110185  22.485  29.700  -28.293 0.0000000000
69105  25.569  11.709  -26.835 0.0000000000
69088  25.630  11.806  -25.985 0.0000000000
69887  27.163  12.121  -24.277 0.0000000000
69065  26.626  11.441  -24.792 0.0000000000
69043  27.757  11.607  -23.748 0.0000000000
105726  27.417  3.898  -26.376 0.0000000000
71513  27.841  15.080  -22.850 0.0000000000
72382  27.919  15.983  -22.757 0.0000000000
103254  25.364  13.920  -26.370 0.0000000000
73315  25.139  16.285  -25.912 0.0000000000
73314  25.654  16.151  -25.064 0.0000000000
72425  25.451  15.463  -25.615 0.0000000000
73291  26.340  16.000  -24.354 0.0000000000
73290  26.615  16.896  -24.249 0.0000000000
74151  27.077  17.988  -23.836 0.0000000000
75026  27.963  18.397  -22.792 0.0000000000
75912  26.567  19.603  -24.194 0.0000000000
75900  27.012  19.833  -23.616 0.0000000000
76628  28.701  19.761  -22.170 0.0000000000
79484  23.601  25.011  -26.872 0.0000000000
110715  23.899  23.954  -26.755 0.0000000000
78685  23.538  23.192  -26.730 0.0000000000
81672  27.774  27.579  -23.894 0.0000000000
81685  27.063  27.971  -24.299 0.0000000000
81000  25.989  26.719  -24.566 0.0000000000
80224  26.885  25.691  -23.630 0.0000000000
79446  25.878  24.207  -24.077 0.0000000000
78659  25.680  23.387  -24.446 0.0000000000
102177  27.955  24.981  -22.794 0.0000000000
79428  28.286  24.200  -22.546 0.0000000000
65650  26.432  7.461  -27.896 0.0000000000
68317  26.164  10.241  -26.647 0.0000000000
67447  26.590  9.610  -26.020 0.0000000000
67425  28.454  8.990  -24.395 0.0000000000
67445  27.877  8.790  -25.106 0.0000000000
118158  28.341  7.921  -24.985 0.0000000000
71512  28.328  14.607  -22.533 0.0000000000
70670  28.626  13.831  -22.405 0.0000000000
77318  25.192  21.279  -25.326 0.0000000000
118050  25.257  22.051  -25.213 0.0000000000
77934  25.489  22.629  -24.788 0.0000000000
69908  25.881  12.437  -25.550 0.0000000000
110853  26.760  12.844  -24.491 0.0000000000
114020  27.258  5.205  -26.658 0.0000000000
63024  27.644  4.711  -26.194 0.0000000000
107991  28.199  4.948  -25.663 0.0000000000
107919  28.969  4.799  -25.266 0.0000000000
117804  28.398  17.020  -22.349 0.0000000000
73253  28.516  16.360  -22.203 0.0000000000
114916  24.730  16.985  -26.198 0.0000000000
74194  25.438  17.089  -25.413 0.0000000000
74172  26.167  17.493  -24.721 0.0000000000
75044  27.010  18.608  -23.992 0.0000000000
77294  26.792  21.079  -23.319 0.0000000000
76644  27.175  20.400  -23.220 0.0000000000
77293  27.413  21.097  -22.763 0.0000000000
77285  28.152  21.157  -22.427 0.0000000000
79464  24.625  25.526  -26.398 0.0000000000
81673  27.191  27.133  -23.748 0.0000000000
80984  26.677  26.506  -23.879 0.0000000000
80223  27.689  25.648  -23.269 0.0000000000
80222  28.586  25.576  -23.178 0.0000000000
68287  27.492  10.259  -24.499 0.0000000000
68304  27.012  9.863  -25.197 0.0000000000
62083  25.813  3.185  -27.118 0.0000000000
63035  26.307  4.569  -27.460 0.0000000000
63912  26.728  5.278  -27.253 0.0000000000
64807  27.050  6.022  -26.749 0.0000000000
75943  24.927  19.388  -26.051 0.0000000000
76659  26.049  20.329  -24.401 0.0000000000
113751  25.644  20.961  -24.597 0.0000000000
77308  26.153  21.058  -23.952 0.0000000000
110071  27.062  21.718  -22.858 0.0000000000
81041  21.849  28.598  -27.689 0.0000000000
117608  22.304  28.416  -28.009 0.0000000000
69124  25.783  10.886  -27.141 0.0000000000
69087  26.079  11.652  -25.404 0.0000000000
108650  26.250  10.980  -25.325 0.0000000000
68288  26.774  10.622  -24.908 0.0000000000
68267  27.914  10.723  -23.829 0.0000000000
118150  29.350  10.423  -23.003 0.0000000000
113201  27.380  14.784  -23.481 0.0000000000
73239  29.081  16.484  -21.643 0.0000000000
72353  29.070  15.591  -21.680 0.0000000000
71494  29.422  14.661  -21.498 0.0000000000
108752  25.587  14.099  -25.760 0.0000000000
71567  26.279  14.554  -24.672 0.0000000000
71579  25.278  14.707  -26.241 0.0000000000
72408  26.479  15.170  -24.352 0.0000000000
71530  26.893  15.413  -23.858 0.0000000000
113574  27.550  16.512  -23.280 0.0000000000
73271  27.197  17.148  -23.689 0.0000000000
74137  28.280  17.648  -22.451 0.0000000000
75046  26.334  19.109  -24.673 0.0000000000
106721  26.777  18.960  -24.276 0.0000000000
75899  27.497  19.752  -23.157 0.0000000000
75898  27.728  19.084  -23.027 0.0000000000
75887  28.325  19.080  -22.505 0.0000000000
81015  24.887  27.700  -26.761 0.0000000000
81687  25.723  27.886  -25.187 0.0000000000
80251  25.124  26.254  -25.944 0.0000000000
79463  25.309  25.120  -25.567 0.0000000000
78670  24.972  23.341  -25.793 0.0000000000
78660  25.351  23.216  -25.152 0.0000000000
79437  26.513  24.248  -23.304 0.0000000000
78648  26.835  23.480  -22.966 0.0000000000
78637  27.698  23.439  -22.598 0.0000000000
100228  27.094  6.846  -26.594 0.0000000000
107632  26.669  8.860  -27.380 0.0000000000
67446  27.280  9.166  -25.545 0.0000000000
67464  26.989  8.995  -26.456 0.0000000000
66524  27.041  8.243  -26.755 0.0000000000
65629  27.420  7.469  -25.996 0.0000000000
71529  27.328  13.907  -23.744 0.0000000000
70687  27.785  13.245  -23.402 0.0000000000
69869  28.238  12.653  -23.138 0.0000000000
70669  29.274  13.217  -21.947 0.0000000000
115983  28.683  12.881  -22.550 0.0000000000
116266  28.178  12.002  -23.352 0.0000000000
69851  28.686  11.973  -22.833 0.0000000000
81040  22.961  28.345  -27.987 0.0000000000
98649  22.358  29.191  -28.218 0.0000000000
98832  21.725  29.306  -27.860 0.0000000000
117597  27.619  17.055  -23.255 0.0000000000
