#!ascii label  , from subject sub-p015 vox2ras=TkReg
368
17461  37.662  -52.937  -5.611 0.0000000000
120784  36.560  -56.054  -14.423 0.0000000000
12864  43.051  -58.351  -7.439 0.0000000000
127087  37.958  -56.249  -11.429 0.0000000000
11600  41.896  -60.248  -16.147 0.0000000000
12225  43.891  -58.335  -12.389 0.0000000000
10289  39.991  -62.452  -13.454 0.0000000000
15944  38.983  -53.568  -13.991 0.0000000000
127854  33.484  -53.249  -12.465 0.0000000000
15103  40.957  -55.113  -6.017 0.0000000000
13629  41.640  -57.131  -9.214 0.0000000000
14420  42.012  -56.609  -13.521 0.0000000000
12952  39.347  -58.114  -14.412 0.0000000000
124684  39.270  -62.068  -17.037 0.0000000000
18229  37.214  -50.984  -3.319 0.0000000000
15065  38.993  -55.180  -3.837 0.0000000000
12860  39.634  -58.067  -6.666 0.0000000000
16689  33.582  -53.791  -9.950 0.0000000000
10957  40.503  -61.987  -11.670 0.0000000000
15195  38.542  -54.553  -14.504 0.0000000000
16736  37.306  -52.426  -14.106 0.0000000000
14317  42.419  -56.911  -6.723 0.0000000000
14325  43.220  -57.391  -8.258 0.0000000000
12241  43.049  -58.639  -14.282 0.0000000000
14418  43.790  -57.143  -12.964 0.0000000000
13677  42.326  -57.875  -14.612 0.0000000000
14427  40.828  -56.520  -14.088 0.0000000000
12951  41.185  -59.171  -15.336 0.0000000000
10981  37.054  -61.483  -15.701 0.0000000000
14311  37.998  -56.509  -4.990 0.0000000000
13565  39.619  -56.840  -4.786 0.0000000000
13593  38.024  -57.476  -7.035 0.0000000000
14365  37.872  -56.484  -9.741 0.0000000000
15154  35.602  -55.736  -10.621 0.0000000000
123262  32.548  -50.558  -13.062 0.0000000000
115787  32.390  -51.149  -11.531 0.0000000000
11520  42.450  -59.936  -8.907 0.0000000000
12185  44.227  -58.403  -9.710 0.0000000000
128473  42.616  -59.868  -10.817 0.0000000000
11579  41.614  -60.302  -13.215 0.0000000000
128989  41.352  -61.164  -15.447 0.0000000000
15179  38.529  -54.378  -12.587 0.0000000000
15914  36.116  -54.832  -12.019 0.0000000000
15932  36.602  -53.839  -12.646 0.0000000000
16738  34.975  -52.669  -13.505 0.0000000000
122244  34.820  -57.862  -14.425 0.0000000000
16653  39.246  -53.750  -5.537 0.0000000000
14346  39.545  -56.225  -8.516 0.0000000000
113119  39.428  -57.138  -10.839 0.0000000000
114702  43.884  -56.842  -10.805 0.0000000000
14385  42.677  -56.787  -11.795 0.0000000000
14406  40.390  -55.980  -12.492 0.0000000000
14421  40.415  -55.659  -13.286 0.0000000000
14428  39.596  -55.389  -14.148 0.0000000000
13681  37.370  -57.603  -14.320 0.0000000000
11619  40.933  -60.980  -16.609 0.0000000000
11588  39.225  -60.178  -15.224 0.0000000000
12245  37.453  -59.544  -14.530 0.0000000000
12955  36.085  -58.581  -14.315 0.0000000000
19082  36.206  -50.305  -3.965 0.0000000000
17445  37.748  -51.729  -3.961 0.0000000000
16619  38.227  -53.220  -3.264 0.0000000000
16644  39.485  -53.828  -4.654 0.0000000000
15840  40.531  -55.051  -4.885 0.0000000000
13577  40.984  -57.183  -5.222 0.0000000000
12866  41.766  -58.508  -6.818 0.0000000000
12176  39.915  -59.362  -8.698 0.0000000000
12175  41.500  -59.505  -8.209 0.0000000000
119672  33.153  -53.831  -10.894 0.0000000000
116617  37.406  -52.413  -5.203 0.0000000000
17458  36.528  -52.239  -5.493 0.0000000000
17462  36.901  -52.826  -5.850 0.0000000000
121287  37.741  -55.738  -14.442 0.0000000000
15196  37.448  -54.667  -14.655 0.0000000000
13592  42.861  -57.504  -7.043 0.0000000000
14326  42.753  -57.144  -7.449 0.0000000000
13591  43.226  -57.618  -7.771 0.0000000000
11586  42.404  -59.776  -15.625 0.0000000000
124940  42.878  -58.891  -14.883 0.0000000000
12963  42.309  -59.188  -15.504 0.0000000000
12950  41.760  -58.416  -14.989 0.0000000000
12258  41.965  -59.850  -16.143 0.0000000000
124757  36.526  -62.943  -17.477 0.0000000000
131824  38.040  -57.088  -6.324 0.0000000000
14376  37.788  -56.613  -10.696 0.0000000000
14366  36.965  -56.312  -10.145 0.0000000000
15153  36.276  -56.057  -10.813 0.0000000000
20048  32.390  -49.536  -12.523 0.0000000000
11545  42.577  -60.139  -10.144 0.0000000000
10949  41.150  -61.238  -10.431 0.0000000000
10965  40.422  -61.796  -12.974 0.0000000000
10956  40.995  -61.102  -12.454 0.0000000000
10964  41.241  -60.856  -14.131 0.0000000000
10971  40.582  -61.702  -14.403 0.0000000000
125005  38.906  -53.779  -13.288 0.0000000000
15180  37.355  -54.406  -12.359 0.0000000000
15931  38.255  -53.558  -13.116 0.0000000000
16737  36.212  -52.522  -13.666 0.0000000000
130774  34.782  -52.171  -13.846 0.0000000000
18326  33.556  -51.553  -13.818 0.0000000000
15862  40.303  -54.810  -6.363 0.0000000000
15873  39.324  -54.606  -6.819 0.0000000000
112763  40.650  -55.405  -6.942 0.0000000000
14363  39.626  -56.990  -9.549 0.0000000000
14374  41.342  -57.313  -10.082 0.0000000000
122512  44.010  -58.619  -10.805 0.0000000000
12908  44.500  -58.111  -9.993 0.0000000000
13646  44.490  -57.503  -11.081 0.0000000000
14419  42.961  -56.861  -13.324 0.0000000000
14403  43.309  -56.781  -12.495 0.0000000000
14404  42.114  -56.479  -12.789 0.0000000000
14386  41.401  -56.679  -12.022 0.0000000000
14405  40.922  -56.004  -12.890 0.0000000000
15177  39.988  -55.077  -13.110 0.0000000000
110646  41.297  -56.216  -13.193 0.0000000000
13679  40.247  -57.265  -14.359 0.0000000000
122873  39.948  -56.290  -14.167 0.0000000000
127764  39.370  -57.127  -14.316 0.0000000000
13680  38.493  -57.418  -14.326 0.0000000000
8076  38.006  -64.958  -18.001 0.0000000000
121676  38.956  -63.020  -17.811 0.0000000000
11007  39.408  -62.502  -17.373 0.0000000000
10979  39.539  -61.502  -16.588 0.0000000000
11602  39.994  -60.921  -16.277 0.0000000000
11603  38.759  -60.921  -15.642 0.0000000000
11605  36.527  -60.817  -15.041 0.0000000000
11604  37.594  -60.910  -15.254 0.0000000000
11590  37.022  -60.187  -14.727 0.0000000000
12954  37.116  -58.653  -14.351 0.0000000000
11591  36.044  -60.057  -14.616 0.0000000000
19081  36.725  -50.260  -3.345 0.0000000000
18250  36.968  -51.014  -3.902 0.0000000000
114139  37.625  -51.846  -3.459 0.0000000000
15066  38.034  -55.223  -3.325 0.0000000000
15826  38.028  -54.501  -3.088 0.0000000000
122952  38.575  -54.643  -3.451 0.0000000000
17427  38.525  -52.903  -3.714 0.0000000000
15825  39.054  -54.377  -3.839 0.0000000000
15078  39.852  -55.523  -4.306 0.0000000000
13584  39.905  -57.661  -5.902 0.0000000000
13564  40.302  -56.904  -4.832 0.0000000000
129964  40.785  -57.690  -5.701 0.0000000000
12858  41.423  -58.055  -6.183 0.0000000000
12859  40.549  -58.120  -6.305 0.0000000000
12202  38.591  -59.691  -9.701 0.0000000000
11535  39.590  -60.079  -9.572 0.0000000000
119805  40.721  -59.351  -8.226 0.0000000000
15934  34.444  -54.252  -12.140 0.0000000000
115446  34.297  -54.884  -11.295 0.0000000000
16709  33.087  -53.459  -11.725 0.0000000000
18299  32.582  -51.692  -10.877 0.0000000000
15952  38.959  -53.772  -14.223 0.0000000000
16734  38.542  -53.244  -14.229 0.0000000000
14318  41.964  -56.314  -6.375 0.0000000000
14344  41.350  -55.982  -7.101 0.0000000000
14327  42.180  -56.481  -7.063 0.0000000000
14361  42.276  -57.017  -8.549 0.0000000000
12234  43.477  -58.419  -13.334 0.0000000000
13656  44.085  -57.909  -12.652 0.0000000000
12941  43.483  -58.138  -13.690 0.0000000000
13667  43.352  -57.487  -13.666 0.0000000000
13668  42.664  -57.231  -13.992 0.0000000000
14426  41.754  -56.923  -14.071 0.0000000000
117865  40.631  -58.252  -14.643 0.0000000000
124253  40.023  -58.908  -14.748 0.0000000000
10980  38.303  -61.633  -16.216 0.0000000000
10998  37.496  -62.068  -16.443 0.0000000000
10999  36.542  -62.031  -16.238 0.0000000000
119477  38.385  -56.322  -4.427 0.0000000000
125288  39.076  -56.378  -4.345 0.0000000000
14310  38.810  -56.721  -4.869 0.0000000000
13585  38.872  -57.493  -6.292 0.0000000000
15895  35.616  -55.047  -9.154 0.0000000000
15897  34.081  -54.493  -9.935 0.0000000000
16726  32.968  -52.712  -12.389 0.0000000000
119752  32.544  -52.106  -12.203 0.0000000000
18322  32.428  -51.180  -12.399 0.0000000000
19149  32.347  -50.359  -11.868 0.0000000000
12173  42.989  -59.314  -8.385 0.0000000000
129719  43.670  -58.467  -8.480 0.0000000000
12187  43.140  -59.579  -9.020 0.0000000000
12217  43.312  -59.349  -10.570 0.0000000000
119826  43.035  -59.351  -11.381 0.0000000000
11563  42.437  -59.820  -11.692 0.0000000000
12226  43.168  -58.992  -12.504 0.0000000000
12235  42.924  -59.046  -13.916 0.0000000000
11578  42.350  -59.884  -14.562 0.0000000000
15163  38.844  -55.507  -12.107 0.0000000000
15165  36.673  -55.531  -11.591 0.0000000000
15933  35.545  -54.192  -12.406 0.0000000000
16724  35.207  -53.407  -12.878 0.0000000000
16723  37.013  -52.940  -13.348 0.0000000000
125206  36.114  -53.340  -12.958 0.0000000000
16725  34.209  -53.380  -12.726 0.0000000000
16739  33.860  -52.482  -13.300 0.0000000000
18327  32.840  -51.075  -13.377 0.0000000000
122233  35.763  -56.852  -14.352 0.0000000000
16654  38.325  -53.398  -5.783 0.0000000000
16655  37.333  -53.367  -6.239 0.0000000000
16664  38.814  -54.066  -6.325 0.0000000000
14375  38.592  -56.915  -10.223 0.0000000000
14388  38.625  -56.639  -11.233 0.0000000000
14373  42.517  -57.169  -9.698 0.0000000000
14383  44.292  -57.068  -11.426 0.0000000000
112339  43.223  -56.937  -10.753 0.0000000000
130156  41.047  -57.274  -10.969 0.0000000000
116469  40.324  -56.975  -11.468 0.0000000000
14387  39.581  -56.278  -11.860 0.0000000000
15162  39.732  -55.304  -12.622 0.0000000000
15178  39.313  -54.390  -12.941 0.0000000000
15929  39.430  -54.368  -13.488 0.0000000000
15192  40.102  -55.613  -13.703 0.0000000000
15194  39.300  -54.537  -14.193 0.0000000000
14429  38.802  -55.515  -14.412 0.0000000000
122384  38.063  -56.623  -14.358 0.0000000000
122383  37.184  -56.716  -14.349 0.0000000000
10978  40.852  -61.723  -15.779 0.0000000000
9587  38.717  -63.643  -17.941 0.0000000000
10996  40.603  -61.466  -16.578 0.0000000000
11601  41.482  -60.480  -16.287 0.0000000000
12259  40.571  -60.387  -16.003 0.0000000000
12243  40.166  -59.629  -15.288 0.0000000000
124853  38.990  -59.180  -14.630 0.0000000000
12244  38.296  -59.683  -14.661 0.0000000000
127889  37.966  -59.098  -14.438 0.0000000000
13682  36.467  -57.204  -14.308 0.0000000000
13683  35.650  -57.732  -14.308 0.0000000000
19972  34.713  -49.374  -4.792 0.0000000000
19963  35.592  -49.458  -4.043 0.0000000000
19091  35.225  -50.413  -4.751 0.0000000000
18251  36.220  -51.088  -4.613 0.0000000000
18257  37.054  -51.740  -4.683 0.0000000000
18256  37.812  -52.200  -4.562 0.0000000000
15810  36.685  -53.853  -2.529 0.0000000000
114580  38.250  -52.291  -3.801 0.0000000000
17444  38.601  -52.722  -4.105 0.0000000000
16646  38.807  -53.225  -5.120 0.0000000000
16652  39.636  -53.858  -5.125 0.0000000000
15854  40.073  -54.254  -5.041 0.0000000000
15094  40.988  -55.213  -5.599 0.0000000000
14297  39.924  -56.349  -4.462 0.0000000000
14296  40.730  -56.526  -4.868 0.0000000000
14308  41.794  -56.350  -5.705 0.0000000000
13576  41.764  -57.147  -5.709 0.0000000000
12857  42.169  -58.068  -6.473 0.0000000000
12865  42.474  -58.471  -7.066 0.0000000000
12168  40.148  -58.885  -7.827 0.0000000000
12167  41.126  -58.919  -7.408 0.0000000000
12174  42.302  -59.493  -8.249 0.0000000000
15166  35.734  -55.543  -11.327 0.0000000000
15147  34.431  -55.023  -10.417 0.0000000000
17511  32.601  -52.619  -11.598 0.0000000000
16698  32.638  -52.541  -10.903 0.0000000000
11522  40.775  -59.987  -9.038 0.0000000000
11532  41.810  -60.504  -9.492 0.0000000000
11548  38.555  -60.447  -10.194 0.0000000000
11564  41.889  -60.570  -10.784 0.0000000000
11570  42.288  -59.638  -12.993 0.0000000000
11571  41.685  -60.465  -11.991 0.0000000000
11589  38.041  -60.293  -14.858 0.0000000000
11599  42.337  -59.743  -15.872 0.0000000000
11620  40.411  -61.460  -16.709 0.0000000000
12164  43.321  -58.708  -8.057 0.0000000000
12165  42.759  -58.911  -7.718 0.0000000000
12166  42.046  -59.010  -7.499 0.0000000000
12172  43.559  -58.977  -8.645 0.0000000000
12186  43.760  -59.039  -9.294 0.0000000000
12199  44.398  -58.229  -10.519 0.0000000000
12200  43.923  -58.906  -10.050 0.0000000000
12201  43.236  -59.593  -9.700 0.0000000000
12216  43.664  -58.735  -11.522 0.0000000000
12242  42.782  -59.247  -14.957 0.0000000000
12246  36.536  -59.375  -14.448 0.0000000000
12257  42.607  -59.318  -15.371 0.0000000000
12851  41.844  -57.687  -6.068 0.0000000000
12852  41.407  -57.589  -5.728 0.0000000000
12853  40.178  -57.297  -5.226 0.0000000000
12856  42.746  -57.981  -6.882 0.0000000000
12863  43.497  -58.110  -8.024 0.0000000000
12867  40.344  -58.520  -7.008 0.0000000000
12868  38.756  -57.955  -7.204 0.0000000000
12891  44.267  -58.019  -9.438 0.0000000000
12892  43.952  -58.491  -9.014 0.0000000000
12918  44.609  -58.027  -10.941 0.0000000000
12919  44.396  -58.110  -11.534 0.0000000000
12931  44.457  -57.616  -11.653 0.0000000000
12948  43.055  -58.407  -14.356 0.0000000000
12949  42.775  -58.676  -14.948 0.0000000000
12953  38.146  -58.363  -14.365 0.0000000000
13575  42.165  -56.808  -6.105 0.0000000000
13578  39.309  -57.196  -5.396 0.0000000000
13579  38.455  -56.923  -5.600 0.0000000000
13583  42.311  -57.465  -6.398 0.0000000000
13627  44.305  -57.653  -9.847 0.0000000000
13639  44.438  -57.556  -10.518 0.0000000000
13666  43.759  -57.679  -13.229 0.0000000000
13675  43.403  -57.959  -13.904 0.0000000000
13676  43.058  -57.953  -14.328 0.0000000000
13678  41.285  -57.497  -14.467 0.0000000000
14285  38.440  -55.877  -3.886 0.0000000000
14295  41.178  -55.854  -5.220 0.0000000000
14309  41.356  -56.638  -5.278 0.0000000000
14360  43.140  -57.187  -8.815 0.0000000000
14371  44.209  -57.384  -10.085 0.0000000000
14372  43.654  -57.154  -9.851 0.0000000000
14382  44.429  -57.316  -10.910 0.0000000000
14384  43.742  -56.835  -11.595 0.0000000000
14389  37.148  -56.246  -11.140 0.0000000000
14401  44.440  -57.315  -11.581 0.0000000000
14402  44.210  -57.411  -12.379 0.0000000000
15079  39.258  -55.915  -4.119 0.0000000000
15102  41.525  -55.626  -5.987 0.0000000000
15113  41.663  -55.955  -6.560 0.0000000000
15114  41.119  -55.481  -6.442 0.0000000000
15146  35.177  -55.424  -10.094 0.0000000000
15155  34.962  -55.460  -10.967 0.0000000000
15164  37.725  -55.469  -11.853 0.0000000000
15189  39.692  -54.837  -13.541 0.0000000000
15193  39.567  -54.828  -13.914 0.0000000000
15808  38.005  -53.810  -3.052 0.0000000000
15809  37.403  -54.222  -2.783 0.0000000000
15841  39.661  -54.537  -4.367 0.0000000000
15853  40.518  -54.718  -5.607 0.0000000000
15863  39.938  -54.248  -5.614 0.0000000000
15864  39.599  -54.244  -6.124 0.0000000000
15896  34.736  -54.770  -9.563 0.0000000000
15903  33.755  -54.482  -10.672 0.0000000000
15915  35.117  -54.974  -11.722 0.0000000000
15916  33.637  -54.231  -11.502 0.0000000000
15930  39.145  -53.843  -13.644 0.0000000000
15935  33.688  -53.820  -12.137 0.0000000000
15943  39.317  -54.128  -13.860 0.0000000000
16617  39.226  -53.908  -4.129 0.0000000000
16618  38.642  -53.809  -3.548 0.0000000000
16630  38.933  -53.338  -4.241 0.0000000000
16645  39.207  -53.443  -4.853 0.0000000000
16710  32.779  -53.180  -11.096 0.0000000000
16721  38.661  -53.273  -13.823 0.0000000000
16722  37.904  -52.919  -13.671 0.0000000000
16735  38.027  -52.806  -14.256 0.0000000000
17428  38.027  -52.548  -3.324 0.0000000000
17456  38.712  -52.967  -4.565 0.0000000000
17457  38.227  -52.721  -5.023 0.0000000000
17534  35.610  -52.031  -14.288 0.0000000000
17535  32.925  -51.898  -12.945 0.0000000000
18208  37.161  -51.367  -2.885 0.0000000000
18308  32.408  -51.847  -11.621 0.0000000000
19141  32.586  -50.679  -11.069 0.0000000000
19161  32.407  -50.305  -12.602 0.0000000000
20036  32.460  -49.613  -11.718 0.0000000000
110622  40.362  -57.318  -10.383 0.0000000000
111942  40.484  -55.881  -4.669 0.0000000000
113532  44.162  -56.993  -12.140 0.0000000000
114310  41.086  -58.467  -6.668 0.0000000000
115367  36.053  -55.797  -9.890 0.0000000000
117885  42.501  -60.138  -9.502 0.0000000000
119899  38.292  -52.425  -4.281 0.0000000000
122204  39.062  -56.403  -14.316 0.0000000000
122301  42.021  -57.201  -10.888 0.0000000000
122385  36.510  -57.976  -14.286 0.0000000000
122734  37.479  -53.429  -12.999 0.0000000000
123261  41.062  -56.270  -13.591 0.0000000000
124923  36.646  -54.700  -2.818 0.0000000000
125302  38.480  -64.320  -17.941 0.0000000000
129494  43.131  -57.915  -7.364 0.0000000000
130437  32.483  -52.187  -11.237 0.0000000000
133146  41.163  -59.954  -15.936 0.0000000000
133547  42.411  -58.589  -15.077 0.0000000000
