#!ascii label  , from subject sub-p015 vox2ras=TkReg
286
68537  31.624  2.635  -33.286 0.0000000000
62263  26.444  -5.548  -30.752 0.0000000000
72904  32.129  7.936  -33.043 0.0000000000
81171  30.663  18.031  -34.226 0.0000000000
61366  23.901  -5.585  -29.726 0.0000000000
109962  31.292  9.341  -37.692 0.0000000000
109919  31.557  12.080  -37.394 0.0000000000
67633  28.005  1.705  -31.306 0.0000000000
65819  28.269  -0.578  -31.277 0.0000000000
65837  31.516  -0.297  -32.690 0.0000000000
70425  33.268  3.779  -38.426 0.0000000000
133183  34.773  0.612  -35.165 0.0000000000
71297  32.044  5.411  -33.148 0.0000000000
72135  30.341  6.739  -38.391 0.0000000000
109997  30.617  15.290  -34.372 0.0000000000
109978  31.327  13.969  -38.218 0.0000000000
63133  28.937  -4.982  -31.749 0.0000000000
109974  31.958  11.624  -36.050 0.0000000000
109981  31.705  12.445  -35.436 0.0000000000
68522  30.358  2.423  -31.646 0.0000000000
66734  30.401  0.903  -31.762 0.0000000000
66749  31.914  1.074  -33.375 0.0000000000
111777  25.506  -5.443  -30.383 0.0000000000
72114  32.172  6.254  -33.149 0.0000000000
71310  32.319  5.537  -35.705 0.0000000000
72127  32.002  6.983  -35.825 0.0000000000
110188  30.287  8.550  -39.913 0.0000000000
110092  30.410  7.775  -39.458 0.0000000000
81987  28.854  17.973  -33.877 0.0000000000
110113  29.378  15.714  -33.596 0.0000000000
129168  30.339  16.440  -34.121 0.0000000000
82056  30.288  17.800  -39.280 0.0000000000
80464  29.755  16.081  -39.808 0.0000000000
79642  31.376  15.453  -38.130 0.0000000000
79649  29.934  15.245  -39.897 0.0000000000
78026  30.145  13.591  -40.142 0.0000000000
64002  30.243  -2.693  -32.258 0.0000000000
113092  28.765  -2.719  -31.593 0.0000000000
60456  23.567  -6.246  -29.471 0.0000000000
73697  32.188  8.760  -34.945 0.0000000000
75436  32.063  10.221  -34.889 0.0000000000
109968  31.236  10.202  -37.997 0.0000000000
109964  30.696  10.978  -39.387 0.0000000000
66719  26.284  0.249  -31.479 0.0000000000
111899  28.007  0.285  -31.160 0.0000000000
122240  30.404  -0.839  -32.051 0.0000000000
64934  31.828  -3.011  -33.202 0.0000000000
68583  33.062  2.891  -35.555 0.0000000000
67667  33.033  1.615  -34.815 0.0000000000
68582  34.050  2.410  -36.333 0.0000000000
69437  30.926  3.692  -31.994 0.0000000000
70389  29.867  4.692  -31.446 0.0000000000
113761  31.724  3.900  -33.388 0.0000000000
70420  32.609  4.630  -36.114 0.0000000000
110318  32.414  5.026  -38.280 0.0000000000
125332  30.658  5.726  -41.491 0.0000000000
127461  31.044  7.895  -37.614 0.0000000000
125321  30.808  6.992  -39.637 0.0000000000
109991  30.961  14.078  -34.522 0.0000000000
81181  31.349  17.420  -35.625 0.0000000000
114441  31.469  16.198  -36.463 0.0000000000
122051  31.483  14.594  -35.843 0.0000000000
110093  31.576  13.797  -36.481 0.0000000000
110598  31.479  13.383  -37.632 0.0000000000
110217  30.434  11.859  -39.755 0.0000000000
63136  25.135  -3.015  -30.870 0.0000000000
110760  26.649  -1.783  -31.270 0.0000000000
66747  33.537  -0.407  -34.296 0.0000000000
64946  33.136  -2.651  -33.796 0.0000000000
110224  31.467  13.083  -35.076 0.0000000000
128709  31.098  2.737  -32.203 0.0000000000
67644  30.772  1.752  -32.017 0.0000000000
67654  31.923  1.923  -33.737 0.0000000000
59536  23.105  -7.685  -28.796 0.0000000000
128038  32.295  7.060  -33.424 0.0000000000
72124  32.263  7.025  -34.491 0.0000000000
133037  32.289  7.726  -33.845 0.0000000000
109959  30.462  9.793  -40.086 0.0000000000
81986  29.933  18.003  -33.745 0.0000000000
81165  29.440  17.193  -33.719 0.0000000000
80397  29.859  16.450  -33.722 0.0000000000
81164  30.317  17.184  -33.982 0.0000000000
78837  29.612  14.388  -40.313 0.0000000000
111351  31.276  -3.569  -32.902 0.0000000000
64020  30.621  -4.204  -32.583 0.0000000000
63121  23.895  -3.616  -30.524 0.0000000000
74513  32.102  9.505  -34.301 0.0000000000
110160  31.637  11.381  -37.183 0.0000000000
109967  31.796  10.590  -36.803 0.0000000000
109963  31.204  11.320  -38.287 0.0000000000
81998  29.357  18.756  -34.070 0.0000000000
124593  27.122  0.978  -31.357 0.0000000000
118795  28.515  0.998  -31.159 0.0000000000
65838  30.797  -0.069  -32.187 0.0000000000
66718  29.967  0.109  -31.618 0.0000000000
119797  31.394  -1.334  -32.669 0.0000000000
59546  24.320  -7.239  -29.583 0.0000000000
69476  33.702  3.134  -36.600 0.0000000000
68588  34.765  2.897  -37.087 0.0000000000
69418  28.636  3.299  -31.401 0.0000000000
71279  30.828  5.572  -31.808 0.0000000000
71278  31.453  5.113  -32.486 0.0000000000
70387  31.299  4.283  -32.545 0.0000000000
70403  31.886  4.572  -33.321 0.0000000000
70414  32.488  4.288  -35.062 0.0000000000
130108  32.397  4.987  -35.109 0.0000000000
72131  31.270  6.322  -37.751 0.0000000000
71314  32.244  5.519  -37.078 0.0000000000
71319  30.412  6.061  -38.798 0.0000000000
71323  31.029  4.674  -40.296 0.0000000000
110072  29.871  5.905  -40.226 0.0000000000
74528  31.366  8.680  -37.238 0.0000000000
73702  31.929  8.365  -36.228 0.0000000000
73707  30.477  7.719  -38.447 0.0000000000
125378  31.925  6.851  -40.956 0.0000000000
109996  29.978  15.108  -33.616 0.0000000000
109990  30.521  14.564  -34.072 0.0000000000
81228  30.605  17.071  -38.985 0.0000000000
82045  30.894  18.127  -38.598 0.0000000000
80435  31.557  16.937  -36.949 0.0000000000
80448  31.493  16.208  -37.493 0.0000000000
78829  31.135  14.647  -38.701 0.0000000000
79637  31.538  15.426  -37.114 0.0000000000
110133  31.546  14.668  -36.742 0.0000000000
125415  31.521  14.120  -37.314 0.0000000000
78033  29.589  12.814  -40.555 0.0000000000
110453  30.234  12.652  -40.045 0.0000000000
133282  29.730  11.772  -40.585 0.0000000000
65820  27.454  -0.370  -31.252 0.0000000000
64918  27.008  -1.063  -31.315 0.0000000000
110859  27.712  -1.048  -31.291 0.0000000000
110651  28.495  -3.692  -31.507 0.0000000000
110869  27.897  -2.529  -31.328 0.0000000000
63134  27.980  -4.498  -31.338 0.0000000000
63135  26.928  -4.053  -30.963 0.0000000000
67666  34.024  1.152  -35.265 0.0000000000
66761  33.334  0.766  -34.513 0.0000000000
66760  34.228  0.160  -34.748 0.0000000000
109976  31.686  11.132  -34.346 0.0000000000
109977  31.755  11.809  -34.924 0.0000000000
114399  31.730  12.275  -36.482 0.0000000000
67632  28.947  1.776  -31.280 0.0000000000
67631  29.921  1.755  -31.491 0.0000000000
66733  31.272  0.768  -32.498 0.0000000000
66732  32.060  0.022  -33.146 0.0000000000
126825  24.617  -5.479  -30.025 0.0000000000
59558  24.992  -6.999  -29.954 0.0000000000
60473  25.367  -6.419  -30.253 0.0000000000
60472  26.036  -6.938  -30.481 0.0000000000
70430  33.510  3.598  -39.783 0.0000000000
69484  34.234  3.265  -37.843 0.0000000000
72099  31.469  6.103  -32.333 0.0000000000
71296  32.251  5.678  -33.781 0.0000000000
71305  32.333  5.593  -34.620 0.0000000000
72123  32.244  6.265  -35.142 0.0000000000
72126  31.983  6.278  -36.423 0.0000000000
72132  31.297  6.903  -37.248 0.0000000000
110119  30.579  8.722  -38.994 0.0000000000
125395  30.279  8.067  -39.958 0.0000000000
112208  30.192  15.822  -33.931 0.0000000000
110319  30.624  16.001  -34.553 0.0000000000
81229  29.802  16.977  -39.670 0.0000000000
80455  31.155  16.371  -38.454 0.0000000000
79643  30.790  15.384  -39.052 0.0000000000
123988  30.853  13.845  -39.209 0.0000000000
78830  30.445  14.527  -39.614 0.0000000000
78027  29.133  13.560  -40.790 0.0000000000
64916  29.306  -2.058  -31.758 0.0000000000
113320  28.346  -1.622  -31.419 0.0000000000
64003  29.582  -3.231  -32.006 0.0000000000
132905  29.095  -3.502  -31.739 0.0000000000
132666  23.086  -6.464  -29.195 0.0000000000
61367  23.077  -5.188  -29.634 0.0000000000
61384  23.815  -4.805  -29.888 0.0000000000
62265  24.574  -4.466  -30.246 0.0000000000
62264  25.683  -4.546  -30.520 0.0000000000
73677  31.666  8.906  -32.871 0.0000000000
73689  32.174  8.637  -33.816 0.0000000000
74521  32.077  9.267  -35.630 0.0000000000
109966  31.952  9.866  -36.307 0.0000000000
109973  32.025  10.916  -35.525 0.0000000000
109958  30.749  9.846  -39.111 0.0000000000
111898  27.108  0.403  -31.296 0.0000000000
118304  29.465  0.961  -31.358 0.0000000000
114033  29.001  0.065  -31.284 0.0000000000
65818  29.077  -0.992  -31.493 0.0000000000
65817  29.913  -1.473  -31.901 0.0000000000
64935  30.840  -2.080  -32.458 0.0000000000
69457  32.414  3.112  -34.592 0.0000000000
68552  32.419  1.988  -34.351 0.0000000000
68571  32.720  2.368  -34.837 0.0000000000
68570  33.493  1.997  -35.527 0.0000000000
67683  34.474  1.687  -36.031 0.0000000000
128076  35.006  2.978  -37.913 0.0000000000
68581  35.104  2.282  -36.633 0.0000000000
67682  35.415  1.505  -35.999 0.0000000000
68523  29.442  2.636  -31.372 0.0000000000
69416  30.308  3.177  -31.571 0.0000000000
69436  31.461  3.439  -32.864 0.0000000000
70388  30.655  4.344  -31.774 0.0000000000
69458  31.911  3.273  -33.759 0.0000000000
69470  32.575  3.587  -35.051 0.0000000000
69477  32.853  3.701  -35.889 0.0000000000
69485  33.270  3.833  -36.966 0.0000000000
70426  32.745  4.529  -37.305 0.0000000000
70431  32.302  4.299  -39.443 0.0000000000
70441  31.495  4.969  -41.592 0.0000000000
72914  32.167  7.868  -35.069 0.0000000000
72920  31.597  7.558  -36.719 0.0000000000
72925  30.699  7.241  -37.958 0.0000000000
120163  30.273  7.490  -38.543 0.0000000000
72929  29.958  6.971  -38.794 0.0000000000
125420  30.270  6.767  -41.057 0.0000000000
109985  31.044  13.434  -34.467 0.0000000000
118229  31.181  17.969  -34.901 0.0000000000
123944  31.443  18.145  -35.658 0.0000000000
130006  30.852  17.404  -34.474 0.0000000000
81170  31.124  17.076  -35.016 0.0000000000
80405  31.022  16.307  -35.088 0.0000000000
109992  31.023  15.559  -35.047 0.0000000000
79632  31.480  15.325  -36.213 0.0000000000
109987  31.325  15.212  -35.540 0.0000000000
110436  31.135  14.730  -34.951 0.0000000000
109986  31.413  13.830  -35.292 0.0000000000
110141  31.611  13.068  -35.905 0.0000000000
109982  31.571  12.863  -36.959 0.0000000000
111443  31.418  12.480  -38.033 0.0000000000
125360  31.150  13.088  -38.760 0.0000000000
133521  30.734  12.599  -39.436 0.0000000000
109969  31.014  12.085  -38.964 0.0000000000
110200  30.323  10.989  -40.148 0.0000000000
63120  24.892  -3.657  -30.581 0.0000000000
62280  25.925  -3.774  -30.687 0.0000000000
64919  25.782  -1.918  -31.340 0.0000000000
64917  27.458  -1.720  -31.288 0.0000000000
132854  27.117  -2.337  -31.199 0.0000000000
64005  26.350  -2.487  -31.124 0.0000000000
110537  26.147  -3.124  -30.894 0.0000000000
67653  32.527  1.344  -34.107 0.0000000000
66748  32.682  0.381  -33.852 0.0000000000
65850  32.881  -0.912  -33.711 0.0000000000
65862  34.474  -1.219  -34.626 0.0000000000
65836  32.187  -1.185  -33.168 0.0000000000
130761  32.257  -2.370  -33.319 0.0000000000
59556  26.231  -7.365  -30.243 0.0000000000
65821  26.582  -0.382  -31.363 0.0000000000
66770  35.413  0.622  -35.275 0.0000000000
67643  31.364  1.818  -32.882 0.0000000000
67665  34.848  1.132  -35.644 0.0000000000
69417  29.508  3.472  -31.399 0.0000000000
69438  30.089  3.957  -31.478 0.0000000000
69491  34.646  3.260  -38.572 0.0000000000
70415  32.189  3.945  -34.195 0.0000000000
70437  32.438  4.024  -40.641 0.0000000000
70442  30.692  5.436  -41.260 0.0000000000
70443  30.548  5.625  -41.288 0.0000000000
71306  32.249  4.915  -34.162 0.0000000000
71318  30.963  5.102  -39.107 0.0000000000
71324  30.042  5.570  -39.903 0.0000000000
71329  30.517  5.197  -40.840 0.0000000000
71330  30.245  5.627  -41.035 0.0000000000
72113  32.318  6.297  -34.036 0.0000000000
72115  31.840  7.073  -32.669 0.0000000000
72139  29.894  6.369  -39.192 0.0000000000
72930  30.070  7.254  -38.993 0.0000000000
74534  30.512  7.864  -39.094 0.0000000000
78021  30.657  13.178  -39.565 0.0000000000
78822  31.482  14.720  -37.687 0.0000000000
78838  28.779  14.501  -40.748 0.0000000000
80406  30.744  16.737  -34.508 0.0000000000
80456  30.418  16.109  -39.285 0.0000000000
109946  31.650  5.723  -42.195 0.0000000000
110053  29.796  6.575  -39.512 0.0000000000
110062  30.698  6.368  -39.924 0.0000000000
110167  30.909  5.425  -41.574 0.0000000000
110191  32.608  5.258  -42.056 0.0000000000
111201  31.287  15.873  -35.664 0.0000000000
113159  30.730  4.913  -31.788 0.0000000000
113894  32.157  2.565  -34.103 0.0000000000
117418  26.574  0.908  -31.503 0.0000000000
117445  27.649  1.008  -31.213 0.0000000000
125333  31.548  6.430  -41.998 0.0000000000
127264  34.133  3.302  -39.065 0.0000000000
130476  30.164  16.590  -39.438 0.0000000000
132820  29.664  -0.575  -31.624 0.0000000000
132876  31.534  5.737  -38.200 0.0000000000
