#!ascii label  , from subject sub-s016 vox2ras=TkReg
400
78768  -25.235  8.478  -39.780 0.0000000000
73043  -21.586  3.949  -36.280 0.0000000000
73979  -26.964  4.717  -37.537 0.0000000000
69266  -24.185  -0.385  -35.774 0.0000000000
90790  -24.045  22.253  -40.401 0.0000000000
87065  -25.986  18.980  -41.484 0.0000000000
129282  -21.348  13.222  -39.378 0.0000000000
65213  -22.443  -3.971  -33.251 0.0000000000
71229  -23.055  1.875  -36.340 0.0000000000
69225  -20.767  -0.126  -34.482 0.0000000000
127984  -25.300  20.597  -41.188 0.0000000000
87061  -23.676  18.459  -41.623 0.0000000000
77772  -22.241  8.066  -38.165 0.0000000000
79759  -20.240  10.625  -38.102 0.0000000000
80762  -23.109  10.984  -39.540 0.0000000000
83535  -25.459  14.165  -41.597 0.0000000000
80771  -26.565  12.191  -40.776 0.0000000000
78760  -27.007  9.383  -39.650 0.0000000000
74935  -20.221  5.783  -36.388 0.0000000000
142140  -23.530  6.379  -38.251 0.0000000000
74981  -26.406  6.267  -38.957 0.0000000000
73977  -24.866  4.303  -37.911 0.0000000000
143722  -26.405  2.102  -36.607 0.0000000000
69246  -26.904  -0.027  -34.127 0.0000000000
83491  -19.224  14.627  -38.331 0.0000000000
130049  -24.399  16.295  -41.628 0.0000000000
86155  -26.898  17.035  -40.899 0.0000000000
68242  -19.974  -1.579  -33.085 0.0000000000
67367  -23.225  -2.437  -34.482 0.0000000000
70240  -20.337  0.564  -34.466 0.0000000000
69224  -20.009  -0.085  -33.844 0.0000000000
144395  -22.477  18.989  -41.013 0.0000000000
86151  -20.918  17.187  -40.020 0.0000000000
77774  -23.702  8.249  -38.985 0.0000000000
78757  -22.861  9.763  -39.046 0.0000000000
79772  -24.438  9.247  -39.724 0.0000000000
80770  -25.086  10.740  -40.602 0.0000000000
125315  -25.687  9.413  -40.337 0.0000000000
139179  -26.982  11.088  -40.111 0.0000000000
78771  -26.345  8.813  -40.009 0.0000000000
73960  -21.225  4.834  -36.525 0.0000000000
74948  -21.534  6.037  -37.306 0.0000000000
73975  -22.830  5.199  -37.517 0.0000000000
73995  -24.585  5.251  -38.260 0.0000000000
73059  -23.141  4.106  -37.327 0.0000000000
70262  -23.954  0.447  -36.053 0.0000000000
71231  -24.717  1.716  -36.765 0.0000000000
70281  -25.426  0.949  -36.444 0.0000000000
70266  -26.890  0.899  -35.459 0.0000000000
69268  -25.563  -0.264  -35.611 0.0000000000
89934  -22.377  21.560  -39.736 0.0000000000
90783  -22.437  22.331  -39.150 0.0000000000
136739  -23.660  22.892  -40.074 0.0000000000
136173  -24.187  23.765  -40.670 0.0000000000
91575  -25.187  22.859  -40.871 0.0000000000
88967  -25.625  20.226  -41.290 0.0000000000
81740  -20.685  11.974  -38.676 0.0000000000
147636  -19.255  12.625  -38.097 0.0000000000
83492  -19.852  14.057  -38.689 0.0000000000
84393  -21.781  15.388  -40.290 0.0000000000
83522  -22.043  14.550  -40.102 0.0000000000
83537  -26.658  14.453  -41.044 0.0000000000
131516  -26.318  15.865  -41.360 0.0000000000
85245  -27.340  16.122  -40.460 0.0000000000
74968  -26.878  5.873  -38.485 0.0000000000
75963  -27.397  6.494  -38.413 0.0000000000
66239  -21.094  -3.756  -33.025 0.0000000000
66255  -20.873  -2.834  -33.303 0.0000000000
67365  -21.915  -2.052  -34.417 0.0000000000
66257  -22.335  -3.359  -33.709 0.0000000000
72130  -20.302  2.845  -35.322 0.0000000000
72141  -22.785  2.668  -36.531 0.0000000000
126981  -21.550  1.786  -35.567 0.0000000000
70260  -21.987  0.615  -35.408 0.0000000000
69265  -23.181  -0.445  -35.514 0.0000000000
128438  -23.031  20.800  -40.532 0.0000000000
89935  -24.475  21.474  -40.776 0.0000000000
88964  -23.787  20.288  -41.332 0.0000000000
87979  -24.064  19.414  -41.651 0.0000000000
87063  -24.783  18.614  -41.677 0.0000000000
77763  -20.520  8.287  -37.435 0.0000000000
78735  -20.781  9.001  -37.709 0.0000000000
79760  -21.142  10.561  -38.499 0.0000000000
81745  -22.442  12.222  -39.579 0.0000000000
82614  -23.624  13.475  -40.674 0.0000000000
128915  -23.832  12.710  -40.563 0.0000000000
81759  -25.622  12.533  -41.274 0.0000000000
82617  -27.308  13.580  -40.254 0.0000000000
81747  -27.606  12.995  -39.713 0.0000000000
65179  -23.870  -4.905  -31.944 0.0000000000
66241  -24.318  -3.849  -32.754 0.0000000000
75948  -21.182  6.986  -37.478 0.0000000000
141307  -22.614  7.388  -38.097 0.0000000000
76863  -24.761  7.396  -39.212 0.0000000000
76875  -25.825  7.366  -39.539 0.0000000000
75960  -24.951  6.715  -38.953 0.0000000000
73996  -25.561  4.986  -38.248 0.0000000000
73082  -26.459  4.318  -37.575 0.0000000000
72157  -24.347  2.853  -37.231 0.0000000000
72159  -26.030  3.023  -37.038 0.0000000000
72161  -26.910  3.512  -36.994 0.0000000000
72133  -27.459  2.450  -35.984 0.0000000000
71203  -27.930  1.941  -34.511 0.0000000000
90796  -25.581  22.243  -40.705 0.0000000000
137866  -21.450  16.189  -40.327 0.0000000000
85259  -23.901  17.092  -41.631 0.0000000000
145018  -25.134  17.461  -41.666 0.0000000000
83534  -24.810  14.762  -41.613 0.0000000000
85262  -26.083  16.620  -41.529 0.0000000000
86154  -26.577  18.212  -41.184 0.0000000000
76864  -27.138  7.337  -39.140 0.0000000000
126428  -27.719  8.721  -38.263 0.0000000000
68256  -19.663  -0.741  -33.162 0.0000000000
68257  -20.415  -1.133  -33.647 0.0000000000
68277  -21.684  -1.300  -34.639 0.0000000000
68280  -24.055  -1.490  -35.082 0.0000000000
66260  -24.796  -3.164  -33.181 0.0000000000
67369  -24.785  -2.070  -34.272 0.0000000000
68281  -25.150  -1.376  -34.712 0.0000000000
137642  -20.203  17.095  -39.410 0.0000000000
77784  -24.489  8.307  -39.437 0.0000000000
78758  -23.844  8.953  -39.347 0.0000000000
78759  -24.770  8.601  -39.661 0.0000000000
132499  -25.213  9.622  -40.348 0.0000000000
78769  -25.434  8.823  -40.007 0.0000000000
139206  -26.077  9.334  -40.321 0.0000000000
76883  -25.597  8.179  -39.759 0.0000000000
73042  -20.651  4.322  -35.912 0.0000000000
73974  -21.802  5.370  -37.119 0.0000000000
73961  -22.197  4.520  -36.901 0.0000000000
73044  -22.515  3.564  -36.692 0.0000000000
70263  -24.807  0.290  -36.175 0.0000000000
70264  -25.472  0.282  -36.106 0.0000000000
69267  -24.909  -0.342  -35.823 0.0000000000
125530  -23.472  21.556  -40.477 0.0000000000
90789  -23.069  22.329  -39.960 0.0000000000
91574  -24.392  22.993  -40.515 0.0000000000
90791  -24.894  22.187  -40.683 0.0000000000
87981  -25.441  19.542  -41.546 0.0000000000
87974  -26.089  19.741  -41.233 0.0000000000
81743  -20.566  12.729  -38.786 0.0000000000
81739  -19.702  12.104  -38.307 0.0000000000
82599  -19.666  13.114  -38.444 0.0000000000
82605  -20.524  13.601  -39.025 0.0000000000
83506  -21.269  14.060  -39.569 0.0000000000
82606  -22.121  13.734  -39.825 0.0000000000
83525  -27.012  14.839  -40.685 0.0000000000
84395  -27.226  15.462  -40.552 0.0000000000
74951  -27.096  5.399  -37.907 0.0000000000
74969  -27.246  6.002  -38.193 0.0000000000
73980  -27.344  5.016  -37.336 0.0000000000
65195  -21.774  -4.360  -32.925 0.0000000000
65194  -21.065  -4.662  -32.570 0.0000000000
65212  -21.856  -3.743  -33.337 0.0000000000
66256  -21.639  -3.149  -33.562 0.0000000000
72114  -19.712  2.432  -34.790 0.0000000000
72131  -21.241  2.504  -35.638 0.0000000000
71214  -20.616  1.860  -35.185 0.0000000000
70241  -21.218  0.335  -34.988 0.0000000000
69264  -22.147  -0.116  -35.293 0.0000000000
69242  -21.476  -0.525  -34.822 0.0000000000
122255  -23.185  20.167  -40.935 0.0000000000
131480  -22.883  18.433  -41.339 0.0000000000
87055  -23.404  19.115  -41.489 0.0000000000
87062  -24.188  18.840  -41.692 0.0000000000
77764  -21.388  8.224  -37.779 0.0000000000
134341  -21.853  8.843  -38.268 0.0000000000
133845  -22.773  10.556  -39.262 0.0000000000
79761  -21.967  9.714  -38.578 0.0000000000
79770  -22.072  10.563  -38.837 0.0000000000
80760  -21.348  11.364  -38.776 0.0000000000
80761  -22.308  11.395  -39.285 0.0000000000
81751  -23.113  12.675  -40.042 0.0000000000
81752  -23.750  11.982  -40.256 0.0000000000
80779  -25.626  11.454  -40.885 0.0000000000
81760  -26.327  12.920  -41.190 0.0000000000
82628  -26.538  13.803  -41.122 0.0000000000
131614  -26.825  13.257  -40.762 0.0000000000
81754  -27.116  12.663  -40.313 0.0000000000
79773  -27.261  10.613  -39.679 0.0000000000
79774  -27.587  10.057  -39.081 0.0000000000
64183  -23.425  -5.449  -31.573 0.0000000000
64184  -24.177  -5.155  -31.210 0.0000000000
134611  -20.139  6.314  -36.581 0.0000000000
76842  -20.355  6.969  -37.082 0.0000000000
75937  -20.758  6.321  -37.067 0.0000000000
133846  -22.220  6.457  -37.622 0.0000000000
76852  -22.088  7.008  -37.685 0.0000000000
75950  -22.948  6.851  -38.067 0.0000000000
75958  -23.301  7.358  -38.460 0.0000000000
75959  -23.961  6.976  -38.665 0.0000000000
74964  -24.316  6.175  -38.500 0.0000000000
73997  -26.283  4.896  -38.067 0.0000000000
73081  -25.834  4.091  -37.697 0.0000000000
72142  -23.661  2.362  -36.868 0.0000000000
71232  -25.429  1.708  -36.724 0.0000000000
72158  -25.298  2.538  -37.085 0.0000000000
72143  -26.067  2.431  -36.825 0.0000000000
72160  -26.470  3.222  -36.980 0.0000000000
72144  -26.649  2.766  -36.755 0.0000000000
72145  -27.148  2.940  -36.614 0.0000000000
71234  -26.907  2.203  -36.426 0.0000000000
71202  -27.456  1.381  -34.950 0.0000000000
70243  -27.195  0.666  -34.546 0.0000000000
71193  -27.699  1.203  -34.060 0.0000000000
89940  -24.767  20.712  -41.209 0.0000000000
89941  -25.290  21.371  -40.817 0.0000000000
79748  -20.091  9.901  -37.564 0.0000000000
83490  -18.583  14.936  -37.678 0.0000000000
84367  -19.023  15.361  -38.168 0.0000000000
127162  -19.848  16.219  -39.041 0.0000000000
84380  -20.259  15.639  -39.296 0.0000000000
84402  -23.299  16.122  -41.622 0.0000000000
133710  -22.239  16.049  -40.943 0.0000000000
85260  -24.748  17.011  -41.652 0.0000000000
82625  -24.514  13.845  -41.391 0.0000000000
83524  -23.790  14.415  -41.199 0.0000000000
85263  -26.543  16.403  -41.241 0.0000000000
86162  -26.289  17.281  -41.458 0.0000000000
86145  -27.130  18.647  -40.603 0.0000000000
75974  -26.292  6.915  -39.350 0.0000000000
76876  -26.095  7.382  -39.568 0.0000000000
133861  -26.607  7.200  -39.397 0.0000000000
76865  -27.527  7.152  -38.549 0.0000000000
67331  -20.156  -2.378  -32.959 0.0000000000
67366  -22.654  -2.301  -34.525 0.0000000000
68278  -22.484  -1.649  -34.841 0.0000000000
68279  -23.304  -1.804  -34.902 0.0000000000
71200  -19.864  1.504  -34.501 0.0000000000
70239  -19.652  0.856  -34.033 0.0000000000
87972  -22.702  19.682  -40.832 0.0000000000
87054  -21.912  18.395  -40.677 0.0000000000
86152  -21.608  17.503  -40.555 0.0000000000
77773  -22.767  8.356  -38.525 0.0000000000
78746  -22.873  8.949  -38.753 0.0000000000
79771  -23.625  10.060  -39.568 0.0000000000
80768  -23.749  11.040  -39.955 0.0000000000
79782  -24.517  10.104  -40.132 0.0000000000
79790  -26.102  11.222  -40.781 0.0000000000
129300  -26.532  11.103  -40.452 0.0000000000
79784  -26.089  10.188  -40.510 0.0000000000
79785  -26.618  10.051  -40.164 0.0000000000
73959  -20.370  5.118  -36.176 0.0000000000
74936  -20.906  5.613  -36.776 0.0000000000
147178  -22.258  5.875  -37.502 0.0000000000
74949  -22.918  6.122  -37.799 0.0000000000
74950  -23.658  5.637  -38.051 0.0000000000
73976  -23.873  4.677  -37.801 0.0000000000
73060  -24.131  3.711  -37.527 0.0000000000
71217  -23.416  1.159  -36.146 0.0000000000
71230  -23.915  1.714  -36.661 0.0000000000
70279  -24.192  1.204  -36.439 0.0000000000
70280  -24.799  1.039  -36.477 0.0000000000
71233  -25.977  1.574  -36.601 0.0000000000
71218  -26.508  1.354  -36.231 0.0000000000
70282  -25.918  0.871  -36.332 0.0000000000
70265  -26.171  0.393  -35.796 0.0000000000
70242  -26.602  0.192  -34.974 0.0000000000
89927  -21.598  21.124  -39.248 0.0000000000
91583  -25.368  23.383  -41.398 0.0000000000
88966  -24.947  20.077  -41.579 0.0000000000
89942  -25.788  20.962  -40.868 0.0000000000
81730  -18.297  12.553  -37.298 0.0000000000
82588  -18.818  13.057  -37.809 0.0000000000
132500  -19.220  13.747  -38.206 0.0000000000
83504  -19.994  14.881  -38.960 0.0000000000
130239  -20.562  15.106  -39.453 0.0000000000
83521  -21.206  14.881  -39.715 0.0000000000
84394  -22.849  15.020  -40.964 0.0000000000
83536  -26.211  14.372  -41.432 0.0000000000
134520  -25.744  15.081  -41.616 0.0000000000
84406  -26.449  15.103  -41.282 0.0000000000
85254  -26.920  16.090  -40.822 0.0000000000
75975  -26.755  6.521  -39.009 0.0000000000
75962  -27.087  6.307  -38.654 0.0000000000
75951  -27.628  6.325  -37.735 0.0000000000
66238  -20.271  -3.192  -32.706 0.0000000000
67347  -20.677  -1.992  -33.494 0.0000000000
67348  -21.423  -2.405  -33.832 0.0000000000
67349  -22.145  -2.725  -34.080 0.0000000000
66272  -22.813  -2.907  -34.145 0.0000000000
73038  -20.956  3.404  -35.750 0.0000000000
72140  -21.894  3.039  -36.108 0.0000000000
72132  -22.161  2.188  -35.960 0.0000000000
71216  -22.359  1.316  -35.744 0.0000000000
71201  -20.645  1.046  -34.918 0.0000000000
71215  -21.381  1.135  -35.308 0.0000000000
70261  -22.850  0.479  -35.695 0.0000000000
88954  -21.631  20.498  -39.675 0.0000000000
89933  -22.081  20.890  -39.815 0.0000000000
88960  -24.008  20.841  -41.106 0.0000000000
88965  -24.377  20.305  -41.454 0.0000000000
87973  -23.625  19.776  -41.447 0.0000000000
133525  -24.269  19.865  -41.607 0.0000000000
87980  -24.726  19.323  -41.660 0.0000000000
87064  -25.339  18.789  -41.614 0.0000000000
78745  -20.995  9.779  -38.154 0.0000000000
80756  -20.417  11.323  -38.439 0.0000000000
82607  -22.220  12.936  -39.671 0.0000000000
82613  -22.788  13.394  -40.139 0.0000000000
82615  -24.393  13.043  -41.051 0.0000000000
81753  -24.393  12.265  -40.762 0.0000000000
81758  -24.915  12.583  -41.219 0.0000000000
82627  -25.971  13.532  -41.490 0.0000000000
82616  -26.951  14.071  -40.653 0.0000000000
83526  -27.463  14.304  -40.227 0.0000000000
82608  -27.806  13.834  -39.740 0.0000000000
80763  -27.384  11.854  -39.754 0.0000000000
73962  -27.229  4.194  -37.065 0.0000000000
65196  -22.573  -4.659  -32.704 0.0000000000
65214  -23.016  -4.094  -33.099 0.0000000000
76850  -20.844  7.602  -37.468 0.0000000000
76851  -21.868  7.572  -37.776 0.0000000000
75949  -21.522  6.573  -37.454 0.0000000000
145067  -22.447  7.700  -38.133 0.0000000000
76861  -23.022  7.818  -38.479 0.0000000000
76862  -23.935  7.644  -38.884 0.0000000000
76873  -24.611  7.893  -39.358 0.0000000000
138977  -25.564  7.812  -39.617 0.0000000000
76874  -25.299  7.657  -39.509 0.0000000000
75972  -25.522  7.135  -39.366 0.0000000000
75961  -25.806  6.448  -39.113 0.0000000000
74965  -25.256  5.883  -38.672 0.0000000000
74966  -26.061  5.646  -38.656 0.0000000000
74967  -26.586  5.488  -38.327 0.0000000000
73998  -26.630  4.889  -37.871 0.0000000000
73978  -26.738  4.523  -37.545 0.0000000000
73045  -23.412  3.169  -37.072 0.0000000000
131997  -24.398  2.189  -36.992 0.0000000000
73061  -25.103  3.413  -37.499 0.0000000000
73062  -26.266  3.630  -37.268 0.0000000000
73063  -26.656  3.897  -37.227 0.0000000000
73064  -26.881  4.144  -37.276 0.0000000000
73046  -27.297  3.549  -36.740 0.0000000000
73039  -27.672  3.210  -36.185 0.0000000000
130411  -27.193  1.667  -35.798 0.0000000000
72115  -27.652  2.030  -35.292 0.0000000000
122996  -25.860  21.709  -40.701 0.0000000000
121849  -19.456  16.643  -38.623 0.0000000000
85252  -21.306  16.832  -40.304 0.0000000000
85253  -21.899  16.865  -40.951 0.0000000000
85258  -22.814  17.008  -41.591 0.0000000000
86160  -23.387  17.823  -41.555 0.0000000000
86161  -24.396  17.954  -41.693 0.0000000000
131523  -25.237  18.073  -41.673 0.0000000000
83523  -22.895  14.097  -40.453 0.0000000000
84403  -24.063  15.391  -41.501 0.0000000000
146453  -26.120  15.503  -41.482 0.0000000000
84405  -25.731  15.975  -41.569 0.0000000000
133479  -25.093  16.343  -41.662 0.0000000000
142424  -25.732  17.401  -41.617 0.0000000000
125973  -25.872  18.120  -41.585 0.0000000000
87056  -26.609  19.166  -41.021 0.0000000000
77786  -26.119  7.932  -39.756 0.0000000000
77787  -26.825  8.132  -39.484 0.0000000000
77775  -27.448  7.992  -38.855 0.0000000000
78747  -27.460  8.945  -39.062 0.0000000000
142123  -19.259  -0.002  -33.185 0.0000000000
68276  -20.894  -0.818  -34.280 0.0000000000
68258  -21.168  -1.621  -34.068 0.0000000000
69243  -22.310  -0.927  -35.097 0.0000000000
68296  -23.013  -1.236  -35.170 0.0000000000
68297  -23.708  -1.084  -35.358 0.0000000000
66258  -23.081  -3.542  -33.628 0.0000000000
66259  -23.932  -3.380  -33.483 0.0000000000
67350  -23.522  -2.858  -34.024 0.0000000000
67351  -24.353  -2.687  -33.823 0.0000000000
67368  -23.935  -2.174  -34.550 0.0000000000
143965  -24.468  -1.668  -34.778 0.0000000000
142154  -24.590  -1.250  -35.133 0.0000000000
68298  -24.401  -0.908  -35.470 0.0000000000
69244  -25.657  -0.699  -34.977 0.0000000000
64199  -23.128  -5.128  -32.224 0.0000000000
66240  -23.553  -3.865  -33.149 0.0000000000
68299  -25.021  -0.831  -35.363 0.0000000000
69269  -26.083  -0.213  -35.265 0.0000000000
73999  -26.822  5.151  -37.964 0.0000000000
75973  -26.030  6.843  -39.377 0.0000000000
77785  -25.135  8.102  -39.625 0.0000000000
78770  -25.841  8.663  -40.070 0.0000000000
79783  -25.619  10.367  -40.578 0.0000000000
80769  -24.422  11.330  -40.468 0.0000000000
80772  -26.919  11.805  -40.311 0.0000000000
80778  -25.032  11.809  -40.963 0.0000000000
81744  -21.527  12.265  -39.192 0.0000000000
81746  -23.092  11.753  -39.725 0.0000000000
82626  -25.144  13.274  -41.467 0.0000000000
83505  -20.520  14.414  -39.276 0.0000000000
84392  -20.976  15.617  -39.794 0.0000000000
84404  -25.010  15.640  -41.686 0.0000000000
84407  -26.749  15.611  -40.996 0.0000000000
85251  -20.677  16.407  -39.726 0.0000000000
85261  -25.454  16.803  -41.623 0.0000000000
86153  -22.419  17.734  -41.201 0.0000000000
121806  -19.568  15.451  -38.711 0.0000000000
125231  -25.776  3.313  -37.286 0.0000000000
132414  -24.989  9.033  -39.958 0.0000000000
134581  -27.134  6.748  -38.953 0.0000000000
139455  -26.108  12.070  -41.097 0.0000000000
145496  -25.823  7.712  -39.648 0.0000000000
