#!ascii label  , from subject sub-s016 vox2ras=TkReg
333
71182  -29.144  2.040  -32.373 0.0000000000
73979  -26.964  4.717  -37.537 0.0000000000
87065  -25.986  18.980  -41.484 0.0000000000
84384  -27.684  15.424  -40.101 0.0000000000
147299  -28.988  10.901  -37.028 0.0000000000
76778  -30.919  7.332  -32.891 0.0000000000
127984  -25.300  20.597  -41.188 0.0000000000
131054  -28.121  13.284  -39.184 0.0000000000
78760  -27.007  9.383  -39.650 0.0000000000
72116  -28.069  2.796  -35.120 0.0000000000
74922  -28.859  5.907  -35.619 0.0000000000
129684  -29.694  4.239  -32.745 0.0000000000
127938  -25.556  -3.615  -31.674 0.0000000000
69246  -26.904  -0.027  -34.127 0.0000000000
129168  -23.769  25.985  -40.512 0.0000000000
92334  -25.032  23.920  -42.084 0.0000000000
123462  -25.780  22.997  -41.020 0.0000000000
141822  -26.655  22.539  -40.626 0.0000000000
144092  -27.273  20.614  -39.692 0.0000000000
86155  -26.898  17.035  -40.899 0.0000000000
87039  -28.007  18.684  -38.830 0.0000000000
85224  -28.731  16.120  -38.327 0.0000000000
83486  -29.520  14.356  -36.960 0.0000000000
130966  -30.365  12.460  -35.125 0.0000000000
127546  -27.862  7.493  -37.594 0.0000000000
78692  -29.954  9.104  -35.041 0.0000000000
139179  -26.982  11.088  -40.111 0.0000000000
78771  -26.345  8.813  -40.009 0.0000000000
72090  -28.738  2.280  -33.170 0.0000000000
73008  -28.864  3.878  -34.103 0.0000000000
72091  -29.226  2.849  -32.751 0.0000000000
63035  -26.229  -7.397  -27.659 0.0000000000
64147  -25.987  -5.583  -28.512 0.0000000000
64156  -26.383  -4.873  -28.882 0.0000000000
70266  -26.890  0.899  -35.459 0.0000000000
69268  -25.563  -0.264  -35.611 0.0000000000
91583  -25.368  23.383  -41.398 0.0000000000
88967  -25.625  20.226  -41.290 0.0000000000
89942  -25.788  20.962  -40.868 0.0000000000
89936  -26.328  20.584  -40.742 0.0000000000
89928  -26.981  21.233  -40.075 0.0000000000
87975  -26.733  19.867  -40.641 0.0000000000
85245  -27.340  16.122  -40.460 0.0000000000
86146  -27.561  17.961  -40.057 0.0000000000
86147  -27.901  16.979  -39.531 0.0000000000
131481  -28.338  17.936  -38.310 0.0000000000
85235  -28.269  16.073  -39.150 0.0000000000
81735  -28.802  12.734  -38.024 0.0000000000
82595  -28.971  13.577  -37.935 0.0000000000
128084  -29.368  12.899  -37.255 0.0000000000
81712  -30.134  13.104  -35.997 0.0000000000
79724  -29.608  11.219  -36.072 0.0000000000
74968  -26.878  5.873  -38.485 0.0000000000
75963  -27.397  6.494  -38.413 0.0000000000
74952  -27.474  5.725  -37.563 0.0000000000
75912  -30.036  7.122  -34.290 0.0000000000
76809  -29.621  7.481  -35.013 0.0000000000
76810  -30.160  7.942  -34.347 0.0000000000
78693  -30.368  9.612  -34.460 0.0000000000
77715  -31.083  8.925  -33.105 0.0000000000
66212  -27.287  -3.080  -30.318 0.0000000000
67332  -25.567  -2.799  -32.811 0.0000000000
67318  -27.234  -2.225  -31.429 0.0000000000
69199  -27.951  -1.038  -31.739 0.0000000000
82617  -27.308  13.580  -40.254 0.0000000000
83511  -27.935  14.459  -39.754 0.0000000000
81747  -27.606  12.995  -39.713 0.0000000000
135178  -27.793  11.227  -39.012 0.0000000000
79762  -28.057  10.525  -38.154 0.0000000000
73047  -27.761  3.949  -36.481 0.0000000000
74921  -28.376  5.299  -36.214 0.0000000000
131222  -28.627  4.271  -35.072 0.0000000000
74893  -29.689  5.350  -33.713 0.0000000000
74894  -30.213  5.987  -33.214 0.0000000000
66198  -26.776  -3.711  -29.922 0.0000000000
72161  -26.910  3.512  -36.994 0.0000000000
72133  -27.459  2.450  -35.984 0.0000000000
71203  -27.930  1.941  -34.511 0.0000000000
70230  -28.036  0.951  -33.220 0.0000000000
93898  -24.062  26.601  -40.958 0.0000000000
92321  -23.717  24.514  -40.337 0.0000000000
137013  -24.509  24.825  -41.862 0.0000000000
92344  -25.436  24.406  -42.966 0.0000000000
92345  -26.018  24.163  -42.786 0.0000000000
92335  -26.520  24.000  -41.925 0.0000000000
90796  -25.581  22.243  -40.705 0.0000000000
90798  -26.453  23.236  -41.141 0.0000000000
91584  -27.223  23.852  -41.102 0.0000000000
146257  -27.692  23.361  -40.005 0.0000000000
90784  -27.920  22.666  -39.051 0.0000000000
140001  -27.799  21.831  -38.769 0.0000000000
86154  -26.577  18.212  -41.184 0.0000000000
142144  -27.111  19.328  -40.435 0.0000000000
88949  -27.625  20.370  -38.902 0.0000000000
128572  -28.069  20.629  -37.942 0.0000000000
87944  -28.246  19.715  -37.497 0.0000000000
86123  -29.299  16.855  -36.972 0.0000000000
83498  -28.818  14.788  -38.312 0.0000000000
84359  -29.362  15.465  -37.227 0.0000000000
76864  -27.138  7.337  -39.140 0.0000000000
126428  -27.719  8.721  -38.263 0.0000000000
78725  -28.488  9.168  -36.774 0.0000000000
75939  -28.571  6.707  -36.378 0.0000000000
132468  -28.968  8.070  -36.049 0.0000000000
127020  -29.413  10.249  -36.047 0.0000000000
79725  -29.870  10.483  -35.437 0.0000000000
79700  -30.714  10.995  -33.934 0.0000000000
69226  -26.606  -0.729  -33.781 0.0000000000
70218  -27.826  0.164  -32.867 0.0000000000
70208  -28.847  0.393  -31.668 0.0000000000
72081  -29.648  2.621  -31.958 0.0000000000
71173  -29.594  1.772  -31.639 0.0000000000
62006  -27.220  -7.430  -27.425 0.0000000000
63053  -25.784  -6.479  -28.062 0.0000000000
63036  -26.670  -6.533  -27.656 0.0000000000
87981  -25.441  19.542  -41.546 0.0000000000
87974  -26.089  19.741  -41.233 0.0000000000
83525  -27.012  14.839  -40.685 0.0000000000
84395  -27.226  15.462  -40.552 0.0000000000
130885  -27.450  16.995  -40.279 0.0000000000
85246  -27.796  16.077  -39.897 0.0000000000
84385  -28.144  15.371  -39.545 0.0000000000
80746  -29.069  11.828  -37.402 0.0000000000
80732  -29.530  12.042  -36.662 0.0000000000
147653  -29.307  11.354  -36.738 0.0000000000
74951  -27.096  5.399  -37.907 0.0000000000
74969  -27.246  6.002  -38.193 0.0000000000
73980  -27.344  5.016  -37.336 0.0000000000
75893  -30.428  6.808  -33.482 0.0000000000
76788  -30.551  7.623  -33.628 0.0000000000
77714  -30.640  8.429  -33.710 0.0000000000
76789  -31.049  8.115  -33.039 0.0000000000
77702  -31.414  8.631  -32.440 0.0000000000
76779  -31.353  7.839  -32.330 0.0000000000
67304  -26.912  -2.825  -31.034 0.0000000000
131614  -26.825  13.257  -40.762 0.0000000000
81754  -27.116  12.663  -40.313 0.0000000000
79773  -27.261  10.613  -39.679 0.0000000000
79774  -27.587  10.057  -39.081 0.0000000000
128223  -28.199  3.685  -35.662 0.0000000000
73948  -28.315  4.491  -35.974 0.0000000000
73024  -28.465  3.552  -34.846 0.0000000000
73918  -29.393  4.471  -33.510 0.0000000000
145933  -29.779  4.845  -33.071 0.0000000000
130078  -30.063  5.320  -32.969 0.0000000000
74877  -30.482  5.594  -32.360 0.0000000000
74876  -30.121  4.812  -32.510 0.0000000000
62018  -24.634  -7.620  -28.261 0.0000000000
61004  -25.090  -8.163  -27.908 0.0000000000
65152  -26.121  -4.450  -29.719 0.0000000000
66180  -27.913  -3.745  -28.855 0.0000000000
72145  -27.148  2.940  -36.614 0.0000000000
71202  -27.456  1.381  -34.950 0.0000000000
70243  -27.195  0.666  -34.546 0.0000000000
71193  -27.699  1.203  -34.060 0.0000000000
70229  -27.483  0.441  -33.679 0.0000000000
93910  -24.424  26.374  -41.959 0.0000000000
93086  -24.150  25.752  -41.483 0.0000000000
92322  -24.397  24.258  -41.200 0.0000000000
139006  -24.897  24.529  -42.703 0.0000000000
137219  -25.005  24.790  -43.274 0.0000000000
91594  -25.730  23.688  -42.014 0.0000000000
92346  -26.690  24.608  -42.756 0.0000000000
89941  -25.290  21.371  -40.817 0.0000000000
90792  -26.385  21.645  -40.548 0.0000000000
90797  -26.143  22.398  -40.746 0.0000000000
129398  -27.226  23.135  -40.513 0.0000000000
90777  -27.399  22.021  -39.494 0.0000000000
89923  -27.453  21.195  -39.230 0.0000000000
85263  -26.543  16.403  -41.241 0.0000000000
86162  -26.289  17.281  -41.458 0.0000000000
87056  -26.609  19.166  -41.021 0.0000000000
86145  -27.130  18.647  -40.603 0.0000000000
87049  -27.563  18.923  -39.698 0.0000000000
87959  -27.767  19.441  -38.941 0.0000000000
87960  -27.935  19.800  -38.260 0.0000000000
87040  -28.171  18.924  -38.066 0.0000000000
86122  -28.727  17.071  -37.761 0.0000000000
136214  -28.544  18.110  -37.654 0.0000000000
87026  -28.980  17.836  -37.058 0.0000000000
85225  -29.167  16.136  -37.534 0.0000000000
82609  -28.299  14.010  -39.231 0.0000000000
83512  -28.383  14.702  -39.197 0.0000000000
133485  -28.692  14.153  -38.551 0.0000000000
82596  -29.353  13.752  -37.344 0.0000000000
83485  -29.224  14.888  -37.538 0.0000000000
134095  -29.499  14.990  -36.926 0.0000000000
84349  -29.642  15.397  -36.562 0.0000000000
137627  -30.648  12.343  -34.297 0.0000000000
76876  -26.095  7.382  -39.568 0.0000000000
76853  -27.685  6.803  -37.903 0.0000000000
76865  -27.527  7.152  -38.549 0.0000000000
77776  -27.701  7.920  -38.123 0.0000000000
78736  -27.958  8.439  -37.441 0.0000000000
74938  -28.434  6.037  -36.363 0.0000000000
143632  -28.893  6.504  -35.853 0.0000000000
77725  -29.767  8.283  -35.014 0.0000000000
76829  -29.301  7.817  -35.626 0.0000000000
77744  -29.366  8.677  -35.639 0.0000000000
78726  -29.119  9.386  -36.112 0.0000000000
78709  -29.622  9.608  -35.542 0.0000000000
78710  -30.064  9.863  -35.035 0.0000000000
125440  -30.730  10.172  -33.838 0.0000000000
69214  -27.573  -0.625  -32.555 0.0000000000
69200  -28.664  -0.440  -31.354 0.0000000000
69201  -29.306  0.055  -31.036 0.0000000000
129300  -26.532  11.103  -40.452 0.0000000000
79785  -26.618  10.051  -40.164 0.0000000000
127308  -28.387  2.495  -34.037 0.0000000000
122973  -28.528  3.157  -34.319 0.0000000000
72103  -28.825  3.060  -33.570 0.0000000000
73009  -29.265  3.663  -33.150 0.0000000000
72998  -29.685  3.458  -32.344 0.0000000000
73903  -30.129  4.112  -32.054 0.0000000000
72985  -30.239  3.250  -31.525 0.0000000000
72068  -30.625  2.692  -30.806 0.0000000000
62019  -25.376  -7.435  -27.919 0.0000000000
64169  -25.234  -4.933  -30.038 0.0000000000
64155  -25.620  -5.217  -29.229 0.0000000000
64148  -26.685  -5.303  -28.297 0.0000000000
71218  -26.508  1.354  -36.231 0.0000000000
70282  -25.918  0.871  -36.332 0.0000000000
70265  -26.171  0.393  -35.796 0.0000000000
70242  -26.602  0.192  -34.974 0.0000000000
141152  -23.617  25.366  -40.168 0.0000000000
91582  -24.829  23.493  -41.101 0.0000000000
128374  -27.010  22.240  -40.211 0.0000000000
131241  -26.929  20.441  -40.257 0.0000000000
134225  -27.152  17.836  -40.659 0.0000000000
86136  -28.073  17.979  -39.177 0.0000000000
86137  -28.385  16.970  -38.702 0.0000000000
131726  -28.389  12.745  -38.642 0.0000000000
82600  -28.547  13.450  -38.610 0.0000000000
138333  -29.707  13.518  -36.694 0.0000000000
81724  -29.750  12.769  -36.515 0.0000000000
80714  -29.937  12.176  -35.948 0.0000000000
75975  -26.755  6.521  -39.009 0.0000000000
75962  -27.087  6.307  -38.654 0.0000000000
75951  -27.628  6.325  -37.735 0.0000000000
132039  -28.090  6.965  -37.046 0.0000000000
75911  -29.423  6.598  -35.070 0.0000000000
77726  -30.302  8.753  -34.413 0.0000000000
78682  -30.703  9.272  -33.767 0.0000000000
78683  -31.154  9.784  -33.164 0.0000000000
78669  -31.455  9.406  -32.512 0.0000000000
66226  -26.259  -3.250  -31.377 0.0000000000
66243  -25.937  -3.057  -32.098 0.0000000000
67317  -26.583  -2.630  -31.741 0.0000000000
67334  -26.920  -2.027  -32.091 0.0000000000
68244  -27.264  -1.377  -32.336 0.0000000000
132678  -27.447  -1.685  -31.758 0.0000000000
68230  -28.501  -1.213  -30.961 0.0000000000
82616  -26.951  14.071  -40.653 0.0000000000
83526  -27.463  14.304  -40.227 0.0000000000
136839  -27.957  14.940  -39.786 0.0000000000
82608  -27.806  13.834  -39.740 0.0000000000
80763  -27.384  11.854  -39.754 0.0000000000
80764  -27.982  12.355  -39.108 0.0000000000
80745  -28.426  11.799  -38.292 0.0000000000
79749  -28.609  11.080  -37.610 0.0000000000
73962  -27.229  4.194  -37.065 0.0000000000
73963  -27.791  4.723  -36.724 0.0000000000
73949  -28.780  5.095  -35.351 0.0000000000
73933  -29.133  4.801  -34.411 0.0000000000
74912  -29.330  5.683  -34.733 0.0000000000
75892  -29.874  6.275  -34.104 0.0000000000
75881  -30.707  6.514  -32.652 0.0000000000
75882  -31.235  7.039  -32.141 0.0000000000
73891  -30.546  4.137  -31.361 0.0000000000
61003  -24.402  -8.453  -28.124 0.0000000000
65181  -25.236  -4.202  -31.268 0.0000000000
65166  -25.589  -4.349  -30.534 0.0000000000
66210  -25.890  -3.795  -30.971 0.0000000000
66211  -26.563  -3.440  -30.649 0.0000000000
66199  -27.583  -3.400  -29.575 0.0000000000
73064  -26.881  4.144  -37.276 0.0000000000
73046  -27.297  3.549  -36.740 0.0000000000
73039  -27.672  3.210  -36.185 0.0000000000
130411  -27.193  1.667  -35.798 0.0000000000
72115  -27.652  2.030  -35.292 0.0000000000
134241  -28.244  1.719  -33.619 0.0000000000
71181  -28.590  1.491  -32.774 0.0000000000
93888  -24.095  26.634  -39.973 0.0000000000
93059  -23.373  25.037  -39.485 0.0000000000
93073  -23.983  25.153  -40.943 0.0000000000
93095  -24.653  25.310  -42.630 0.0000000000
92357  -25.951  24.573  -43.547 0.0000000000
93087  -27.508  25.001  -42.173 0.0000000000
122996  -25.860  21.709  -40.701 0.0000000000
92336  -27.315  24.499  -41.670 0.0000000000
92323  -27.740  24.452  -40.879 0.0000000000
91576  -27.841  23.902  -40.284 0.0000000000
91566  -27.548  22.844  -39.786 0.0000000000
125973  -25.872  18.120  -41.585 0.0000000000
87968  -27.321  19.867  -39.833 0.0000000000
144684  -27.777  21.111  -38.558 0.0000000000
87025  -28.552  18.823  -37.183 0.0000000000
87013  -29.097  18.724  -36.333 0.0000000000
84370  -28.569  15.367  -38.773 0.0000000000
84358  -29.005  15.438  -37.962 0.0000000000
82572  -30.122  14.075  -36.106 0.0000000000
77786  -26.119  7.932  -39.756 0.0000000000
77787  -26.825  8.132  -39.484 0.0000000000
77775  -27.448  7.992  -38.855 0.0000000000
78747  -27.460  8.945  -39.062 0.0000000000
78748  -27.757  9.566  -38.444 0.0000000000
139465  -28.030  9.462  -37.666 0.0000000000
79738  -28.517  10.230  -37.274 0.0000000000
74937  -27.840  5.502  -36.891 0.0000000000
75938  -27.927  6.215  -36.977 0.0000000000
75923  -29.171  7.089  -35.744 0.0000000000
76843  -28.786  7.412  -36.239 0.0000000000
77752  -28.409  7.987  -36.696 0.0000000000
77753  -28.861  8.627  -36.200 0.0000000000
135542  -28.975  10.115  -36.609 0.0000000000
79739  -29.268  10.762  -36.507 0.0000000000
80715  -30.136  11.417  -35.297 0.0000000000
79710  -30.351  10.589  -34.641 0.0000000000
80699  -30.514  11.599  -34.485 0.0000000000
69245  -26.314  -0.455  -34.577 0.0000000000
68261  -26.932  -1.032  -33.026 0.0000000000
69227  -27.249  -0.317  -33.341 0.0000000000
70219  -28.435  0.677  -32.425 0.0000000000
71172  -29.020  1.222  -32.006 0.0000000000
65167  -26.194  -3.947  -30.345 0.0000000000
68229  -27.865  -1.748  -31.180 0.0000000000
69215  -28.214  -0.143  -32.078 0.0000000000
69269  -26.083  -0.213  -35.265 0.0000000000
78770  -25.841  8.663  -40.070 0.0000000000
80772  -26.919  11.805  -40.311 0.0000000000
82601  -29.096  14.272  -37.789 0.0000000000
134581  -27.134  6.748  -38.953 0.0000000000
136831  -27.569  14.886  -40.196 0.0000000000
