#!ascii label  , from subject sub-s016 vox2ras=TkReg
295
16940  36.134  -51.899  -11.609 0.0000000000
16980  44.955  -51.014  -16.986 0.0000000000
12155  37.990  -57.825  -14.233 0.0000000000
16150  39.536  -52.338  -16.481 0.0000000000
10787  39.119  -59.204  -19.123 0.0000000000
10759  36.921  -58.934  -17.099 0.0000000000
8602  38.278  -62.673  -17.963 0.0000000000
16999  41.733  -51.698  -17.285 0.0000000000
20482  41.645  -47.388  -14.951 0.0000000000
13821  36.774  -55.095  -12.859 0.0000000000
13848  36.713  -55.772  -16.323 0.0000000000
13875  38.918  -55.837  -18.101 0.0000000000
13872  41.654  -55.486  -18.536 0.0000000000
10772  41.970  -59.205  -18.897 0.0000000000
18658  35.964  -50.141  -9.089 0.0000000000
14544  37.713  -54.124  -10.645 0.0000000000
142008  39.649  -56.293  -12.741 0.0000000000
134794  39.526  -48.050  -14.296 0.0000000000
9272  38.420  -61.638  -16.640 0.0000000000
16997  43.494  -51.449  -17.542 0.0000000000
18716  43.040  -49.645  -16.006 0.0000000000
12999  37.259  -56.425  -13.682 0.0000000000
12157  36.690  -56.946  -15.168 0.0000000000
10774  37.433  -59.535  -18.137 0.0000000000
12190  37.717  -57.749  -18.040 0.0000000000
128544  39.009  -57.132  -18.452 0.0000000000
13873  40.712  -55.484  -18.472 0.0000000000
12187  40.406  -57.401  -18.580 0.0000000000
12184  43.253  -57.327  -18.490 0.0000000000
139014  39.960  -54.104  -10.711 0.0000000000
13803  38.725  -55.376  -11.725 0.0000000000
14572  40.803  -55.134  -11.959 0.0000000000
140716  38.270  -52.581  -15.774 0.0000000000
18707  39.877  -49.953  -15.109 0.0000000000
23488  42.197  -44.729  -15.489 0.0000000000
126622  40.973  -45.076  -14.847 0.0000000000
10752  38.159  -59.574  -15.253 0.0000000000
11445  37.213  -58.550  -15.626 0.0000000000
9991  37.578  -60.182  -16.451 0.0000000000
9281  37.570  -61.159  -17.879 0.0000000000
10012  37.731  -60.860  -18.743 0.0000000000
17000  40.861  -51.861  -16.961 0.0000000000
132120  41.019  -49.412  -15.371 0.0000000000
17861  42.170  -49.810  -15.979 0.0000000000
20497  42.989  -47.171  -15.489 0.0000000000
16979  46.157  -51.150  -16.815 0.0000000000
15345  36.482  -54.013  -12.616 0.0000000000
15362  37.292  -53.612  -15.571 0.0000000000
15367  38.413  -53.582  -16.670 0.0000000000
12166  36.734  -57.610  -16.738 0.0000000000
123829  37.669  -55.885  -17.441 0.0000000000
15387  38.912  -53.976  -17.315 0.0000000000
14609  40.612  -53.810  -18.179 0.0000000000
129516  42.082  -53.340  -18.428 0.0000000000
16188  43.465  -52.793  -18.381 0.0000000000
10773  40.801  -59.168  -19.184 0.0000000000
12186  41.694  -57.587  -18.542 0.0000000000
13870  43.461  -55.327  -18.568 0.0000000000
16167  44.981  -52.429  -17.724 0.0000000000
18666  35.268  -49.458  -10.075 0.0000000000
16917  35.680  -51.089  -10.316 0.0000000000
16089  37.221  -52.702  -9.602 0.0000000000
15332  36.539  -53.361  -11.194 0.0000000000
13805  36.983  -54.875  -12.109 0.0000000000
12981  37.754  -56.251  -13.045 0.0000000000
12998  38.428  -56.894  -13.394 0.0000000000
145017  39.983  -57.095  -13.378 0.0000000000
11436  39.524  -58.774  -14.102 0.0000000000
20483  40.867  -47.586  -14.677 0.0000000000
17835  35.968  -50.890  -11.686 0.0000000000
18683  36.330  -49.484  -12.386 0.0000000000
17840  36.343  -50.351  -12.340 0.0000000000
16996  44.235  -51.403  -17.431 0.0000000000
16981  43.937  -50.813  -17.025 0.0000000000
12153  37.701  -57.122  -13.893 0.0000000000
13002  36.946  -56.677  -14.382 0.0000000000
12156  37.273  -57.445  -14.613 0.0000000000
130080  38.074  -59.200  -18.665 0.0000000000
142478  38.082  -58.345  -18.430 0.0000000000
11479  38.810  -58.440  -18.708 0.0000000000
12188  39.502  -57.754  -18.631 0.0000000000
11478  39.562  -58.507  -18.871 0.0000000000
122970  44.304  -57.923  -18.473 0.0000000000
123234  40.182  -54.633  -11.305 0.0000000000
16137  38.877  -52.100  -15.816 0.0000000000
16966  38.941  -51.354  -15.312 0.0000000000
16965  39.582  -51.537  -15.849 0.0000000000
24515  41.958  -44.178  -15.343 0.0000000000
129302  38.082  -60.152  -15.687 0.0000000000
9280  37.981  -61.821  -17.508 0.0000000000
9273  37.722  -61.112  -17.056 0.0000000000
9284  37.695  -61.290  -18.568 0.0000000000
8603  37.778  -61.898  -18.369 0.0000000000
16984  41.367  -51.201  -16.628 0.0000000000
17881  41.747  -50.496  -16.324 0.0000000000
123021  43.206  -47.972  -15.486 0.0000000000
20512  43.570  -47.380  -15.980 0.0000000000
22500  42.815  -45.286  -16.482 0.0000000000
15353  36.490  -53.941  -13.443 0.0000000000
14590  36.516  -54.596  -13.931 0.0000000000
14598  37.614  -53.967  -16.323 0.0000000000
14599  37.243  -54.876  -16.520 0.0000000000
11455  36.974  -58.813  -16.444 0.0000000000
11446  36.740  -58.055  -16.185 0.0000000000
11465  36.902  -58.308  -17.199 0.0000000000
13016  38.316  -56.230  -17.897 0.0000000000
13017  37.532  -56.795  -17.617 0.0000000000
13857  38.428  -55.494  -17.701 0.0000000000
134849  38.633  -54.746  -17.539 0.0000000000
14610  39.424  -54.464  -17.833 0.0000000000
15386  39.821  -53.655  -17.654 0.0000000000
146376  40.073  -54.274  -18.133 0.0000000000
14630  41.252  -54.855  -18.497 0.0000000000
15406  41.360  -54.117  -18.441 0.0000000000
133712  42.119  -53.996  -18.536 0.0000000000
15404  42.915  -53.599  -18.561 0.0000000000
128904  42.754  -54.552  -18.597 0.0000000000
7931  42.337  -64.677  -21.688 0.0000000000
10022  41.344  -60.805  -19.669 0.0000000000
9294  40.908  -61.546  -20.088 0.0000000000
134763  40.701  -59.982  -19.494 0.0000000000
126169  41.213  -58.534  -18.797 0.0000000000
11476  41.833  -58.275  -18.621 0.0000000000
13031  44.135  -56.179  -18.516 0.0000000000
13032  43.119  -56.315  -18.533 0.0000000000
13869  44.667  -55.279  -18.448 0.0000000000
14628  43.706  -54.361  -18.561 0.0000000000
14627  44.727  -54.028  -18.329 0.0000000000
19531  35.240  -48.679  -9.554 0.0000000000
133328  35.592  -50.041  -9.567 0.0000000000
17821  35.475  -50.326  -10.213 0.0000000000
17809  35.784  -50.723  -9.572 0.0000000000
15315  38.211  -53.684  -10.128 0.0000000000
15300  37.891  -53.145  -9.718 0.0000000000
15316  37.403  -53.470  -10.177 0.0000000000
15317  36.736  -53.121  -10.349 0.0000000000
15331  36.949  -53.866  -10.836 0.0000000000
14557  36.667  -54.132  -11.772 0.0000000000
14556  37.313  -54.527  -11.349 0.0000000000
13818  39.269  -55.846  -12.300 0.0000000000
13819  38.201  -55.825  -12.314 0.0000000000
12980  38.747  -56.367  -12.795 0.0000000000
12997  39.422  -56.756  -13.164 0.0000000000
130860  41.061  -57.875  -13.556 0.0000000000
126708  40.026  -57.842  -13.629 0.0000000000
19587  41.501  -48.711  -15.206 0.0000000000
19588  40.744  -48.833  -14.979 0.0000000000
19570  41.162  -48.141  -14.900 0.0000000000
16998  42.602  -51.531  -17.478 0.0000000000
17880  42.584  -50.342  -16.439 0.0000000000
13839  36.961  -55.754  -13.292 0.0000000000
13840  36.623  -55.217  -13.627 0.0000000000
13000  36.714  -55.924  -14.065 0.0000000000
13005  36.557  -56.398  -15.728 0.0000000000
11464  37.168  -58.912  -17.597 0.0000000000
143801  37.256  -58.252  -17.676 0.0000000000
133352  37.532  -58.676  -18.124 0.0000000000
13038  38.334  -56.989  -18.179 0.0000000000
13037  38.987  -56.464  -18.297 0.0000000000
13874  39.692  -55.877  -18.367 0.0000000000
13036  39.686  -56.842  -18.486 0.0000000000
13035  40.512  -56.497  -18.505 0.0000000000
13034  41.365  -56.297  -18.520 0.0000000000
11475  42.691  -58.773  -18.568 0.0000000000
11474  43.375  -58.322  -18.501 0.0000000000
142221  43.877  -56.932  -18.507 0.0000000000
14543  38.547  -54.180  -10.574 0.0000000000
14555  38.320  -54.742  -11.128 0.0000000000
133350  39.296  -54.926  -11.331 0.0000000000
13802  39.813  -55.317  -11.824 0.0000000000
13817  40.378  -55.804  -12.491 0.0000000000
17849  39.267  -50.042  -14.725 0.0000000000
19572  39.646  -48.816  -14.508 0.0000000000
22474  42.241  -46.185  -15.307 0.0000000000
21470  41.744  -46.621  -15.003 0.0000000000
23489  41.746  -44.908  -15.187 0.0000000000
138235  41.630  -43.497  -15.165 0.0000000000
11444  37.900  -58.941  -15.078 0.0000000000
11438  37.595  -58.205  -14.827 0.0000000000
10753  37.487  -59.428  -15.895 0.0000000000
141399  37.174  -59.554  -16.845 0.0000000000
144316  37.639  -60.642  -16.767 0.0000000000
10763  37.255  -59.608  -17.538 0.0000000000
10002  37.490  -60.445  -18.156 0.0000000000
10011  37.759  -60.178  -18.679 0.0000000000
16149  40.188  -51.700  -16.408 0.0000000000
16964  40.279  -51.039  -15.882 0.0000000000
17882  40.976  -50.695  -16.095 0.0000000000
17862  41.365  -50.001  -15.779 0.0000000000
18705  41.842  -49.294  -15.526 0.0000000000
135271  42.596  -49.222  -15.650 0.0000000000
19586  42.434  -48.531  -15.377 0.0000000000
20498  42.470  -47.660  -15.259 0.0000000000
22487  42.723  -45.853  -15.786 0.0000000000
23499  42.539  -44.971  -15.803 0.0000000000
17877  45.353  -50.343  -16.696 0.0000000000
16125  36.406  -52.591  -12.306 0.0000000000
144284  36.478  -51.861  -12.532 0.0000000000
124595  36.479  -53.251  -12.909 0.0000000000
15361  37.947  -53.199  -16.059 0.0000000000
16151  38.688  -52.813  -16.321 0.0000000000
13007  36.687  -56.706  -16.493 0.0000000000
12175  37.100  -57.608  -17.422 0.0000000000
13006  36.983  -56.263  -17.038 0.0000000000
13847  37.233  -55.573  -16.929 0.0000000000
14611  38.089  -54.348  -16.983 0.0000000000
15366  39.223  -53.196  -16.951 0.0000000000
16173  39.973  -52.814  -17.212 0.0000000000
15385  40.596  -53.089  -17.750 0.0000000000
16171  41.306  -52.477  -17.708 0.0000000000
14631  40.639  -54.559  -18.366 0.0000000000
15405  41.345  -53.304  -18.241 0.0000000000
16170  42.202  -52.182  -17.904 0.0000000000
16189  42.589  -52.759  -18.342 0.0000000000
16169  43.081  -52.062  -18.065 0.0000000000
16168  44.068  -52.053  -17.991 0.0000000000
10025  38.082  -60.789  -19.175 0.0000000000
8635  41.640  -63.400  -20.678 0.0000000000
10786  39.962  -59.603  -19.389 0.0000000000
11484  39.958  -58.922  -19.126 0.0000000000
11477  40.370  -58.294  -18.796 0.0000000000
128905  41.176  -57.111  -18.526 0.0000000000
13033  42.184  -56.227  -18.531 0.0000000000
12185  42.453  -57.721  -18.516 0.0000000000
139780  42.572  -56.902  -18.497 0.0000000000
13871  42.503  -55.421  -18.570 0.0000000000
16187  44.383  -52.980  -18.235 0.0000000000
136621  44.757  -51.735  -17.485 0.0000000000
16995  45.575  -51.838  -17.260 0.0000000000
132243  35.179  -48.273  -11.093 0.0000000000
19542  35.081  -48.558  -10.391 0.0000000000
19550  35.321  -49.047  -11.086 0.0000000000
18677  35.452  -49.831  -10.906 0.0000000000
17836  35.617  -50.588  -10.995 0.0000000000
16941  35.810  -51.278  -11.032 0.0000000000
131952  37.729  -51.687  -8.917 0.0000000000
16916  36.089  -51.519  -9.662 0.0000000000
16102  36.444  -52.336  -9.911 0.0000000000
16116  36.278  -52.595  -10.827 0.0000000000
139073  36.333  -52.777  -11.585 0.0000000000
133811  36.420  -53.411  -12.037 0.0000000000
13804  37.734  -55.224  -11.788 0.0000000000
13820  37.337  -55.529  -12.542 0.0000000000
145259  37.771  -56.695  -13.496 0.0000000000
12152  38.492  -57.556  -13.815 0.0000000000
12151  39.241  -57.361  -13.536 0.0000000000
11434  39.063  -58.017  -13.896 0.0000000000
11437  38.480  -58.458  -14.387 0.0000000000
18706  40.324  -49.464  -15.099 0.0000000000
139557  40.160  -48.976  -14.768 0.0000000000
20484  40.181  -47.409  -14.436 0.0000000000
21471  40.963  -46.760  -14.633 0.0000000000
22476  40.563  -45.882  -14.610 0.0000000000
9998  37.420  -60.381  -17.291 0.0000000000
10785  41.587  -59.981  -19.360 0.0000000000
11456  36.794  -58.342  -16.777 0.0000000000
12189  38.562  -57.715  -18.443 0.0000000000
13018  36.879  -56.983  -17.093 0.0000000000
13856  39.166  -55.212  -18.016 0.0000000000
13858  37.834  -55.116  -17.253 0.0000000000
14554  39.286  -54.417  -10.859 0.0000000000
14573  36.679  -54.541  -12.497 0.0000000000
14587  36.569  -54.576  -13.153 0.0000000000
14629  41.932  -54.723  -18.557 0.0000000000
14632  39.932  -54.953  -18.280 0.0000000000
15403  43.815  -53.529  -18.490 0.0000000000
16088  38.098  -52.465  -9.313 0.0000000000
16172  40.583  -52.494  -17.319 0.0000000000
16190  41.890  -52.785  -18.215 0.0000000000
16928  35.975  -51.823  -10.542 0.0000000000
16949  36.395  -51.166  -12.374 0.0000000000
16983  42.165  -51.032  -16.862 0.0000000000
17863  40.486  -50.188  -15.518 0.0000000000
17864  39.624  -50.684  -15.329 0.0000000000
18692  39.754  -49.439  -14.769 0.0000000000
19571  40.328  -48.268  -14.625 0.0000000000
20499  41.859  -48.076  -15.111 0.0000000000
21469  42.342  -46.922  -15.249 0.0000000000
21482  43.116  -46.633  -15.866 0.0000000000
21495  43.424  -46.728  -16.443 0.0000000000
22475  41.512  -45.836  -14.956 0.0000000000
24528  42.081  -43.480  -15.541 0.0000000000
123067  42.219  -45.396  -15.407 0.0000000000
123329  41.116  -57.879  -18.599 0.0000000000
125648  39.394  -47.211  -14.139 0.0000000000
125719  44.271  -59.068  -18.495 0.0000000000
128906  41.909  -56.972  -18.516 0.0000000000
129937  40.233  -52.250  -16.857 0.0000000000
132523  38.534  -57.977  -14.085 0.0000000000
132733  43.360  -48.841  -15.723 0.0000000000
138700  42.724  -46.540  -15.528 0.0000000000
141362  41.307  -44.273  -15.052 0.0000000000
141896  40.724  -51.296  -16.388 0.0000000000
144398  41.718  -53.686  -18.431 0.0000000000
146491  35.561  -49.503  -11.386 0.0000000000
