#!ascii label  , from subject sub-s016 vox2ras=TkReg
255
76803  28.165  10.051  -35.516 0.0000000000
67180  27.591  0.643  -31.176 0.0000000000
81528  27.229  15.528  -38.502 0.0000000000
91794  25.948  26.182  -41.878 0.0000000000
66215  25.918  -0.512  -30.524 0.0000000000
84181  28.757  19.127  -38.377 0.0000000000
87112  27.666  21.308  -39.165 0.0000000000
73940  26.912  7.798  -34.768 0.0000000000
72021  27.769  5.334  -33.206 0.0000000000
73927  29.755  7.518  -33.757 0.0000000000
78695  30.488  12.866  -35.719 0.0000000000
75793  31.247  9.492  -34.476 0.0000000000
79642  27.725  12.823  -36.692 0.0000000000
81514  29.975  15.774  -37.015 0.0000000000
89113  25.049  23.431  -40.666 0.0000000000
90034  27.194  24.078  -39.239 0.0000000000
69183  29.140  2.021  -31.584 0.0000000000
85136  27.360  19.716  -39.718 0.0000000000
86155  26.736  20.877  -40.039 0.0000000000
74847  27.683  9.180  -35.272 0.0000000000
73938  28.305  8.111  -34.494 0.0000000000
74836  29.251  8.819  -34.552 0.0000000000
67172  27.307  0.074  -30.940 0.0000000000
80588  27.687  14.367  -37.551 0.0000000000
80586  29.086  14.739  -36.927 0.0000000000
81516  28.407  15.927  -37.657 0.0000000000
86140  29.018  20.263  -38.106 0.0000000000
84172  29.901  18.646  -37.240 0.0000000000
90912  24.145  25.652  -40.588 0.0000000000
89114  24.380  23.471  -40.705 0.0000000000
135017  25.850  25.290  -40.804 0.0000000000
93472  28.330  28.817  -41.166 0.0000000000
92649  28.202  27.392  -40.190 0.0000000000
91781  27.372  26.176  -40.279 0.0000000000
91780  28.382  26.450  -39.214 0.0000000000
145955  28.064  25.229  -38.713 0.0000000000
71033  29.823  4.327  -32.426 0.0000000000
70164  28.441  3.710  -32.230 0.0000000000
130836  25.145  -0.758  -30.273 0.0000000000
83319  28.276  17.767  -38.445 0.0000000000
83325  27.794  18.364  -39.055 0.0000000000
86141  28.493  20.444  -38.674 0.0000000000
87097  29.006  21.560  -37.909 0.0000000000
72036  26.238  5.420  -33.721 0.0000000000
73002  27.226  7.063  -34.345 0.0000000000
72990  28.655  6.690  -33.634 0.0000000000
72033  30.307  5.829  -32.983 0.0000000000
77829  29.033  11.238  -35.667 0.0000000000
75795  29.556  9.447  -34.778 0.0000000000
76800  31.153  10.972  -34.961 0.0000000000
127645  27.068  10.227  -35.922 0.0000000000
78710  27.468  11.702  -36.420 0.0000000000
77842  28.244  11.371  -35.979 0.0000000000
78708  29.074  12.750  -36.164 0.0000000000
133103  30.290  14.042  -36.258 0.0000000000
82418  30.769  15.917  -36.444 0.0000000000
83310  28.899  17.487  -37.781 0.0000000000
83297  30.480  17.260  -36.707 0.0000000000
88126  24.917  22.007  -41.243 0.0000000000
91793  26.627  26.349  -41.523 0.0000000000
90904  26.399  25.522  -40.746 0.0000000000
90043  26.109  24.086  -40.091 0.0000000000
88116  26.329  22.322  -40.033 0.0000000000
131899  27.528  22.614  -39.018 0.0000000000
89094  28.194  23.067  -38.234 0.0000000000
69194  26.628  2.633  -31.891 0.0000000000
71035  26.764  4.160  -32.773 0.0000000000
74825  30.696  8.205  -34.000 0.0000000000
72987  31.739  6.443  -33.314 0.0000000000
128226  25.964  20.105  -40.898 0.0000000000
86166  25.985  20.774  -40.693 0.0000000000
75807  28.099  9.511  -35.265 0.0000000000
142753  28.112  9.123  -35.056 0.0000000000
75796  28.644  9.268  -34.925 0.0000000000
65210  24.275  -1.750  -29.564 0.0000000000
121560  24.875  -2.076  -29.612 0.0000000000
67181  26.785  0.729  -31.076 0.0000000000
81517  27.759  15.278  -37.925 0.0000000000
127555  28.442  15.047  -37.398 0.0000000000
87084  29.449  20.671  -37.546 0.0000000000
86127  29.502  20.070  -37.559 0.0000000000
91795  25.043  26.370  -41.777 0.0000000000
90911  24.771  25.684  -41.060 0.0000000000
90905  25.190  25.010  -40.813 0.0000000000
90910  25.517  25.778  -41.239 0.0000000000
91787  28.026  26.700  -39.875 0.0000000000
91779  29.209  26.866  -38.784 0.0000000000
68176  25.195  1.525  -31.166 0.0000000000
83326  27.310  17.609  -39.234 0.0000000000
84190  27.003  18.417  -39.750 0.0000000000
86154  27.375  20.424  -39.625 0.0000000000
85135  28.038  20.085  -39.165 0.0000000000
86142  27.920  20.717  -39.145 0.0000000000
87111  28.402  20.970  -38.608 0.0000000000
91803  24.953  26.900  -42.513 0.0000000000
73003  26.484  6.927  -34.440 0.0000000000
73928  28.857  7.493  -33.994 0.0000000000
73001  28.040  7.274  -34.175 0.0000000000
72989  29.352  6.949  -33.557 0.0000000000
72034  29.429  6.247  -33.236 0.0000000000
72988  30.082  6.674  -33.297 0.0000000000
65216  25.925  -1.273  -30.271 0.0000000000
78696  29.657  12.242  -35.799 0.0000000000
77828  29.930  11.441  -35.450 0.0000000000
131798  30.415  12.098  -35.543 0.0000000000
75809  26.957  9.637  -35.681 0.0000000000
78725  26.965  12.549  -37.063 0.0000000000
78709  28.299  12.283  -36.270 0.0000000000
77841  28.844  11.973  -35.946 0.0000000000
79641  28.524  13.185  -36.486 0.0000000000
80578  29.670  14.205  -36.550 0.0000000000
81507  29.851  15.086  -36.891 0.0000000000
80577  30.354  14.731  -36.496 0.0000000000
81506  30.380  15.504  -36.692 0.0000000000
83318  28.849  18.350  -38.085 0.0000000000
83308  30.038  17.753  -37.116 0.0000000000
89123  24.043  22.530  -41.197 0.0000000000
88127  24.662  22.580  -41.037 0.0000000000
88138  24.427  21.898  -41.478 0.0000000000
136130  25.189  22.686  -40.807 0.0000000000
93473  27.537  27.923  -41.671 0.0000000000
92661  27.076  26.930  -41.703 0.0000000000
91788  26.795  25.983  -40.889 0.0000000000
138254  27.375  25.522  -39.757 0.0000000000
90042  26.834  24.685  -39.831 0.0000000000
90035  26.608  23.831  -39.687 0.0000000000
89105  26.186  23.243  -40.023 0.0000000000
89104  26.960  23.080  -39.453 0.0000000000
90891  28.512  24.961  -38.210 0.0000000000
90028  28.350  23.923  -38.068 0.0000000000
89079  28.688  23.172  -37.739 0.0000000000
69195  25.425  3.052  -32.198 0.0000000000
138814  27.037  5.625  -33.601 0.0000000000
71046  26.893  4.935  -33.233 0.0000000000
69192  28.546  2.868  -31.873 0.0000000000
70165  27.600  3.570  -32.276 0.0000000000
69184  28.188  2.007  -31.578 0.0000000000
76787  30.449  9.984  -34.786 0.0000000000
75794  30.459  9.301  -34.546 0.0000000000
74834  31.010  8.810  -34.224 0.0000000000
84196  26.999  19.164  -39.985 0.0000000000
85150  26.577  19.598  -40.433 0.0000000000
86165  26.714  20.249  -40.269 0.0000000000
129455  27.286  20.917  -39.554 0.0000000000
74838  27.271  8.662  -35.145 0.0000000000
73939  27.592  7.981  -34.659 0.0000000000
130664  27.879  8.703  -34.922 0.0000000000
74837  28.498  8.760  -34.724 0.0000000000
73937  29.070  8.201  -34.291 0.0000000000
67173  26.477  0.016  -30.783 0.0000000000
135959  26.494  -0.675  -30.551 0.0000000000
66214  27.109  -0.472  -30.690 0.0000000000
65206  28.044  -1.130  -30.022 0.0000000000
79633  30.564  13.614  -35.946 0.0000000000
78694  31.232  12.400  -35.342 0.0000000000
79652  27.300  13.429  -37.349 0.0000000000
79651  28.051  13.714  -36.920 0.0000000000
80587  28.426  14.369  -37.099 0.0000000000
81515  29.234  15.658  -37.194 0.0000000000
85122  29.132  19.632  -37.985 0.0000000000
84180  29.287  18.907  -37.774 0.0000000000
86126  29.910  19.891  -37.129 0.0000000000
90045  24.950  24.216  -40.616 0.0000000000
90044  25.545  24.358  -40.490 0.0000000000
93464  28.202  28.122  -40.650 0.0000000000
92650  27.563  27.375  -40.853 0.0000000000
145044  27.794  26.122  -39.643 0.0000000000
90898  27.939  25.721  -39.153 0.0000000000
90029  27.848  24.437  -38.670 0.0000000000
91774  28.683  25.926  -38.522 0.0000000000
72020  28.729  4.933  -32.719 0.0000000000
71034  27.846  4.426  -32.664 0.0000000000
123759  28.837  4.190  -32.381 0.0000000000
70163  29.419  3.398  -32.099 0.0000000000
66201  24.224  -0.876  -29.819 0.0000000000
66216  24.557  -0.238  -30.253 0.0000000000
67183  25.053  0.901  -30.743 0.0000000000
67182  25.905  0.826  -30.948 0.0000000000
68174  27.049  1.372  -31.335 0.0000000000
82444  27.284  16.215  -38.724 0.0000000000
81527  27.773  16.118  -38.234 0.0000000000
82443  27.667  16.987  -38.660 0.0000000000
143701  27.772  17.696  -38.823 0.0000000000
130453  28.399  18.600  -38.620 0.0000000000
84189  27.509  19.017  -39.537 0.0000000000
84188  28.125  19.275  -39.044 0.0000000000
85123  28.621  19.826  -38.598 0.0000000000
87110  28.922  20.870  -38.067 0.0000000000
126012  29.394  21.375  -37.456 0.0000000000
91796  24.355  26.398  -41.108 0.0000000000
91802  25.630  26.574  -42.580 0.0000000000
72991  26.753  6.238  -34.014 0.0000000000
122952  27.699  6.301  -33.736 0.0000000000
72035  28.628  5.792  -33.196 0.0000000000
72019  29.571  5.360  -32.812 0.0000000000
72018  30.617  4.901  -32.687 0.0000000000
76802  28.846  10.392  -35.427 0.0000000000
75806  28.746  9.770  -35.182 0.0000000000
129748  29.503  10.769  -35.364 0.0000000000
76801  30.287  10.756  -35.110 0.0000000000
76786  31.453  10.299  -34.692 0.0000000000
77814  31.499  11.642  -35.060 0.0000000000
75792  32.112  9.738  -34.397 0.0000000000
74848  27.283  9.256  -35.446 0.0000000000
75808  27.551  9.741  -35.582 0.0000000000
76815  26.965  10.924  -36.302 0.0000000000
140752  27.659  10.602  -35.920 0.0000000000
77830  28.352  10.675  -35.699 0.0000000000
78707  29.866  13.315  -36.143 0.0000000000
79640  29.218  13.490  -36.404 0.0000000000
80576  30.885  15.226  -36.268 0.0000000000
82432  28.328  16.823  -38.004 0.0000000000
82431  29.027  16.597  -37.486 0.0000000000
82430  29.760  16.413  -37.183 0.0000000000
83309  29.430  18.073  -37.547 0.0000000000
131311  29.562  17.221  -37.370 0.0000000000
136288  30.080  16.987  -37.051 0.0000000000
82419  30.357  16.343  -36.802 0.0000000000
87135  25.265  21.349  -41.168 0.0000000000
91801  26.412  26.625  -42.304 0.0000000000
90909  26.205  25.863  -41.210 0.0000000000
127173  26.257  24.909  -40.397 0.0000000000
90903  26.869  25.450  -40.367 0.0000000000
89112  25.577  23.419  -40.411 0.0000000000
143864  25.723  22.750  -40.442 0.0000000000
88125  25.511  22.096  -40.720 0.0000000000
87125  26.096  21.486  -40.425 0.0000000000
88115  27.100  22.162  -39.451 0.0000000000
89095  27.655  23.491  -38.740 0.0000000000
88104  28.495  21.781  -38.316 0.0000000000
88086  28.762  22.518  -37.920 0.0000000000
88085  29.136  22.426  -37.496 0.0000000000
141607  26.619  2.039  -31.564 0.0000000000
71036  25.929  3.895  -32.790 0.0000000000
70166  26.665  3.362  -32.320 0.0000000000
69185  27.278  2.007  -31.555 0.0000000000
74835  30.123  8.804  -34.396 0.0000000000
145452  30.439  7.717  -33.783 0.0000000000
74824  31.614  8.110  -33.816 0.0000000000
133998  31.243  7.464  -33.602 0.0000000000
73926  30.697  7.048  -33.437 0.0000000000
135129  31.016  6.126  -33.155 0.0000000000
67174  25.375  0.125  -30.574 0.0000000000
69186  25.997  2.514  -31.845 0.0000000000
69193  27.451  2.734  -31.876 0.0000000000
73936  29.871  8.235  -34.133 0.0000000000
76788  29.527  10.156  -35.117 0.0000000000
77827  30.763  11.547  -35.271 0.0000000000
80579  28.840  13.962  -36.709 0.0000000000
85111  29.669  19.432  -37.428 0.0000000000
87124  26.859  21.512  -39.727 0.0000000000
90015  28.939  23.843  -37.544 0.0000000000
90892  27.521  24.962  -39.218 0.0000000000
91792  27.175  26.621  -40.937 0.0000000000
144147  30.814  10.494  -34.870 0.0000000000
