#!ascii label  , from subject sub-s011 vox2ras=TkReg
324
22904  37.861  -48.375  -19.224 0.0000000000
142172  42.636  -51.662  -25.802 0.0000000000
125738  45.385  -50.689  -19.793 0.0000000000
24711  43.694  -45.822  -23.288 0.0000000000
19369  49.510  -52.818  -24.970 0.0000000000
20233  47.028  -51.630  -22.472 0.0000000000
16675  48.550  -55.393  -22.107 0.0000000000
22952  43.798  -47.616  -25.127 0.0000000000
26604  40.037  -44.512  -22.628 0.0000000000
22024  41.478  -49.744  -19.630 0.0000000000
22053  43.742  -49.224  -22.464 0.0000000000
22940  46.707  -48.088  -24.380 0.0000000000
134443  45.994  -51.758  -25.765 0.0000000000
17638  48.531  -54.670  -27.620 0.0000000000
22864  36.035  -48.432  -16.049 0.0000000000
22000  39.968  -49.513  -17.062 0.0000000000
21996  43.799  -49.714  -17.434 0.0000000000
27571  39.218  -43.953  -21.229 0.0000000000
17532  48.304  -54.105  -20.609 0.0000000000
135225  42.812  -49.590  -25.087 0.0000000000
22955  40.970  -48.160  -24.382 0.0000000000
22030  43.342  -50.253  -19.897 0.0000000000
21127  44.025  -50.425  -21.554 0.0000000000
131092  48.772  -51.473  -24.306 0.0000000000
21150  47.278  -49.641  -24.020 0.0000000000
21156  47.964  -50.147  -24.789 0.0000000000
131358  47.448  -49.838  -25.103 0.0000000000
20275  48.850  -52.132  -25.517 0.0000000000
18527  47.287  -53.768  -28.113 0.0000000000
21965  40.821  -49.612  -15.464 0.0000000000
138816  41.523  -49.490  -17.138 0.0000000000
21963  42.682  -49.689  -15.493 0.0000000000
23790  41.712  -46.514  -22.018 0.0000000000
25626  41.513  -45.084  -22.282 0.0000000000
27605  37.566  -43.653  -23.601 0.0000000000
28688  37.647  -42.341  -22.503 0.0000000000
20220  46.993  -51.479  -19.775 0.0000000000
21118  46.152  -51.354  -20.863 0.0000000000
19333  48.269  -52.648  -20.560 0.0000000000
137405  49.145  -53.605  -21.566 0.0000000000
17584  49.318  -54.636  -23.262 0.0000000000
24738  43.707  -45.802  -24.181 0.0000000000
26588  42.177  -44.968  -23.116 0.0000000000
135611  42.080  -45.735  -24.055 0.0000000000
132931  39.117  -45.966  -23.471 0.0000000000
19389  41.832  -52.423  -26.478 0.0000000000
22026  39.535  -49.367  -19.202 0.0000000000
22912  42.272  -48.157  -22.177 0.0000000000
22925  43.975  -47.763  -22.724 0.0000000000
21140  45.779  -50.576  -22.618 0.0000000000
22923  45.855  -48.350  -23.399 0.0000000000
23822  45.194  -46.655  -23.946 0.0000000000
22964  46.059  -47.797  -25.031 0.0000000000
22087  44.568  -49.222  -25.386 0.0000000000
20279  44.245  -51.766  -25.868 0.0000000000
18518  49.063  -53.635  -26.066 0.0000000000
19384  47.374  -52.701  -26.449 0.0000000000
19401  45.435  -52.974  -26.937 0.0000000000
19402  44.320  -53.034  -26.981 0.0000000000
23737  35.299  -47.405  -16.716 0.0000000000
22880  37.028  -48.684  -17.622 0.0000000000
21985  38.282  -49.353  -16.828 0.0000000000
22001  38.639  -49.356  -17.697 0.0000000000
125853  41.211  -49.514  -17.916 0.0000000000
22015  42.862  -49.681  -18.091 0.0000000000
22013  44.650  -50.172  -18.393 0.0000000000
21103  45.047  -50.190  -17.348 0.0000000000
21112  46.044  -50.795  -18.223 0.0000000000
27582  39.742  -43.985  -21.926 0.0000000000
23762  36.999  -47.893  -18.914 0.0000000000
23773  36.754  -47.084  -19.255 0.0000000000
23772  37.479  -47.468  -19.615 0.0000000000
20264  42.994  -51.046  -25.519 0.0000000000
21167  41.964  -50.159  -25.039 0.0000000000
138937  44.113  -50.355  -19.816 0.0000000000
21121  43.677  -50.401  -20.758 0.0000000000
21120  44.564  -50.620  -20.528 0.0000000000
20251  49.381  -52.355  -24.631 0.0000000000
21148  48.491  -50.769  -24.662 0.0000000000
20252  49.037  -51.514  -24.802 0.0000000000
21163  48.100  -50.252  -24.953 0.0000000000
20258  49.065  -51.607  -25.077 0.0000000000
17653  47.807  -55.377  -29.411 0.0000000000
21964  41.791  -49.641  -15.478 0.0000000000
24695  42.442  -45.943  -22.427 0.0000000000
24696  41.823  -45.641  -22.226 0.0000000000
25625  42.247  -45.228  -22.680 0.0000000000
123239  37.464  -41.737  -23.235 0.0000000000
20222  47.734  -52.046  -20.142 0.0000000000
19319  48.029  -52.549  -19.757 0.0000000000
17551  48.477  -54.681  -21.367 0.0000000000
18455  49.124  -53.985  -21.289 0.0000000000
18454  49.339  -54.350  -21.955 0.0000000000
18468  49.441  -54.160  -22.670 0.0000000000
17550  49.273  -54.837  -22.457 0.0000000000
23837  43.896  -46.477  -24.728 0.0000000000
139999  43.270  -46.101  -24.488 0.0000000000
23838  42.923  -46.915  -24.826 0.0000000000
23840  40.592  -47.416  -24.124 0.0000000000
24741  38.838  -46.877  -23.941 0.0000000000
24732  38.335  -45.937  -23.747 0.0000000000
22025  40.707  -49.568  -19.573 0.0000000000
22034  39.949  -49.317  -20.053 0.0000000000
22033  40.717  -49.455  -20.374 0.0000000000
22054  42.959  -48.653  -22.350 0.0000000000
21124  46.194  -51.405  -22.132 0.0000000000
21139  46.724  -50.550  -23.174 0.0000000000
22066  47.023  -48.734  -24.261 0.0000000000
22051  46.508  -49.253  -23.533 0.0000000000
22067  46.606  -48.227  -23.984 0.0000000000
23805  45.624  -47.242  -23.667 0.0000000000
23835  45.816  -47.057  -24.262 0.0000000000
22951  45.694  -47.116  -24.735 0.0000000000
22949  46.652  -48.209  -24.741 0.0000000000
134164  46.713  -50.825  -25.482 0.0000000000
134034  45.385  -49.497  -25.429 0.0000000000
140439  45.288  -50.356  -25.470 0.0000000000
20262  44.753  -51.062  -25.545 0.0000000000
20278  45.100  -51.752  -25.808 0.0000000000
132211  45.194  -55.641  -26.432 0.0000000000
16763  48.032  -55.476  -28.167 0.0000000000
132160  48.073  -55.344  -27.188 0.0000000000
16751  48.624  -54.813  -26.750 0.0000000000
135716  48.685  -54.131  -27.211 0.0000000000
19383  48.433  -52.947  -26.403 0.0000000000
18525  48.543  -53.815  -27.236 0.0000000000
130084  46.414  -53.959  -28.677 0.0000000000
19400  46.666  -53.180  -27.161 0.0000000000
18528  45.969  -53.530  -27.846 0.0000000000
18529  44.860  -53.452  -27.733 0.0000000000
24616  34.841  -47.151  -16.005 0.0000000000
140585  35.752  -48.034  -16.646 0.0000000000
23745  35.810  -47.736  -17.372 0.0000000000
22863  36.416  -48.474  -16.990 0.0000000000
21983  39.643  -49.505  -16.346 0.0000000000
21967  38.577  -49.449  -15.712 0.0000000000
119351  39.151  -49.486  -16.998 0.0000000000
131759  39.468  -49.484  -17.745 0.0000000000
22018  39.737  -49.487  -18.401 0.0000000000
125930  40.282  -49.505  -17.824 0.0000000000
21997  42.919  -49.583  -17.112 0.0000000000
127486  42.097  -49.538  -17.554 0.0000000000
22014  43.863  -49.924  -18.275 0.0000000000
21086  45.448  -50.797  -16.525 0.0000000000
131948  45.634  -50.670  -17.498 0.0000000000
138988  45.082  -50.244  -17.856 0.0000000000
137866  40.894  -44.704  -22.822 0.0000000000
26590  40.729  -44.569  -22.393 0.0000000000
132414  40.168  -44.243  -22.174 0.0000000000
133460  37.596  -41.680  -21.679 0.0000000000
123689  42.977  -48.676  -25.071 0.0000000000
22953  42.653  -47.963  -24.931 0.0000000000
22031  42.284  -50.060  -20.010 0.0000000000
22032  41.384  -49.723  -20.425 0.0000000000
118415  42.831  -50.190  -20.986 0.0000000000
22037  44.038  -50.068  -22.241 0.0000000000
20232  47.830  -51.900  -22.864 0.0000000000
21138  47.517  -50.795  -23.555 0.0000000000
20245  48.274  -51.107  -23.922 0.0000000000
21149  47.849  -50.201  -24.412 0.0000000000
22073  47.059  -48.751  -24.621 0.0000000000
22085  47.081  -48.923  -24.980 0.0000000000
22084  47.488  -49.523  -24.772 0.0000000000
20260  47.814  -50.817  -25.359 0.0000000000
20277  47.038  -51.828  -25.804 0.0000000000
18526  48.219  -53.984  -27.885 0.0000000000
17646  48.004  -54.959  -29.046 0.0000000000
18544  47.348  -54.359  -28.911 0.0000000000
21982  40.443  -49.515  -16.339 0.0000000000
21999  40.803  -49.487  -17.106 0.0000000000
21981  41.376  -49.517  -16.331 0.0000000000
121230  42.156  -49.550  -16.056 0.0000000000
21980  42.871  -49.579  -16.267 0.0000000000
134233  40.010  -44.913  -21.352 0.0000000000
26583  40.038  -44.400  -21.555 0.0000000000
26592  38.301  -43.852  -22.775 0.0000000000
27591  37.902  -43.179  -22.664 0.0000000000
138724  37.570  -42.917  -23.328 0.0000000000
120765  37.457  -41.507  -22.476 0.0000000000
21114  46.128  -50.987  -19.773 0.0000000000
21119  45.347  -50.978  -20.753 0.0000000000
20223  46.935  -51.820  -21.095 0.0000000000
122086  47.697  -52.240  -21.411 0.0000000000
19332  48.853  -53.255  -21.029 0.0000000000
19347  48.373  -52.657  -21.865 0.0000000000
20231  48.641  -52.219  -23.278 0.0000000000
19358  49.417  -52.899  -23.885 0.0000000000
24728  43.852  -45.770  -23.764 0.0000000000
25634  42.624  -45.129  -23.066 0.0000000000
25657  42.833  -45.268  -23.490 0.0000000000
25649  42.231  -45.207  -23.609 0.0000000000
25650  40.278  -45.189  -23.175 0.0000000000
136429  41.416  -47.263  -24.385 0.0000000000
23823  40.445  -46.690  -23.877 0.0000000000
25651  39.046  -45.206  -23.106 0.0000000000
26606  37.842  -44.509  -23.506 0.0000000000
133714  37.430  -42.984  -23.922 0.0000000000
20281  42.103  -51.912  -25.971 0.0000000000
22027  38.667  -48.998  -19.200 0.0000000000
22903  38.538  -48.486  -19.751 0.0000000000
22902  39.155  -48.896  -19.892 0.0000000000
22926  43.147  -47.401  -22.500 0.0000000000
23807  44.002  -46.558  -23.005 0.0000000000
22052  44.743  -49.428  -22.715 0.0000000000
121966  45.495  -49.699  -22.928 0.0000000000
22924  44.903  -48.040  -22.974 0.0000000000
23806  44.839  -46.886  -23.325 0.0000000000
24727  44.437  -46.222  -23.627 0.0000000000
24737  44.549  -46.282  -24.193 0.0000000000
23836  44.882  -46.797  -24.786 0.0000000000
22965  44.958  -47.874  -25.242 0.0000000000
22086  46.299  -48.654  -25.220 0.0000000000
135190  45.479  -48.562  -25.347 0.0000000000
22088  43.744  -48.876  -25.248 0.0000000000
21166  43.576  -50.094  -25.286 0.0000000000
20263  43.893  -51.031  -25.515 0.0000000000
20280  43.380  -51.742  -25.858 0.0000000000
17600  49.237  -54.325  -24.201 0.0000000000
16765  45.911  -55.512  -27.032 0.0000000000
17631  49.126  -53.977  -25.879 0.0000000000
18510  49.325  -53.368  -25.476 0.0000000000
135656  49.009  -52.850  -25.928 0.0000000000
20276  48.073  -51.981  -25.686 0.0000000000
19399  47.834  -53.431  -27.261 0.0000000000
19385  46.292  -52.517  -26.364 0.0000000000
143086  45.466  -52.319  -26.186 0.0000000000
19387  43.784  -52.397  -26.387 0.0000000000
19388  42.788  -52.317  -26.338 0.0000000000
19403  43.358  -52.999  -26.978 0.0000000000
25570  34.619  -45.840  -16.834 0.0000000000
135621  34.849  -46.675  -16.722 0.0000000000
24641  35.264  -46.871  -17.461 0.0000000000
23764  35.866  -47.277  -18.153 0.0000000000
22898  36.498  -48.069  -18.055 0.0000000000
22897  37.344  -48.560  -18.355 0.0000000000
119294  38.067  -49.450  -15.123 0.0000000000
22849  36.826  -48.932  -16.085 0.0000000000
22862  37.336  -49.025  -16.880 0.0000000000
22879  37.783  -49.073  -17.657 0.0000000000
22896  38.188  -49.024  -18.452 0.0000000000
22019  39.004  -49.373  -18.477 0.0000000000
22017  40.427  -49.528  -18.722 0.0000000000
22016  41.329  -49.602  -18.821 0.0000000000
134737  41.938  -49.607  -18.262 0.0000000000
130139  42.166  -49.818  -18.947 0.0000000000
22023  43.113  -50.016  -19.003 0.0000000000
22022  44.025  -50.166  -19.053 0.0000000000
21116  44.889  -50.398  -19.213 0.0000000000
125445  44.541  -49.989  -17.698 0.0000000000
21113  45.402  -50.435  -18.342 0.0000000000
21115  45.921  -50.701  -18.961 0.0000000000
25635  41.891  -44.978  -22.734 0.0000000000
137446  40.385  -44.320  -21.961 0.0000000000
27583  39.746  -44.110  -21.620 0.0000000000
28681  38.358  -43.091  -21.746 0.0000000000
28671  37.963  -42.515  -21.271 0.0000000000
16674  49.006  -54.744  -21.727 0.0000000000
16690  48.915  -55.422  -22.500 0.0000000000
16766  44.808  -55.509  -27.157 0.0000000000
16786  47.762  -55.784  -29.473 0.0000000000
17531  48.766  -54.235  -21.011 0.0000000000
18418  48.164  -53.055  -19.727 0.0000000000
18469  49.360  -53.820  -22.035 0.0000000000
18485  49.443  -53.700  -23.713 0.0000000000
18519  48.841  -53.547  -26.483 0.0000000000
18542  48.449  -54.369  -27.852 0.0000000000
18543  48.071  -54.419  -28.446 0.0000000000
19345  49.392  -53.447  -22.940 0.0000000000
19346  49.070  -53.164  -22.234 0.0000000000
19359  49.201  -52.818  -23.308 0.0000000000
19376  49.186  -53.091  -25.794 0.0000000000
19377  49.208  -52.410  -25.409 0.0000000000
19386  44.700  -52.422  -26.351 0.0000000000
19404  42.423  -52.941  -27.008 0.0000000000
20244  49.135  -52.168  -24.134 0.0000000000
20257  49.349  -52.150  -25.065 0.0000000000
20259  48.617  -51.104  -25.153 0.0000000000
20261  45.652  -50.973  -25.529 0.0000000000
21125  45.513  -51.157  -21.802 0.0000000000
21155  48.604  -50.831  -24.906 0.0000000000
21164  46.329  -49.810  -25.371 0.0000000000
21165  44.536  -50.248  -25.420 0.0000000000
21984  38.899  -49.464  -16.293 0.0000000000
21998  42.141  -49.517  -16.749 0.0000000000
22065  47.448  -49.398  -24.550 0.0000000000
22941  46.279  -47.592  -24.044 0.0000000000
22950  46.223  -47.581  -24.517 0.0000000000
22954  41.707  -48.431  -24.665 0.0000000000
23789  42.388  -46.993  -22.275 0.0000000000
23808  43.211  -46.216  -22.687 0.0000000000
23839  41.975  -47.567  -24.659 0.0000000000
23841  39.665  -47.324  -23.948 0.0000000000
24712  42.999  -45.453  -22.930 0.0000000000
24729  43.351  -45.497  -23.796 0.0000000000
24730  41.175  -45.640  -23.680 0.0000000000
24731  41.341  -46.512  -24.133 0.0000000000
24739  42.943  -45.523  -24.074 0.0000000000
24740  42.289  -46.469  -24.478 0.0000000000
25627  40.711  -44.802  -21.768 0.0000000000
25633  43.245  -45.436  -23.411 0.0000000000
25652  38.269  -45.117  -23.458 0.0000000000
25658  37.716  -45.306  -24.052 0.0000000000
26576  38.572  -43.710  -20.847 0.0000000000
26582  41.110  -44.770  -22.332 0.0000000000
26589  41.409  -44.835  -22.742 0.0000000000
26591  39.433  -44.025  -22.300 0.0000000000
26603  41.468  -44.920  -23.196 0.0000000000
26605  38.788  -44.476  -22.854 0.0000000000
27584  39.142  -43.737  -21.612 0.0000000000
27590  38.902  -43.566  -22.066 0.0000000000
28703  37.520  -42.444  -23.468 0.0000000000
30847  37.478  -40.881  -22.924 0.0000000000
127327  47.366  -54.931  -29.579 0.0000000000
127886  48.370  -55.149  -27.523 0.0000000000
132976  39.793  -46.332  -23.631 0.0000000000
133911  42.646  -50.431  -25.261 0.0000000000
134307  49.355  -52.723  -25.351 0.0000000000
135347  38.393  -49.408  -16.213 0.0000000000
136702  45.311  -46.791  -24.395 0.0000000000
140212  34.868  -46.357  -17.178 0.0000000000
140344  40.133  -49.487  -19.396 0.0000000000
140867  43.318  -47.217  -24.990 0.0000000000
141074  41.048  -49.662  -20.010 0.0000000000
143292  39.665  -44.224  -21.403 0.0000000000
