#!ascii label  , from subject sub-s011 vox2ras=TkReg
324
81786  29.226  14.414  -26.385 0.0000000000
72875  26.424  4.523  -27.650 0.0000000000
86703  27.388  20.801  -26.277 0.0000000000
95733  27.067  31.715  -30.139 0.0000000000
71044  23.779  3.009  -27.195 0.0000000000
89227  29.710  23.699  -24.867 0.0000000000
92490  30.432  27.031  -25.713 0.0000000000
80011  26.149  12.173  -27.039 0.0000000000
78102  27.779  9.834  -26.866 0.0000000000
143198  29.523  11.098  -27.977 0.0000000000
83503  31.667  16.029  -27.004 0.0000000000
80948  30.744  13.904  -30.881 0.0000000000
129374  28.137  17.058  -26.115 0.0000000000
85876  31.270  19.799  -25.373 0.0000000000
94220  27.294  29.435  -28.402 0.0000000000
94967  30.327  30.792  -26.850 0.0000000000
74643  27.793  6.573  -28.260 0.0000000000
90096  28.288  25.137  -25.903 0.0000000000
92500  28.847  27.527  -26.245 0.0000000000
130859  27.581  13.790  -26.524 0.0000000000
119856  28.454  12.105  -26.597 0.0000000000
134828  29.820  13.114  -26.873 0.0000000000
71983  25.408  3.489  -27.536 0.0000000000
133209  27.435  18.963  -26.460 0.0000000000
85080  29.967  18.161  -25.473 0.0000000000
86681  28.754  20.218  -25.543 0.0000000000
90879  31.331  25.200  -25.516 0.0000000000
122340  31.284  22.947  -25.202 0.0000000000
141670  25.011  30.930  -30.566 0.0000000000
129080  26.038  29.068  -29.126 0.0000000000
95719  27.617  31.145  -29.240 0.0000000000
98216  31.505  35.637  -29.425 0.0000000000
97629  32.119  33.969  -28.993 0.0000000000
96446  30.892  32.338  -27.626 0.0000000000
96454  32.181  32.481  -28.450 0.0000000000
94966  31.945  30.732  -27.378 0.0000000000
77159  28.417  8.651  -28.401 0.0000000000
76253  27.277  7.920  -26.964 0.0000000000
71026  23.244  2.466  -26.808 0.0000000000
87508  28.548  21.756  -25.415 0.0000000000
137847  28.282  23.828  -25.656 0.0000000000
90867  30.285  25.436  -25.364 0.0000000000
131656  31.657  27.321  -26.036 0.0000000000
77162  25.387  9.697  -27.359 0.0000000000
134824  26.874  10.837  -26.587 0.0000000000
129268  28.438  10.254  -27.183 0.0000000000
142133  29.230  10.227  -29.643 0.0000000000
82699  31.067  15.179  -26.773 0.0000000000
81812  30.924  13.988  -27.716 0.0000000000
81822  31.340  14.704  -29.214 0.0000000000
81801  27.091  14.589  -26.675 0.0000000000
83506  26.443  16.165  -27.594 0.0000000000
124977  28.812  15.909  -26.007 0.0000000000
83488  30.701  16.562  -25.897 0.0000000000
84288  31.293  17.430  -25.807 0.0000000000
85077  32.271  19.306  -26.384 0.0000000000
141591  30.337  21.624  -25.052 0.0000000000
138374  32.212  20.833  -25.964 0.0000000000
93380  26.935  28.116  -27.962 0.0000000000
96458  28.411  32.627  -29.058 0.0000000000
95717  29.211  31.849  -27.913 0.0000000000
94969  28.607  30.295  -27.466 0.0000000000
93362  28.605  28.357  -26.670 0.0000000000
94189  30.708  29.367  -26.406 0.0000000000
93358  32.095  28.669  -26.794 0.0000000000
123762  24.905  5.855  -27.281 0.0000000000
76255  26.068  8.463  -26.657 0.0000000000
80054  30.077  12.352  -29.767 0.0000000000
79088  29.235  10.916  -31.458 0.0000000000
91682  27.694  26.243  -26.619 0.0000000000
92501  27.976  27.064  -26.667 0.0000000000
132126  28.582  13.664  -26.452 0.0000000000
80892  29.056  12.772  -26.614 0.0000000000
80913  29.386  13.560  -26.576 0.0000000000
69118  22.846  0.865  -26.345 0.0000000000
72876  25.524  4.362  -27.530 0.0000000000
129785  27.412  20.025  -26.356 0.0000000000
85877  28.456  19.437  -25.783 0.0000000000
86702  27.936  20.131  -25.933 0.0000000000
90878  32.189  25.992  -26.358 0.0000000000
90095  31.689  24.548  -25.725 0.0000000000
95734  26.149  31.631  -30.610 0.0000000000
94998  24.966  30.569  -30.497 0.0000000000
94985  26.275  30.160  -29.559 0.0000000000
97030  32.223  33.174  -28.743 0.0000000000
95716  32.407  31.838  -28.637 0.0000000000
77186  28.621  8.607  -29.731 0.0000000000
76284  28.492  7.921  -29.176 0.0000000000
72878  23.231  4.624  -27.374 0.0000000000
88433  27.518  22.684  -26.145 0.0000000000
89242  27.340  23.318  -26.314 0.0000000000
127630  29.397  25.998  -25.656 0.0000000000
90083  29.069  25.097  -25.499 0.0000000000
91668  30.344  26.346  -25.581 0.0000000000
90866  31.066  25.992  -25.520 0.0000000000
91667  31.130  26.751  -25.650 0.0000000000
96482  25.582  32.654  -30.816 0.0000000000
79029  26.207  11.310  -26.921 0.0000000000
79993  27.050  11.646  -26.547 0.0000000000
79028  29.413  11.534  -27.411 0.0000000000
78082  28.651  11.216  -26.830 0.0000000000
78101  29.117  10.799  -27.499 0.0000000000
78100  29.232  10.389  -28.526 0.0000000000
79042  29.561  10.985  -28.878 0.0000000000
70105  23.905  1.954  -27.017 0.0000000000
82698  31.465  15.252  -27.598 0.0000000000
82708  31.522  15.305  -28.622 0.0000000000
81802  26.400  14.599  -27.319 0.0000000000
84292  26.939  17.614  -26.843 0.0000000000
84291  27.514  17.308  -26.464 0.0000000000
127178  27.797  16.306  -26.283 0.0000000000
83490  28.740  16.584  -25.912 0.0000000000
126155  29.679  16.118  -25.936 0.0000000000
83489  29.595  16.915  -25.733 0.0000000000
85054  30.192  18.847  -25.386 0.0000000000
85079  30.955  18.170  -25.464 0.0000000000
124087  31.211  19.038  -25.412 0.0000000000
85078  31.778  18.430  -25.868 0.0000000000
85875  31.838  19.504  -25.720 0.0000000000
88417  28.907  22.430  -25.197 0.0000000000
87507  29.592  21.843  -25.050 0.0000000000
88415  30.591  22.262  -24.986 0.0000000000
88414  31.537  22.129  -25.407 0.0000000000
119242  32.391  20.834  -26.605 0.0000000000
94221  26.538  29.575  -29.041 0.0000000000
93398  26.001  28.286  -28.814 0.0000000000
93397  26.738  28.870  -28.592 0.0000000000
93379  27.342  28.817  -28.005 0.0000000000
98206  31.025  35.078  -28.887 0.0000000000
98217  30.605  35.799  -29.270 0.0000000000
141147  29.734  33.678  -28.514 0.0000000000
96457  29.365  32.683  -28.317 0.0000000000
95704  30.608  31.562  -27.230 0.0000000000
95705  29.741  31.387  -27.280 0.0000000000
94968  29.415  30.568  -27.043 0.0000000000
94204  29.039  29.703  -26.806 0.0000000000
94960  30.038  29.966  -26.640 0.0000000000
94190  29.790  29.137  -26.435 0.0000000000
94959  30.904  30.160  -26.600 0.0000000000
94965  32.459  30.360  -27.964 0.0000000000
94188  31.911  29.462  -26.820 0.0000000000
94202  32.365  29.389  -27.502 0.0000000000
93377  32.412  28.443  -27.429 0.0000000000
74631  24.481  6.439  -27.337 0.0000000000
77161  26.101  9.800  -26.835 0.0000000000
77140  25.745  9.133  -26.820 0.0000000000
77139  26.527  9.143  -26.620 0.0000000000
124126  27.628  7.311  -27.805 0.0000000000
75423  26.972  6.970  -27.264 0.0000000000
74629  26.312  6.300  -27.238 0.0000000000
81823  31.008  13.799  -28.933 0.0000000000
130082  30.569  12.978  -29.103 0.0000000000
80936  30.540  13.162  -30.140 0.0000000000
90097  27.645  24.789  -26.315 0.0000000000
90880  28.022  25.645  -26.246 0.0000000000
91681  28.565  26.452  -26.102 0.0000000000
91669  29.571  26.852  -25.803 0.0000000000
80893  27.137  13.109  -26.654 0.0000000000
79992  27.595  12.328  -26.534 0.0000000000
125574  28.076  12.961  -26.490 0.0000000000
80009  29.608  12.299  -27.187 0.0000000000
71984  24.645  3.287  -27.414 0.0000000000
70103  25.455  2.089  -27.377 0.0000000000
126574  25.915  2.864  -27.555 0.0000000000
70102  26.302  2.231  -27.236 0.0000000000
131478  31.898  16.733  -27.812 0.0000000000
83522  31.598  15.924  -29.050 0.0000000000
85082  27.341  18.210  -26.518 0.0000000000
84266  29.187  17.763  -25.651 0.0000000000
85081  28.084  18.683  -26.068 0.0000000000
85856  29.431  19.526  -25.484 0.0000000000
85855  30.468  19.653  -25.295 0.0000000000
123506  30.547  24.047  -24.923 0.0000000000
89226  30.511  23.240  -24.855 0.0000000000
135365  31.102  23.647  -25.096 0.0000000000
89225  31.759  23.652  -25.693 0.0000000000
94984  27.244  30.242  -28.966 0.0000000000
97641  31.839  34.835  -29.174 0.0000000000
97630  31.367  34.298  -28.654 0.0000000000
96456  30.364  32.959  -28.006 0.0000000000
96445  31.653  32.410  -27.958 0.0000000000
95703  31.557  31.614  -27.531 0.0000000000
95697  31.180  30.870  -26.959 0.0000000000
95702  32.309  31.272  -28.000 0.0000000000
94982  32.556  31.056  -28.710 0.0000000000
77160  28.186  9.237  -27.405 0.0000000000
77138  27.428  8.948  -26.786 0.0000000000
76270  27.957  8.132  -27.830 0.0000000000
76285  28.194  7.296  -28.735 0.0000000000
70085  23.051  1.763  -26.627 0.0000000000
71045  22.904  3.111  -26.781 0.0000000000
71985  23.145  3.822  -27.203 0.0000000000
118674  24.039  4.029  -27.334 0.0000000000
119077  24.864  3.968  -27.433 0.0000000000
72877  24.689  4.642  -27.417 0.0000000000
87531  27.042  21.517  -26.498 0.0000000000
86682  28.145  20.936  -25.622 0.0000000000
87509  27.659  21.794  -26.014 0.0000000000
88418  28.190  22.533  -25.661 0.0000000000
89228  28.761  23.248  -25.301 0.0000000000
90084  28.276  24.496  -25.763 0.0000000000
122641  28.957  24.168  -25.310 0.0000000000
90082  29.884  24.556  -25.078 0.0000000000
90081  30.689  24.717  -25.202 0.0000000000
91680  31.701  26.187  -25.868 0.0000000000
91679  32.151  26.752  -26.410 0.0000000000
95745  25.196  31.385  -30.485 0.0000000000
95744  25.662  31.898  -30.760 0.0000000000
96473  26.317  32.364  -30.651 0.0000000000
78103  26.214  10.522  -26.847 0.0000000000
78084  27.010  9.969  -26.578 0.0000000000
79017  27.953  11.588  -26.547 0.0000000000
78083  27.747  10.746  -26.637 0.0000000000
122975  28.752  9.623  -28.193 0.0000000000
77206  28.846  8.941  -30.575 0.0000000000
81785  30.244  14.746  -26.532 0.0000000000
81800  30.040  13.904  -26.658 0.0000000000
81798  31.136  14.638  -27.348 0.0000000000
81811  31.299  14.593  -28.207 0.0000000000
121599  31.119  14.186  -29.985 0.0000000000
82716  31.460  15.439  -29.513 0.0000000000
81833  31.146  14.776  -30.636 0.0000000000
80914  26.709  13.868  -26.853 0.0000000000
81787  28.042  14.518  -26.364 0.0000000000
83505  26.976  16.017  -26.816 0.0000000000
82689  28.450  15.297  -26.193 0.0000000000
82688  29.514  15.328  -26.215 0.0000000000
83504  31.156  15.989  -26.399 0.0000000000
83487  31.488  16.697  -26.331 0.0000000000
84289  30.384  17.460  -25.595 0.0000000000
131623  31.890  16.850  -26.910 0.0000000000
84287  31.875  17.508  -26.424 0.0000000000
85097  32.294  18.418  -27.013 0.0000000000
123087  29.125  21.019  -25.299 0.0000000000
86680  29.762  20.317  -25.298 0.0000000000
86679  30.764  20.430  -25.204 0.0000000000
130848  31.054  21.330  -25.183 0.0000000000
136190  31.705  20.472  -25.557 0.0000000000
86701  32.267  20.149  -26.102 0.0000000000
92514  26.913  27.315  -27.709 0.0000000000
97033  27.988  33.294  -29.498 0.0000000000
96471  27.478  32.505  -29.884 0.0000000000
95732  27.972  31.920  -29.251 0.0000000000
95718  28.441  31.462  -28.491 0.0000000000
94983  28.145  30.684  -28.328 0.0000000000
96447  30.064  32.187  -27.592 0.0000000000
95706  28.897  31.083  -27.654 0.0000000000
94970  27.886  29.945  -27.993 0.0000000000
94206  27.861  29.223  -27.669 0.0000000000
93378  27.857  28.411  -27.358 0.0000000000
92512  28.156  27.791  -26.823 0.0000000000
92499  29.961  27.636  -25.967 0.0000000000
141922  31.353  29.603  -26.566 0.0000000000
93359  31.476  28.824  -26.395 0.0000000000
134114  31.357  28.069  -26.043 0.0000000000
92497  31.800  28.113  -26.379 0.0000000000
92496  32.209  27.710  -26.733 0.0000000000
73762  24.569  5.284  -27.395 0.0000000000
121895  25.886  5.038  -27.524 0.0000000000
75425  25.584  7.661  -26.845 0.0000000000
76254  26.782  8.459  -26.644 0.0000000000
75410  26.481  7.760  -26.709 0.0000000000
74630  25.413  6.632  -27.039 0.0000000000
73761  25.701  5.741  -27.308 0.0000000000
80912  30.423  13.519  -27.198 0.0000000000
80008  30.162  12.723  -27.600 0.0000000000
124988  29.810  11.658  -29.328 0.0000000000
80073  29.749  12.248  -30.867 0.0000000000
80055  29.530  11.566  -30.551 0.0000000000
79067  29.345  10.711  -30.301 0.0000000000
71042  25.218  2.823  -27.493 0.0000000000
71043  24.617  2.471  -27.335 0.0000000000
78104  25.570  10.874  -27.495 0.0000000000
78120  28.847  9.470  -29.740 0.0000000000
80010  29.085  11.862  -26.878 0.0000000000
80031  30.278  12.440  -28.595 0.0000000000
80032  29.875  11.795  -28.044 0.0000000000
80927  30.644  13.210  -28.118 0.0000000000
80963  30.458  13.858  -31.640 0.0000000000
81799  30.696  14.297  -26.919 0.0000000000
82687  30.449  15.636  -26.299 0.0000000000
82700  27.455  15.357  -26.505 0.0000000000
82724  31.324  15.538  -30.314 0.0000000000
83466  28.708  17.219  -25.842 0.0000000000
83513  31.719  15.969  -28.164 0.0000000000
84290  28.175  17.790  -26.053 0.0000000000
84308  32.108  17.500  -27.425 0.0000000000
85055  29.096  18.660  -25.627 0.0000000000
85083  26.631  18.211  -27.051 0.0000000000
85878  27.733  19.458  -26.224 0.0000000000
85879  27.125  19.528  -26.575 0.0000000000
87506  30.109  21.084  -25.110 0.0000000000
87530  31.907  21.382  -25.672 0.0000000000
88413  31.863  22.745  -25.683 0.0000000000
88416  29.658  22.787  -24.872 0.0000000000
88432  32.150  22.111  -25.898 0.0000000000
89229  27.927  23.264  -25.853 0.0000000000
90080  31.221  24.304  -25.308 0.0000000000
90868  28.642  25.688  -25.839 0.0000000000
90881  27.349  25.521  -26.667 0.0000000000
92498  30.930  27.570  -25.777 0.0000000000
92513  27.520  27.567  -27.286 0.0000000000
93360  30.558  28.438  -26.123 0.0000000000
93361  29.435  28.348  -26.290 0.0000000000
94191  29.027  28.941  -26.574 0.0000000000
94203  32.120  30.037  -27.253 0.0000000000
94205  28.461  29.049  -27.040 0.0000000000
94958  31.609  30.160  -26.851 0.0000000000
95007  25.445  31.109  -30.581 0.0000000000
96444  32.097  31.935  -28.082 0.0000000000
96455  31.833  32.934  -28.306 0.0000000000
97032  30.776  33.700  -28.278 0.0000000000
119528  25.198  5.172  -27.412 0.0000000000
125597  28.374  29.644  -27.374 0.0000000000
129981  27.718  23.949  -26.060 0.0000000000
138021  32.045  25.201  -26.077 0.0000000000
139643  31.323  14.931  -29.949 0.0000000000
140182  26.805  12.498  -26.685 0.0000000000
141158  29.111  11.343  -27.081 0.0000000000
141388  28.581  18.228  -25.812 0.0000000000
141808  28.866  33.268  -28.897 0.0000000000
142756  25.139  9.127  -27.322 0.0000000000
142777  25.630  10.252  -27.301 0.0000000000
143397  32.046  24.354  -26.107 0.0000000000
