#!ascii label  , from subject sub-p018 vox2ras=TkReg
414
18650  32.240  -50.844  -1.760 0.0000000000
17928  34.704  -51.917  -18.036 0.0000000000
13634  31.994  -56.351  -7.262 0.0000000000
16983  29.928  -52.135  -10.304 0.0000000000
15350  38.529  -54.771  -13.015 0.0000000000
13665  34.243  -56.751  -11.862 0.0000000000
13661  40.465  -56.986  -11.848 0.0000000000
17014  31.896  -52.022  -14.047 0.0000000000
123681  28.079  -48.554  -11.138 0.0000000000
16080  29.658  -53.613  -3.772 0.0000000000
15329  30.659  -54.359  -9.026 0.0000000000
15355  33.502  -54.051  -12.460 0.0000000000
16194  36.796  -53.526  -15.555 0.0000000000
16204  42.041  -54.075  -16.000 0.0000000000
16079  36.914  -52.823  -3.137 0.0000000000
16044  31.726  -53.426  -0.226 0.0000000000
13570  30.339  -56.379  -3.149 0.0000000000
20408  28.361  -48.367  -6.137 0.0000000000
11914  37.941  -58.552  -11.048 0.0000000000
17920  32.438  -51.649  -16.417 0.0000000000
18800  30.247  -50.480  -14.567 0.0000000000
14480  30.674  -54.851  -5.553 0.0000000000
14505  31.491  -55.710  -8.649 0.0000000000
14537  36.438  -55.625  -12.590 0.0000000000
14539  34.638  -55.163  -12.493 0.0000000000
15369  36.074  -54.081  -13.303 0.0000000000
16184  34.856  -53.284  -14.172 0.0000000000
133931  38.019  -53.750  -14.496 0.0000000000
16223  40.363  -53.487  -17.187 0.0000000000
15223  31.321  -55.035  0.307 0.0000000000
15240  30.064  -54.639  -0.755 0.0000000000
13533  29.820  -56.194  -0.706 0.0000000000
135159  28.882  -51.725  -7.959 0.0000000000
18744  28.538  -50.340  -8.528 0.0000000000
22332  27.473  -46.229  -10.634 0.0000000000
133765  27.711  -46.334  -8.344 0.0000000000
11892  33.698  -58.472  -9.201 0.0000000000
12722  32.670  -57.020  -10.193 0.0000000000
12736  34.828  -58.450  -11.158 0.0000000000
12750  37.680  -57.074  -11.884 0.0000000000
13674  39.377  -56.222  -12.172 0.0000000000
16998  30.924  -52.069  -12.047 0.0000000000
18771  29.298  -50.642  -10.781 0.0000000000
18786  29.612  -50.328  -12.794 0.0000000000
20477  28.406  -48.563  -12.616 0.0000000000
18850  36.077  -50.532  -18.480 0.0000000000
17757  30.126  -52.181  -1.805 0.0000000000
16955  29.485  -52.943  -7.506 0.0000000000
16148  30.551  -53.288  -10.158 0.0000000000
13655  32.672  -56.352  -10.875 0.0000000000
15343  32.353  -54.295  -11.551 0.0000000000
16154  31.373  -53.270  -11.284 0.0000000000
16174  32.859  -52.856  -13.080 0.0000000000
17011  34.252  -52.991  -14.869 0.0000000000
17025  35.548  -53.203  -17.027 0.0000000000
15379  40.268  -54.272  -14.040 0.0000000000
139953  39.510  -53.703  -15.700 0.0000000000
16225  38.326  -53.307  -17.430 0.0000000000
17057  37.069  -52.189  -18.307 0.0000000000
16920  36.967  -52.181  -4.542 0.0000000000
16899  34.826  -51.963  -2.006 0.0000000000
16059  34.838  -53.148  -0.991 0.0000000000
16886  31.599  -52.149  -0.863 0.0000000000
16046  30.247  -53.264  -1.202 0.0000000000
134403  30.048  -54.790  -3.504 0.0000000000
13608  31.675  -56.146  -5.334 0.0000000000
129065  31.932  -57.070  -4.486 0.0000000000
12681  33.016  -57.525  -6.269 0.0000000000
20434  27.957  -48.594  -8.844 0.0000000000
18649  32.956  -50.723  -1.993 0.0000000000
18662  33.290  -50.368  -2.593 0.0000000000
18663  32.455  -50.316  -2.284 0.0000000000
17929  33.749  -51.764  -17.602 0.0000000000
17921  31.792  -50.994  -16.357 0.0000000000
14491  31.559  -55.822  -6.814 0.0000000000
14501  31.074  -55.230  -7.369 0.0000000000
13641  31.900  -56.301  -8.147 0.0000000000
14536  37.999  -55.335  -12.679 0.0000000000
15352  36.238  -54.825  -12.871 0.0000000000
15368  36.956  -54.446  -13.227 0.0000000000
139013  36.908  -54.007  -13.604 0.0000000000
16168  38.385  -53.994  -13.957 0.0000000000
17034  43.650  -53.455  -17.783 0.0000000000
14376  30.687  -55.533  0.137 0.0000000000
16973  29.495  -52.277  -9.183 0.0000000000
17848  28.782  -51.223  -8.324 0.0000000000
17859  28.834  -50.817  -9.211 0.0000000000
23261  27.531  -45.433  -9.593 0.0000000000
11905  33.762  -58.361  -10.137 0.0000000000
11903  35.379  -59.233  -10.582 0.0000000000
12733  38.615  -57.835  -11.299 0.0000000000
12734  37.253  -57.840  -11.558 0.0000000000
13663  38.890  -56.955  -11.767 0.0000000000
13675  38.043  -56.220  -12.302 0.0000000000
13673  40.439  -56.675  -12.139 0.0000000000
17890  31.343  -51.744  -13.527 0.0000000000
17880  29.870  -50.856  -12.207 0.0000000000
17900  30.632  -51.160  -13.846 0.0000000000
20483  29.190  -49.287  -14.001 0.0000000000
20496  28.785  -48.417  -14.032 0.0000000000
21398  27.844  -47.344  -12.528 0.0000000000
139121  29.567  -52.857  -2.764 0.0000000000
132265  29.440  -52.519  -3.140 0.0000000000
16911  29.410  -52.896  -3.962 0.0000000000
16132  29.854  -53.396  -8.237 0.0000000000
16139  30.794  -54.028  -9.855 0.0000000000
12737  33.687  -57.293  -11.314 0.0000000000
13654  33.055  -56.996  -10.982 0.0000000000
13666  33.361  -56.371  -11.513 0.0000000000
14540  33.777  -54.891  -12.325 0.0000000000
14526  33.258  -55.429  -11.799 0.0000000000
15342  33.026  -54.600  -11.980 0.0000000000
16153  32.046  -53.527  -11.760 0.0000000000
15356  32.755  -53.820  -12.160 0.0000000000
16160  32.439  -53.133  -12.440 0.0000000000
16173  33.615  -53.118  -13.291 0.0000000000
16183  35.719  -53.445  -14.608 0.0000000000
120663  34.974  -53.288  -15.106 0.0000000000
16196  35.528  -53.371  -15.502 0.0000000000
16211  35.231  -53.256  -16.199 0.0000000000
16210  36.081  -53.407  -16.192 0.0000000000
13745  42.341  -55.627  -17.600 0.0000000000
15390  43.104  -54.917  -16.208 0.0000000000
14568  42.897  -55.087  -15.742 0.0000000000
16190  42.368  -54.633  -15.211 0.0000000000
16191  41.467  -54.161  -15.267 0.0000000000
16179  39.739  -53.899  -14.847 0.0000000000
16192  40.387  -53.854  -15.493 0.0000000000
17037  39.937  -53.035  -17.965 0.0000000000
16224  39.342  -53.382  -17.346 0.0000000000
17038  38.912  -52.801  -18.133 0.0000000000
17039  37.772  -52.704  -18.104 0.0000000000
17056  38.372  -52.122  -18.444 0.0000000000
16919  37.558  -52.721  -4.513 0.0000000000
16908  37.253  -52.739  -3.823 0.0000000000
16910  35.888  -51.926  -3.186 0.0000000000
16898  35.584  -52.260  -2.378 0.0000000000
16043  33.443  -53.571  -0.285 0.0000000000
16042  34.374  -53.716  -0.456 0.0000000000
16866  33.029  -52.793  -0.539 0.0000000000
16867  32.125  -52.755  -0.480 0.0000000000
16868  31.289  -52.863  -0.606 0.0000000000
16045  30.996  -53.500  -0.423 0.0000000000
14421  29.713  -55.565  -2.098 0.0000000000
15261  29.706  -54.658  -2.072 0.0000000000
14441  30.380  -55.615  -3.528 0.0000000000
14462  30.948  -55.784  -4.380 0.0000000000
13584  30.779  -56.258  -3.758 0.0000000000
11855  33.179  -58.274  -5.016 0.0000000000
12661  32.567  -57.650  -4.778 0.0000000000
12671  32.879  -57.571  -5.468 0.0000000000
19607  28.534  -49.412  -10.974 0.0000000000
19591  28.497  -49.626  -9.946 0.0000000000
20435  27.850  -48.324  -9.684 0.0000000000
124001  27.969  -46.759  -7.499 0.0000000000
17019  32.413  -52.089  -15.526 0.0000000000
138707  31.401  -51.379  -15.138 0.0000000000
15287  30.337  -54.540  -4.898 0.0000000000
15288  29.859  -53.854  -4.933 0.0000000000
15308  30.421  -54.458  -6.300 0.0000000000
15320  31.070  -55.019  -8.808 0.0000000000
13677  35.802  -56.309  -12.372 0.0000000000
13678  34.866  -56.135  -12.318 0.0000000000
14538  35.544  -55.427  -12.576 0.0000000000
15353  35.349  -54.540  -12.823 0.0000000000
15354  34.394  -54.178  -12.747 0.0000000000
16172  34.428  -53.455  -13.388 0.0000000000
16171  35.533  -53.589  -13.761 0.0000000000
16170  36.381  -53.654  -13.940 0.0000000000
16181  37.414  -53.616  -14.934 0.0000000000
16222  41.424  -53.642  -16.953 0.0000000000
138828  41.843  -53.371  -17.505 0.0000000000
17053  41.772  -52.736  -18.192 0.0000000000
131460  32.099  -53.938  0.123 0.0000000000
121937  30.553  -54.075  -0.474 0.0000000000
15239  30.623  -54.780  -0.126 0.0000000000
14391  30.130  -55.401  -0.453 0.0000000000
13552  29.657  -56.042  -1.482 0.0000000000
18736  28.498  -50.558  -7.467 0.0000000000
126701  28.297  -48.985  -6.585 0.0000000000
21357  27.552  -47.176  -10.761 0.0000000000
21346  27.620  -47.528  -9.850 0.0000000000
118882  27.517  -46.682  -9.948 0.0000000000
23251  27.663  -45.459  -8.770 0.0000000000
12701  32.758  -57.381  -8.274 0.0000000000
12710  32.634  -57.282  -9.202 0.0000000000
120623  33.164  -57.789  -9.721 0.0000000000
12720  34.020  -58.083  -10.947 0.0000000000
127212  34.505  -57.610  -11.514 0.0000000000
12735  36.098  -57.778  -11.732 0.0000000000
12752  36.092  -57.002  -12.158 0.0000000000
13676  36.821  -56.465  -12.308 0.0000000000
139803  38.592  -55.763  -12.438 0.0000000000
16990  30.319  -51.900  -11.194 0.0000000000
17865  29.668  -51.468  -10.595 0.0000000000
17871  29.805  -51.127  -11.451 0.0000000000
18780  29.398  -50.367  -11.793 0.0000000000
19621  28.885  -49.666  -11.776 0.0000000000
18785  29.945  -50.519  -13.673 0.0000000000
19633  28.776  -49.282  -12.492 0.0000000000
120190  28.424  -48.949  -11.835 0.0000000000
21379  27.645  -47.280  -11.711 0.0000000000
22350  27.511  -46.471  -11.448 0.0000000000
17944  35.307  -51.254  -18.379 0.0000000000
17756  30.699  -51.167  -1.809 0.0000000000
129823  30.954  -50.622  -2.016 0.0000000000
17774  30.025  -51.515  -2.181 0.0000000000
135145  29.758  -52.935  -8.957 0.0000000000
16972  30.002  -52.727  -9.752 0.0000000000
14519  31.688  -55.298  -10.119 0.0000000000
14527  32.594  -55.090  -11.424 0.0000000000
15336  31.385  -54.419  -10.369 0.0000000000
16147  31.104  -53.675  -10.598 0.0000000000
16981  30.861  -53.098  -10.814 0.0000000000
16989  30.914  -52.624  -11.350 0.0000000000
16161  31.618  -52.754  -12.066 0.0000000000
16996  32.128  -52.563  -12.853 0.0000000000
17007  32.419  -52.448  -13.597 0.0000000000
16185  34.010  -52.935  -13.995 0.0000000000
17012  33.451  -52.685  -14.674 0.0000000000
17013  32.581  -52.356  -14.559 0.0000000000
17018  33.665  -52.712  -15.573 0.0000000000
17027  33.823  -52.571  -16.663 0.0000000000
17042  35.124  -52.621  -17.580 0.0000000000
14534  40.189  -55.807  -12.516 0.0000000000
14587  42.589  -55.470  -16.607 0.0000000000
15364  41.067  -54.818  -13.516 0.0000000000
16167  39.332  -54.164  -13.924 0.0000000000
136374  39.528  -54.033  -14.321 0.0000000000
131044  38.143  -53.638  -15.150 0.0000000000
129687  38.238  -53.584  -15.861 0.0000000000
16206  39.856  -53.640  -16.420 0.0000000000
16207  38.831  -53.573  -16.413 0.0000000000
16208  37.870  -53.518  -16.586 0.0000000000
16227  36.423  -53.287  -17.184 0.0000000000
17041  35.941  -52.786  -17.737 0.0000000000
17927  35.538  -52.104  -18.169 0.0000000000
17943  36.843  -51.259  -18.513 0.0000000000
16932  37.032  -51.955  -5.573 0.0000000000
16931  37.568  -52.514  -5.256 0.0000000000
17784  36.206  -51.667  -4.068 0.0000000000
17785  35.383  -51.202  -3.621 0.0000000000
17772  34.429  -51.329  -2.398 0.0000000000
17753  33.016  -51.364  -1.474 0.0000000000
15251  36.038  -53.910  -1.088 0.0000000000
16070  36.017  -52.918  -2.015 0.0000000000
16883  34.406  -52.413  -1.335 0.0000000000
16884  33.515  -52.175  -1.054 0.0000000000
17754  31.985  -51.463  -1.276 0.0000000000
17755  31.093  -51.616  -1.330 0.0000000000
16888  29.961  -52.864  -1.767 0.0000000000
16071  29.678  -53.186  -2.396 0.0000000000
16047  30.069  -53.934  -1.013 0.0000000000
132307  29.781  -54.534  -2.868 0.0000000000
15273  29.754  -54.078  -3.331 0.0000000000
119805  30.734  -55.158  -4.879 0.0000000000
14479  31.235  -55.601  -5.298 0.0000000000
13621  32.093  -56.454  -6.351 0.0000000000
132417  32.182  -56.738  -5.357 0.0000000000
13620  32.557  -57.024  -6.041 0.0000000000
13633  32.530  -56.931  -6.816 0.0000000000
119807  28.599  -50.152  -9.319 0.0000000000
124448  28.146  -49.039  -8.217 0.0000000000
20416  28.208  -48.331  -6.966 0.0000000000
21327  27.793  -47.418  -8.257 0.0000000000
118557  28.081  -47.579  -7.295 0.0000000000
11904  34.498  -58.815  -10.451 0.0000000000
12692  33.012  -57.548  -7.236 0.0000000000
12709  33.175  -57.879  -8.788 0.0000000000
12721  33.345  -57.616  -10.596 0.0000000000
12751  36.740  -57.232  -11.968 0.0000000000
13599  31.594  -56.296  -4.818 0.0000000000
13640  32.294  -56.771  -8.618 0.0000000000
13662  39.971  -56.988  -11.713 0.0000000000
13664  35.223  -57.105  -12.012 0.0000000000
13667  32.800  -55.785  -11.321 0.0000000000
14392  29.772  -55.270  -1.240 0.0000000000
14420  30.059  -55.837  -2.779 0.0000000000
14442  29.910  -55.181  -2.827 0.0000000000
14492  31.049  -55.204  -6.327 0.0000000000
14500  31.504  -55.782  -7.727 0.0000000000
14518  32.313  -55.579  -10.806 0.0000000000
14525  33.977  -55.836  -12.168 0.0000000000
14577  42.684  -55.255  -15.761 0.0000000000
15222  32.049  -54.621  0.356 0.0000000000
15238  31.323  -54.164  0.011 0.0000000000
15252  29.849  -54.450  -1.364 0.0000000000
15272  30.413  -55.028  -4.240 0.0000000000
15302  30.155  -54.175  -5.612 0.0000000000
15328  31.171  -54.729  -9.589 0.0000000000
15335  31.981  -54.789  -10.907 0.0000000000
15344  31.678  -54.001  -11.100 0.0000000000
15351  37.667  -54.707  -13.048 0.0000000000
15365  40.079  -54.612  -13.398 0.0000000000
15366  38.965  -54.435  -13.445 0.0000000000
15367  37.818  -54.269  -13.488 0.0000000000
15370  35.133  -53.873  -13.230 0.0000000000
15378  41.210  -54.558  -14.028 0.0000000000
15383  42.757  -54.959  -15.331 0.0000000000
15384  42.439  -54.943  -14.707 0.0000000000
16041  35.316  -53.954  -0.671 0.0000000000
16060  29.814  -53.750  -1.760 0.0000000000
16091  38.077  -53.085  -4.911 0.0000000000
16128  29.821  -53.554  -7.415 0.0000000000
16140  30.250  -53.541  -9.219 0.0000000000
16158  33.849  -53.602  -12.883 0.0000000000
16159  33.191  -53.390  -12.704 0.0000000000
16169  37.365  -53.767  -14.090 0.0000000000
16178  40.847  -54.189  -14.637 0.0000000000
16180  38.844  -53.832  -14.545 0.0000000000
16182  36.634  -53.568  -14.701 0.0000000000
16189  42.867  -54.582  -16.169 0.0000000000
16193  38.859  -53.672  -15.404 0.0000000000
16195  36.147  -53.463  -15.295 0.0000000000
16205  40.928  -53.773  -16.218 0.0000000000
16209  37.000  -53.488  -16.484 0.0000000000
16226  37.345  -53.288  -17.358 0.0000000000
16865  33.942  -52.945  -0.731 0.0000000000
16869  30.717  -53.096  -0.787 0.0000000000
16882  35.235  -52.657  -1.653 0.0000000000
16885  32.562  -52.069  -0.867 0.0000000000
16887  30.640  -52.442  -1.189 0.0000000000
16897  36.325  -52.559  -2.761 0.0000000000
16900  29.702  -52.397  -2.400 0.0000000000
16909  36.600  -52.307  -3.579 0.0000000000
16961  29.442  -52.618  -8.323 0.0000000000
16982  30.442  -52.615  -10.597 0.0000000000
16997  31.457  -52.139  -12.765 0.0000000000
17006  33.165  -52.716  -13.840 0.0000000000
17008  31.847  -52.191  -13.344 0.0000000000
17017  34.518  -53.073  -15.847 0.0000000000
17026  34.747  -52.948  -16.831 0.0000000000
17028  33.018  -52.338  -16.103 0.0000000000
17035  42.709  -53.374  -17.592 0.0000000000
17036  40.948  -53.175  -17.773 0.0000000000
17040  36.802  -52.792  -17.849 0.0000000000
17043  34.394  -52.426  -17.412 0.0000000000
17058  36.344  -52.168  -18.244 0.0000000000
17752  34.005  -51.665  -1.684 0.0000000000
17771  35.167  -51.599  -2.746 0.0000000000
17773  33.647  -51.014  -2.147 0.0000000000
17787  29.475  -51.699  -2.899 0.0000000000
17847  29.104  -51.946  -8.429 0.0000000000
17858  29.522  -51.806  -9.828 0.0000000000
17878  30.822  -51.580  -12.854 0.0000000000
17879  30.346  -51.410  -12.093 0.0000000000
17898  31.873  -51.847  -14.913 0.0000000000
17899  31.321  -51.524  -14.394 0.0000000000
17919  33.131  -51.995  -16.856 0.0000000000
18651  31.402  -50.991  -1.667 0.0000000000
18664  31.605  -50.419  -2.099 0.0000000000
18665  30.346  -50.696  -2.300 0.0000000000
18681  33.740  -50.172  -3.247 0.0000000000
18756  29.227  -51.117  -9.928 0.0000000000
18757  28.869  -50.412  -9.970 0.0000000000
18772  28.828  -50.044  -10.581 0.0000000000
18781  29.001  -50.035  -11.183 0.0000000000
18792  29.500  -49.969  -13.569 0.0000000000
18799  30.862  -51.001  -14.888 0.0000000000
18801  29.680  -49.943  -14.286 0.0000000000
18836  34.424  -50.879  -18.238 0.0000000000
18851  35.249  -50.448  -18.397 0.0000000000
19565  28.306  -49.693  -6.982 0.0000000000
19576  28.313  -49.706  -7.926 0.0000000000
19585  28.304  -49.502  -8.908 0.0000000000
19632  29.186  -49.858  -12.375 0.0000000000
19636  29.177  -49.616  -13.072 0.0000000000
19637  28.745  -48.915  -13.270 0.0000000000
20428  28.004  -48.303  -7.938 0.0000000000
20444  28.141  -48.838  -10.299 0.0000000000
20445  27.766  -48.070  -10.496 0.0000000000
20460  27.977  -48.096  -11.987 0.0000000000
20461  27.741  -47.861  -11.223 0.0000000000
20484  28.440  -48.154  -13.340 0.0000000000
21311  28.252  -46.929  -6.665 0.0000000000
21328  27.608  -46.997  -9.126 0.0000000000
21345  27.714  -47.832  -9.052 0.0000000000
22289  28.245  -46.197  -6.894 0.0000000000
22290  27.960  -46.055  -7.562 0.0000000000
22313  27.548  -46.150  -9.297 0.0000000000
22375  27.641  -46.624  -12.271 0.0000000000
24212  27.631  -44.735  -9.187 0.0000000000
118718  30.212  -50.978  -12.902 0.0000000000
119083  35.235  -57.924  -11.570 0.0000000000
119472  31.654  -55.973  -5.896 0.0000000000
120844  41.743  -54.945  -13.813 0.0000000000
121889  31.410  -55.336  -9.342 0.0000000000
122773  32.427  -56.852  -7.727 0.0000000000
122978  32.312  -50.973  -16.881 0.0000000000
123597  28.203  -49.019  -7.432 0.0000000000
124090  37.242  -55.728  -12.545 0.0000000000
125109  29.984  -54.216  -4.145 0.0000000000
125259  28.545  -47.761  -5.609 0.0000000000
126635  29.149  -51.541  -9.153 0.0000000000
127172  29.581  -53.299  -3.130 0.0000000000
127721  28.138  -48.985  -9.538 0.0000000000
128584  27.505  -45.980  -9.982 0.0000000000
129686  37.567  -53.557  -15.763 0.0000000000
129795  37.071  -55.079  -12.831 0.0000000000
129868  30.257  -56.029  -0.127 0.0000000000
130692  32.546  -53.450  -0.197 0.0000000000
130992  39.626  -57.581  -11.400 0.0000000000
131632  29.701  -53.918  -2.583 0.0000000000
134505  29.659  -53.548  -4.335 0.0000000000
134926  28.139  -47.910  -12.775 0.0000000000
135134  30.493  -53.554  -0.753 0.0000000000
135304  27.826  -48.047  -8.529 0.0000000000
136191  30.513  -51.769  -1.647 0.0000000000
136630  34.987  -53.536  -13.622 0.0000000000
138258  33.254  -49.969  -3.006 0.0000000000
138819  29.716  -52.248  -9.775 0.0000000000
138852  36.006  -51.477  -18.411 0.0000000000
139239  32.996  -52.466  -15.308 0.0000000000
139669  35.055  -53.278  -15.664 0.0000000000
