#!ascii label  , from subject sub-p018 vox2ras=TkReg
320
75775  25.122  10.137  -33.278 0.0000000000
136604  21.872  -1.449  -31.144 0.0000000000
79391  25.226  15.307  -34.132 0.0000000000
89810  20.612  27.157  -38.773 0.0000000000
123626  20.308  -4.253  -30.313 0.0000000000
80991  24.023  17.018  -38.448 0.0000000000
84303  21.368  20.247  -39.350 0.0000000000
117698  21.898  8.091  -31.258 0.0000000000
128338  22.582  4.558  -31.030 0.0000000000
73001  24.744  6.647  -34.151 0.0000000000
77663  25.670  12.021  -36.829 0.0000000000
73971  26.038  8.334  -36.541 0.0000000000
77609  25.188  12.629  -32.729 0.0000000000
79415  25.206  14.840  -37.833 0.0000000000
128583  21.757  23.982  -37.858 0.0000000000
86696  19.426  23.203  -40.275 0.0000000000
66862  23.140  0.912  -32.073 0.0000000000
83424  22.869  19.575  -37.868 0.0000000000
85157  22.087  21.115  -38.165 0.0000000000
74837  23.347  9.198  -31.555 0.0000000000
72974  23.441  7.390  -31.443 0.0000000000
73946  24.703  8.260  -33.694 0.0000000000
135275  20.682  -2.449  -30.386 0.0000000000
79376  25.353  14.072  -33.406 0.0000000000
126144  25.437  13.934  -35.750 0.0000000000
79400  25.362  14.736  -35.771 0.0000000000
82589  22.185  18.349  -40.187 0.0000000000
81008  24.010  17.065  -40.213 0.0000000000
129081  21.673  26.966  -37.520 0.0000000000
87411  23.183  24.075  -36.097 0.0000000000
88154  21.238  25.556  -38.404 0.0000000000
125263  15.431  28.216  -43.169 0.0000000000
88960  16.570  26.766  -42.054 0.0000000000
88171  18.661  24.806  -40.634 0.0000000000
87443  18.606  24.459  -41.141 0.0000000000
86703  19.255  23.199  -40.866 0.0000000000
70335  23.748  3.968  -32.630 0.0000000000
69492  22.941  2.819  -31.987 0.0000000000
62353  19.615  -4.438  -30.117 0.0000000000
80985  25.061  16.384  -35.949 0.0000000000
81750  24.161  18.066  -37.068 0.0000000000
82573  22.271  18.786  -39.254 0.0000000000
84318  21.119  20.394  -40.696 0.0000000000
127789  21.026  5.121  -30.728 0.0000000000
72046  21.609  6.397  -30.877 0.0000000000
71154  23.679  5.461  -31.865 0.0000000000
71167  24.510  5.013  -33.290 0.0000000000
75792  25.432  10.586  -35.138 0.0000000000
74881  24.955  8.827  -34.975 0.0000000000
75815  25.699  10.375  -37.027 0.0000000000
75760  23.840  10.092  -31.653 0.0000000000
126990  24.045  11.750  -31.630 0.0000000000
75758  25.156  10.953  -32.992 0.0000000000
117645  25.678  12.173  -35.230 0.0000000000
78549  25.537  13.521  -37.652 0.0000000000
133959  25.413  14.383  -39.045 0.0000000000
80998  24.495  16.263  -38.912 0.0000000000
80218  25.324  15.704  -39.991 0.0000000000
85952  22.740  22.449  -37.123 0.0000000000
89821  18.598  26.963  -40.410 0.0000000000
88162  19.774  25.505  -39.563 0.0000000000
129187  20.346  23.951  -39.191 0.0000000000
85968  21.054  22.505  -38.820 0.0000000000
125292  20.172  22.023  -39.863 0.0000000000
85178  20.343  21.436  -40.773 0.0000000000
66844  20.573  0.541  -30.500 0.0000000000
69479  21.501  3.315  -30.625 0.0000000000
127059  25.020  7.383  -35.487 0.0000000000
72067  25.403  5.759  -34.145 0.0000000000
84294  23.155  20.266  -37.337 0.0000000000
84285  22.787  21.042  -37.480 0.0000000000
74836  24.319  9.314  -32.101 0.0000000000
73919  24.099  8.461  -31.943 0.0000000000
74869  24.847  9.274  -33.112 0.0000000000
60415  18.990  -6.835  -29.590 0.0000000000
61353  19.645  -6.428  -30.047 0.0000000000
65148  21.358  -1.923  -30.734 0.0000000000
79377  25.222  14.862  -33.363 0.0000000000
79390  25.395  14.489  -34.132 0.0000000000
80195  25.324  14.870  -34.833 0.0000000000
83446  21.931  19.657  -40.582 0.0000000000
122803  22.426  18.780  -40.472 0.0000000000
89809  21.236  27.104  -38.118 0.0000000000
88918  22.009  26.386  -37.257 0.0000000000
88146  21.794  25.580  -37.696 0.0000000000
88927  20.937  26.343  -38.593 0.0000000000
88173  17.873  26.009  -41.531 0.0000000000
88185  18.357  25.284  -41.720 0.0000000000
69500  24.133  3.644  -32.894 0.0000000000
69491  23.593  3.063  -32.626 0.0000000000
65150  19.533  -1.320  -30.049 0.0000000000
124116  24.753  17.170  -35.740 0.0000000000
81749  24.501  17.691  -36.456 0.0000000000
83433  22.294  19.559  -38.547 0.0000000000
82568  22.708  19.027  -38.421 0.0000000000
83434  21.728  19.486  -39.296 0.0000000000
82574  21.635  18.820  -39.894 0.0000000000
83439  21.328  19.575  -39.970 0.0000000000
90734  20.346  28.774  -38.369 0.0000000000
72975  22.500  7.111  -31.016 0.0000000000
72990  24.325  6.925  -32.802 0.0000000000
72044  23.503  6.499  -31.469 0.0000000000
72057  24.093  6.117  -32.420 0.0000000000
123074  24.201  5.358  -32.879 0.0000000000
72056  24.545  5.798  -33.518 0.0000000000
61368  20.262  -5.022  -30.305 0.0000000000
116553  25.486  11.111  -36.650 0.0000000000
134641  25.401  10.046  -36.178 0.0000000000
76765  25.891  11.417  -37.182 0.0000000000
117631  22.295  9.652  -31.430 0.0000000000
120765  24.588  13.036  -32.165 0.0000000000
77610  24.656  12.199  -32.127 0.0000000000
76709  24.661  11.335  -32.186 0.0000000000
76708  25.187  11.820  -32.765 0.0000000000
76722  25.426  11.529  -33.633 0.0000000000
77642  25.532  12.185  -34.138 0.0000000000
79408  25.347  14.104  -36.495 0.0000000000
78544  25.548  13.443  -36.243 0.0000000000
126958  25.436  13.658  -36.930 0.0000000000
78556  25.644  13.711  -38.613 0.0000000000
78550  25.230  14.175  -38.244 0.0000000000
80990  24.718  16.435  -37.692 0.0000000000
81007  24.652  16.311  -40.008 0.0000000000
81013  25.400  16.359  -40.671 0.0000000000
87418  22.479  23.885  -37.118 0.0000000000
86672  23.364  23.124  -35.955 0.0000000000
86673  22.884  23.165  -36.671 0.0000000000
85951  23.192  22.431  -36.502 0.0000000000
86681  22.011  23.191  -37.729 0.0000000000
90783  15.842  27.854  -42.264 0.0000000000
90785  15.358  29.054  -42.181 0.0000000000
89822  17.905  27.433  -40.739 0.0000000000
88949  18.136  26.247  -40.854 0.0000000000
87434  19.235  24.661  -40.020 0.0000000000
128296  19.534  23.888  -39.812 0.0000000000
86688  20.683  23.231  -38.970 0.0000000000
85969  20.351  22.544  -39.419 0.0000000000
85159  20.698  21.827  -39.348 0.0000000000
85977  19.767  22.548  -40.010 0.0000000000
86713  19.405  23.126  -41.224 0.0000000000
85985  19.514  22.683  -41.049 0.0000000000
85994  19.890  22.468  -41.205 0.0000000000
85188  20.448  21.607  -41.181 0.0000000000
119657  19.604  0.608  -30.452 0.0000000000
70325  21.597  4.601  -30.666 0.0000000000
128497  21.285  3.995  -30.634 0.0000000000
129223  22.151  3.885  -30.749 0.0000000000
67751  22.890  1.425  -32.057 0.0000000000
138929  22.557  2.162  -31.379 0.0000000000
139749  22.667  0.834  -31.689 0.0000000000
118080  22.710  0.282  -31.600 0.0000000000
74895  25.241  8.947  -35.794 0.0000000000
73955  25.037  8.041  -35.639 0.0000000000
122654  25.458  7.378  -35.961 0.0000000000
82561  24.297  18.526  -36.375 0.0000000000
83423  23.445  19.473  -37.199 0.0000000000
84295  22.493  20.290  -37.983 0.0000000000
84302  21.841  20.222  -38.627 0.0000000000
73920  22.698  8.594  -31.378 0.0000000000
126669  22.830  7.894  -31.268 0.0000000000
126510  23.464  8.209  -31.535 0.0000000000
128659  24.303  7.852  -32.463 0.0000000000
119801  24.514  7.608  -33.316 0.0000000000
63326  20.672  -3.449  -30.382 0.0000000000
62352  20.925  -4.382  -30.382 0.0000000000
63325  21.327  -3.562  -30.403 0.0000000000
63308  21.597  -3.906  -29.925 0.0000000000
132224  25.982  12.486  -37.313 0.0000000000
77662  26.614  12.224  -37.635 0.0000000000
78491  25.195  13.505  -32.813 0.0000000000
137407  25.416  13.539  -33.459 0.0000000000
131996  25.559  12.837  -34.474 0.0000000000
78525  25.482  13.616  -34.175 0.0000000000
79399  25.425  14.148  -34.985 0.0000000000
79409  25.299  14.831  -36.865 0.0000000000
81776  22.687  18.060  -39.633 0.0000000000
80999  23.901  16.889  -39.524 0.0000000000
81775  23.281  17.564  -39.878 0.0000000000
132905  23.646  18.075  -40.500 0.0000000000
87419  22.116  24.796  -37.414 0.0000000000
87426  21.522  24.779  -38.157 0.0000000000
139787  15.901  27.205  -42.400 0.0000000000
89830  16.810  27.167  -41.663 0.0000000000
88172  18.306  25.314  -41.082 0.0000000000
87442  18.946  23.902  -40.601 0.0000000000
86704  18.933  23.706  -41.155 0.0000000000
87455  18.821  24.399  -41.533 0.0000000000
70336  22.990  3.689  -31.786 0.0000000000
68666  23.230  2.186  -32.353 0.0000000000
61369  19.497  -5.397  -30.068 0.0000000000
63328  18.933  -3.686  -29.818 0.0000000000
64302  19.828  -2.727  -30.027 0.0000000000
135298  19.909  -2.005  -30.009 0.0000000000
65149  20.485  -1.609  -30.338 0.0000000000
65168  21.181  -1.122  -30.715 0.0000000000
80970  24.969  16.157  -34.165 0.0000000000
80196  25.185  15.675  -35.163 0.0000000000
80977  24.923  16.642  -34.999 0.0000000000
81756  24.718  16.872  -36.663 0.0000000000
81757  24.326  17.353  -37.385 0.0000000000
82562  23.760  18.690  -37.133 0.0000000000
126101  23.662  17.963  -37.937 0.0000000000
82581  21.952  18.316  -40.005 0.0000000000
82582  21.697  18.848  -40.200 0.0000000000
83452  21.440  20.245  -40.665 0.0000000000
89807  21.471  27.816  -37.389 0.0000000000
89808  20.805  27.922  -38.206 0.0000000000
90748  20.181  27.994  -38.929 0.0000000000
71157  20.854  5.792  -30.883 0.0000000000
71156  21.874  5.420  -30.738 0.0000000000
72045  22.732  6.022  -31.041 0.0000000000
71155  22.943  5.190  -31.219 0.0000000000
71169  23.397  4.580  -31.856 0.0000000000
70344  24.341  4.340  -33.014 0.0000000000
69499  24.601  3.911  -33.099 0.0000000000
75774  25.380  10.562  -34.100 0.0000000000
74868  25.128  9.563  -34.083 0.0000000000
115949  25.255  9.753  -35.067 0.0000000000
74910  25.771  9.588  -36.833 0.0000000000
75825  26.250  10.546  -37.408 0.0000000000
74919  26.400  9.672  -37.300 0.0000000000
127086  26.916  8.995  -37.043 0.0000000000
136752  22.581  9.116  -31.435 0.0000000000
75759  24.606  10.306  -32.349 0.0000000000
76710  24.043  10.927  -31.660 0.0000000000
76739  25.553  11.371  -34.652 0.0000000000
116774  25.609  11.784  -36.215 0.0000000000
78534  25.571  13.253  -35.280 0.0000000000
77656  25.707  12.622  -36.140 0.0000000000
77669  26.145  13.020  -38.036 0.0000000000
78565  25.962  13.982  -39.340 0.0000000000
80203  25.274  15.598  -36.319 0.0000000000
80207  25.205  15.629  -37.324 0.0000000000
80211  25.065  15.668  -38.310 0.0000000000
119977  25.022  15.667  -39.264 0.0000000000
79420  25.238  14.948  -38.680 0.0000000000
136880  25.362  15.127  -39.332 0.0000000000
85140  23.070  21.756  -37.011 0.0000000000
124362  19.470  27.949  -39.545 0.0000000000
89815  18.729  27.793  -40.142 0.0000000000
89813  19.955  27.162  -39.401 0.0000000000
88937  20.285  26.352  -39.218 0.0000000000
88155  20.542  25.541  -39.003 0.0000000000
129192  20.806  24.751  -38.781 0.0000000000
88163  19.058  25.478  -40.149 0.0000000000
87433  20.048  24.710  -39.408 0.0000000000
129193  21.121  23.992  -38.574 0.0000000000
131188  21.418  23.242  -38.371 0.0000000000
85961  21.684  22.499  -38.184 0.0000000000
85150  22.473  21.793  -37.553 0.0000000000
85158  21.403  21.666  -38.636 0.0000000000
125571  21.479  20.828  -38.774 0.0000000000
85167  21.014  21.036  -39.361 0.0000000000
85978  19.575  22.623  -40.656 0.0000000000
85169  19.984  22.013  -40.442 0.0000000000
84309  20.961  20.517  -39.979 0.0000000000
84319  20.744  20.801  -40.981 0.0000000000
84327  20.880  21.004  -41.270 0.0000000000
66021  20.973  -0.247  -30.589 0.0000000000
68652  20.644  2.633  -30.588 0.0000000000
69478  22.447  3.088  -30.994 0.0000000000
120216  21.833  2.632  -30.661 0.0000000000
68651  21.549  1.949  -30.638 0.0000000000
121154  21.879  0.453  -30.976 0.0000000000
66020  22.014  -0.574  -31.223 0.0000000000
133462  24.876  8.769  -34.137 0.0000000000
126008  24.678  7.446  -34.272 0.0000000000
73008  25.426  6.900  -35.495 0.0000000000
72074  25.380  6.440  -34.763 0.0000000000
72068  24.979  5.900  -34.198 0.0000000000
123543  24.894  5.294  -33.790 0.0000000000
66861  23.217  0.359  -31.835 0.0000000000
69490  24.182  3.094  -32.926 0.0000000000
71168  23.984  4.736  -32.724 0.0000000000
72973  24.022  7.639  -31.911 0.0000000000
72991  23.984  6.923  -31.890 0.0000000000
73009  24.890  7.042  -34.993 0.0000000000
73933  24.498  8.493  -32.704 0.0000000000
73956  24.766  7.919  -34.831 0.0000000000
73964  25.509  8.147  -36.203 0.0000000000
74838  21.986  8.954  -31.411 0.0000000000
74909  26.258  8.944  -36.811 0.0000000000
75745  23.220  10.719  -31.498 0.0000000000
75824  27.087  10.268  -37.642 0.0000000000
76750  25.495  11.169  -35.711 0.0000000000
76764  26.858  11.284  -37.547 0.0000000000
77627  25.461  12.942  -33.552 0.0000000000
79414  25.227  14.138  -37.363 0.0000000000
80223  25.176  16.154  -40.532 0.0000000000
81765  23.367  17.579  -39.070 0.0000000000
81766  22.970  18.360  -38.700 0.0000000000
81784  23.395  17.706  -40.292 0.0000000000
81785  22.585  17.985  -40.080 0.0000000000
82567  23.228  18.853  -37.862 0.0000000000
83440  20.812  20.341  -40.018 0.0000000000
83447  21.450  19.857  -40.347 0.0000000000
84310  20.685  20.851  -40.491 0.0000000000
84326  21.139  20.583  -41.063 0.0000000000
85151  21.960  21.909  -38.005 0.0000000000
85168  20.473  21.341  -40.067 0.0000000000
85179  19.846  22.094  -40.985 0.0000000000
85960  22.235  22.484  -37.636 0.0000000000
86680  22.488  23.047  -37.263 0.0000000000
86695  19.937  23.201  -39.582 0.0000000000
88959  17.188  26.463  -41.847 0.0000000000
89814  19.217  27.081  -39.918 0.0000000000
89831  16.158  27.459  -42.010 0.0000000000
89839  15.655  28.056  -42.624 0.0000000000
90784  15.502  28.778  -41.916 0.0000000000
116585  25.671  8.990  -36.403 0.0000000000
117068  23.029  10.041  -31.502 0.0000000000
118210  25.819  13.026  -36.915 0.0000000000
120362  22.903  18.223  -40.354 0.0000000000
127684  23.987  19.298  -36.492 0.0000000000
128738  25.418  12.228  -33.318 0.0000000000
130760  26.012  6.965  -35.908 0.0000000000
131125  18.526  25.544  -40.617 0.0000000000
131785  25.066  16.212  -36.800 0.0000000000
135152  23.421  11.366  -31.495 0.0000000000
139565  25.912  13.046  -37.458 0.0000000000
